Frame,Step Phase Forelimb,Step Phase Hindlimb,Time (s),rforelimb shoulder - X pose (m),rforelimb shoulder - X velocity (m/s),rforelimb shoulder - X acceleration (m/s^2),rforelimb shoulder - X jerk (m/s^3),rforelimb shoulder - Y pose (m),rforelimb shoulder - Y velocity (m/s),rforelimb shoulder - Y acceleration (m/s^2),rforelimb shoulder - Y jerk (m/s^3),rforelimb elbow - X pose (m),rforelimb elbow - X velocity (m/s),rforelimb elbow - X acceleration (m/s^2),rforelimb elbow - X jerk (m/s^3),rforelimb elbow - Y pose (m),rforelimb elbow - Y velocity (m/s),rforelimb elbow - Y acceleration (m/s^2),rforelimb elbow - Y jerk (m/s^3),rforelimb wrist - X pose (m),rforelimb wrist - X velocity (m/s),rforelimb wrist - X acceleration (m/s^2),rforelimb wrist - X jerk (m/s^3),rforelimb wrist - Y pose (m),rforelimb wrist - Y velocity (m/s),rforelimb wrist - Y acceleration (m/s^2),rforelimb wrist - Y jerk (m/s^3),rforelimb lForepaw - X pose (m),rforelimb lForepaw - X velocity (m/s),rforelimb lForepaw - X acceleration (m/s^2),rforelimb lForepaw - X jerk (m/s^3),rforelimb lForepaw - Y pose (m),rforelimb lForepaw - Y velocity (m/s),rforelimb lForepaw - Y acceleration (m/s^2),rforelimb lForepaw - Y jerk (m/s^3),rhindlimb hip - X pose (m),rhindlimb hip - X velocity (m/s),rhindlimb hip - X acceleration (m/s^2),rhindlimb hip - X jerk (m/s^3),rhindlimb hip - Y pose (m),rhindlimb hip - Y velocity (m/s),rhindlimb hip - Y acceleration (m/s^2),rhindlimb hip - Y jerk (m/s^3),rhindlimb knee - X pose (m),rhindlimb knee - X velocity (m/s),rhindlimb knee - X acceleration (m/s^2),rhindlimb knee - X jerk (m/s^3),rhindlimb knee - Y pose (m),rhindlimb knee - Y velocity (m/s),rhindlimb knee - Y acceleration (m/s^2),rhindlimb knee - Y jerk (m/s^3),rhindlimb ankle - X pose (m),rhindlimb ankle - X velocity (m/s),rhindlimb ankle - X acceleration (m/s^2),rhindlimb ankle - X jerk (m/s^3),rhindlimb ankle - Y pose (m),rhindlimb ankle - Y velocity (m/s),rhindlimb ankle - Y acceleration (m/s^2),rhindlimb ankle - Y jerk (m/s^3),rhindlimb lHindpaw - X pose (m),rhindlimb lHindpaw - X velocity (m/s),rhindlimb lHindpaw - X acceleration (m/s^2),rhindlimb lHindpaw - X jerk (m/s^3),rhindlimb lHindpaw - Y pose (m),rhindlimb lHindpaw - Y velocity (m/s),rhindlimb lHindpaw - Y acceleration (m/s^2),rhindlimb lHindpaw - Y jerk (m/s^3),rhindlimb lHindfingers - X pose (m),rhindlimb lHindfingers - X velocity (m/s),rhindlimb lHindfingers - X acceleration (m/s^2),rhindlimb lHindfingers - X jerk (m/s^3),rhindlimb lHindfingers - Y pose (m),rhindlimb lHindfingers - Y velocity (m/s),rhindlimb lHindfingers - Y acceleration (m/s^2),rhindlimb lHindfingers - Y jerk (m/s^3),spine head - X pose (m),spine head - X velocity (m/s),spine head - X acceleration (m/s^2),spine head - X jerk (m/s^3),spine head - Y pose (m),spine head - Y velocity (m/s),spine head - Y acceleration (m/s^2),spine head - Y jerk (m/s^3),spine spine 1 - X pose (m),spine spine 1 - X velocity (m/s),spine spine 1 - X acceleration (m/s^2),spine spine 1 - X jerk (m/s^3),spine spine 1 - Y pose (m),spine spine 1 - Y velocity (m/s),spine spine 1 - Y acceleration (m/s^2),spine spine 1 - Y jerk (m/s^3),spine spine 2 - X pose (m),spine spine 2 - X velocity (m/s),spine spine 2 - X acceleration (m/s^2),spine spine 2 - X jerk (m/s^3),spine spine 2 - Y pose (m),spine spine 2 - Y velocity (m/s),spine spine 2 - Y acceleration (m/s^2),spine spine 2 - Y jerk (m/s^3),spine spine 3 - X pose (m),spine spine 3 - X velocity (m/s),spine spine 3 - X acceleration (m/s^2),spine spine 3 - X jerk (m/s^3),spine spine 3 - Y pose (m),spine spine 3 - Y velocity (m/s),spine spine 3 - Y acceleration (m/s^2),spine spine 3 - Y jerk (m/s^3),spine spine 4 - X pose (m),spine spine 4 - X velocity (m/s),spine spine 4 - X acceleration (m/s^2),spine spine 4 - X jerk (m/s^3),spine spine 4 - Y pose (m),spine spine 4 - Y velocity (m/s),spine spine 4 - Y acceleration (m/s^2),spine spine 4 - Y jerk (m/s^3),spine base - X pose (m),spine base - X velocity (m/s),spine base - X acceleration (m/s^2),spine base - X jerk (m/s^3),spine base - Y pose (m),spine base - Y velocity (m/s),spine base - Y acceleration (m/s^2),spine base - Y jerk (m/s^3),tail base - X pose (m),tail base - X velocity (m/s),tail base - X acceleration (m/s^2),tail base - X jerk (m/s^3),tail base - Y pose (m),tail base - Y velocity (m/s),tail base - Y acceleration (m/s^2),tail base - Y jerk (m/s^3),rforelimb - CoM X (m),rforelimb - CoM Y (m),rhindlimb - CoM X (m),rhindlimb - CoM Y (m),spine - CoM X (m),spine - CoM Y (m),tail - CoM X (m),tail - CoM Y (m),Angle - rforelimb - shoulder (°),Angle - rforelimb - elbow (°),Angle - rforelimb - wrist (°),Angle - rforelimb - lForepaw (°),Angle - rhindlimb - hip (°),Angle - rhindlimb - knee (°),Angle - rhindlimb - ankle (°),Angle - rhindlimb - lHindpaw (°),Angle - rhindlimb - lHindfingers (°),Angle - spine - head (°),Angle - spine - spine 1 (°),Angle - spine - spine 2 (°),Angle - spine - spine 3 (°),Angle - spine - spine 4 (°),Angle - spine - base (°),Angle - tail - base (°),Angle - tail - tail 1 (°),Angle - tail - tail 2 (°),Angle - tail - tail 3 (°),Angle - tail - tail 4 (°),Angle velocity - rforelimb - shoulder (rad/s),Angle velocity - rforelimb - elbow (rad/s),Angle velocity - rforelimb - wrist (rad/s),Angle velocity - rforelimb - lForepaw (rad/s),Angle velocity - rhindlimb - hip (rad/s),Angle velocity - rhindlimb - knee (rad/s),Angle velocity - rhindlimb - ankle (rad/s),Angle velocity - rhindlimb - lHindpaw (rad/s),Angle velocity - rhindlimb - lHindfingers (rad/s),Angle velocity - spine - head (rad/s),Angle velocity - spine - spine 1 (rad/s),Angle velocity - spine - spine 2 (rad/s),Angle velocity - spine - spine 3 (rad/s),Angle velocity - spine - spine 4 (rad/s),Angle velocity - spine - base (rad/s),Angle velocity - tail - base (rad/s),Angle velocity - tail - tail 1 (rad/s),Angle velocity - tail - tail 2 (rad/s),Angle velocity - tail - tail 3 (rad/s),Angle velocity - tail - tail 4 (rad/s),Angle acceleration - rforelimb - shoulder (rad/s^2),Angle acceleration - rforelimb - elbow (rad/s^2),Angle acceleration - rforelimb - wrist (rad/s^2),Angle acceleration - rforelimb - lForepaw (rad/s^2),Angle acceleration - rhindlimb - hip (rad/s^2),Angle acceleration - rhindlimb - knee (rad/s^2),Angle acceleration - rhindlimb - ankle (rad/s^2),Angle acceleration - rhindlimb - lHindpaw (rad/s^2),Angle acceleration - rhindlimb - lHindfingers (rad/s^2),Angle acceleration - spine - head (rad/s^2),Angle acceleration - spine - spine 1 (rad/s^2),Angle acceleration - spine - spine 2 (rad/s^2),Angle acceleration - spine - spine 3 (rad/s^2),Angle acceleration - spine - spine 4 (rad/s^2),Angle acceleration - spine - base (rad/s^2),Angle acceleration - tail - base (rad/s^2),Angle acceleration - tail - tail 1 (rad/s^2),Angle acceleration - tail - tail 2 (rad/s^2),Angle acceleration - tail - tail 3 (rad/s^2),Angle acceleration - tail - tail 4 (rad/s^2),Phase - rforelimb - shoulder (°),Phase - rforelimb - elbow (°),Phase - rforelimb - wrist (°),Phase - rhindlimb - hip (°),Phase - rhindlimb - knee (°),Phase - rhindlimb - ankle (°),Phase - rhindlimb - lHindpaw (°),Phase - spine - head (°),Phase - spine - spine 1 (°),Phase - spine - spine 2 (°),Phase - spine - spine 3 (°),Phase - spine - spine 4 (°),Phase - tail - base (°),Phase - tail - tail 1 (°),Phase - tail - tail 2 (°),Phase - tail - tail 3 (°),Phase velocity - rforelimb - shoulder (rad/s),Phase velocity - rforelimb - elbow (rad/s),Phase velocity - rforelimb - wrist (rad/s),Phase velocity - rhindlimb - hip (rad/s),Phase velocity - rhindlimb - knee (rad/s),Phase velocity - rhindlimb - ankle (rad/s),Phase velocity - rhindlimb - lHindpaw (rad/s),Phase velocity - spine - head (rad/s),Phase velocity - spine - spine 1 (rad/s),Phase velocity - spine - spine 2 (rad/s),Phase velocity - spine - spine 3 (rad/s),Phase velocity - spine - spine 4 (rad/s),Phase velocity - tail - base (rad/s),Phase velocity - tail - tail 1 (rad/s),Phase velocity - tail - tail 2 (rad/s),Phase velocity - tail - tail 3 (rad/s),Phase acceleration - rforelimb - shoulder (rad/s^2),Phase acceleration - rforelimb - elbow (rad/s^2),Phase acceleration - rforelimb - wrist (rad/s^2),Phase acceleration - rhindlimb - hip (rad/s^2),Phase acceleration - rhindlimb - knee (rad/s^2),Phase acceleration - rhindlimb - ankle (rad/s^2),Phase acceleration - rhindlimb - lHindpaw (rad/s^2),Phase acceleration - spine - head (rad/s^2),Phase acceleration - spine - spine 1 (rad/s^2),Phase acceleration - spine - spine 2 (rad/s^2),Phase acceleration - spine - spine 3 (rad/s^2),Phase acceleration - spine - spine 4 (rad/s^2),Phase acceleration - tail - base (rad/s^2),Phase acceleration - tail - tail 1 (rad/s^2),Phase acceleration - tail - tail 2 (rad/s^2),Phase acceleration - tail - tail 3 (rad/s^2)
0,-,-,0.0,0.13518145733895534,13.585390464616026,29.346363485519984,-131902.90977023245,0.020389947560109256,2.028799782230871,-4.203700186302103,-20503.89321256824,0.13056487722242183,13.097811222306513,21.976327382999305,-127646.67157580417,0.01086830429802882,1.0085429858521415,-8.105924871734505,-10246.148589729335,0.1403643294711117,13.982239225149666,4.294761151760334,-137815.06894996518,0.0035975213394725813,0.28911484621217987,-7.432991831726375,-3092.393569109106,0.1460999523470113,14.55905188639948,4.468451511801492,-143768.86758299408,0.0030681153320861604,0.30527747554257295,-0.2789913118675084,-3123.0242482072667,0.10238106184914103,10.298429887358035,27.932670102013855,-98956.05356043048,0.025488903550387645,2.5214304346742256,-1.464189124639824,-24964.534794477953,0.09686159779472511,9.84644496167477,40.336635069738534,-93499.9149078311,0.01374586715503652,1.3653928637565296,-4.916167925305645,-13987.304789353533,0.08492324913411006,8.69700199962519,42.25922059765825,-82122.69633298628,0.017089927301432828,1.6596956447007654,-8.011678646167605,-17049.62697356593,0.08448076844013035,8.764526124351882,68.35530719468522,-80837.00014431626,0.008835892814447369,0.8791713350375132,0.0,-8704.01600970514,0.08536054421174459,8.973703464438564,79.38014821949453,-82890.17847932421,0.004250454784395605,0.4229202510473627,0.0,-4000.500920825833,0.16366813920264492,16.449711372414704,36.85683208518272,-159985.84531418586,0.019326801581310685,1.897257861079148,-4.517823043485313,-19145.88960522378,0.13714934196513204,13.788580494909397,21.19181655506824,-134501.19487709098,0.03153512402719609,3.1239454992481157,-1.8133498430179815,-31011.306766924085,0.12273876963755678,12.323192307677644,24.317680931082897,-119039.62785905643,0.03611993751221358,3.5717132271700596,-2.3408851274794085,-35604.05363921081,0.10694277663069393,10.769324882217088,26.775952261977366,-103710.35256279934,0.037715394579088304,3.7127017089690986,-7.040642733640088,-37351.28872446826,0.09440619899247614,9.488476523613997,26.345848463191786,-90747.69339359982,0.034034080114183934,3.3399622509307414,-8.908704103229834,-33617.18895335205,0.08154114851744432,8.244133901023837,30.9761861358084,-79020.87865658311,0.02527393704215118,2.496432309967135,-2.193988425999126,-24810.300096864477,0.08154114851744432,8.244133901023837,30.9761861358084,-79020.87865658311,0.02527393704215118,2.496432309967135,-2.193988425999126,-24810.300096864477,0.13805265409487505,0.009480972132424204,0.09080144428597023,0.013882209121139993,0.11774106249099137,0.030667545809357294,0.08154114851744432,0.02527393704215118,64.13351746856998,100.70738414247035,148.69967166853783,174.7264616575618,64.82552855630378,99.52633941393194,77.42043187616908,166.07048289901908,100.86095319504753,24.719681952357305,172.92911138195947,168.11874446624026,157.8678028242074,162.11270589542838,34.2519534798072,8.923923325179729,178.31306733610924,162.78775388745015,169.79912602079887,20.176129430461973,110.09622148558039,178.2002682079827,245.4946160680568,307.4933025058469,118.10964826210382,168.7291617021575,119.95585211242572,289.03188964796567,190.43953723605435,42.49860155712396,300.4588342987417,290.9459381562167,275.0982865030255,282.6055246776898,58.7466909359399,16.211774588649593,305.1579163271996,288.2820733302342,295.48223473829347,32.631408112176295,-297.238307185064,440.05111260498364,-1630.0700708704603,322.18604555741416,839.1949557346377,-656.6633964493477,-2282.8299785933773,880.168443059607,1585.19309481906,-54.56438495472974,55.961105261885976,-205.3967657736564,160.3324648348241,271.6372244326259,-227.96964380095366,83.80382420281207,-499.1912418019223,468.8004348425103,250.85405423835454,-304.2670714817516,244.13351746856998,323.4261333260996,354.72646165756174,244.82552855630377,164.35186797023573,266.9314360940666,280.8609531950475,155.28031804764268,162.3512066656832,174.23246219944298,196.3646593752356,214.2519534798072,171.07607667482029,172.76300933871102,189.97525545126086,200.17612943046197,422.68469051776486,557.0728913419665,624.1667443060941,430.6981172942881,286.8388099642613,479.47142688402,503.0280062682387,270.08986747506043,282.2195022085031,303.8620330844709,341.35221561362965,371.33515996812423,296.3766944435348,303.80724714851954,328.1136428504698,345.2198771443607,-297.23830718506844,-737.2894197900476,892.7806510804173,839.194955734642,182.5315592852921,2465.361537878667,1585.19309481906,54.56438495472699,-1.396720307154589,204.0000454665018,43.66758063167334,-227.96964380095696,-83.80382420281343,415.38741759911323,-53.41301724339709,-304.2670714817516
1,-,-,0.005025125628140704,0.13653658758408066,0.294938326487638,-1325.6573846254516,-3594.089789359036,0.020389947560109256,-0.04224824307841309,-206.0692785182738,932.8095122797213,0.13163629369152274,0.22086761188944026,-1282.881121364866,-2564.2240899916824,0.010136110410574287,-0.0814665816254724,-102.97636773597321,1081.106369788032,0.1405250173381876,0.04316342866090789,-1385.0760698488962,90.71751947147692,0.0029056768463535665,-0.07470343549473744,-31.07933235285534,1294.2906762319096,0.14632212951155257,0.0449090604201155,-1444.9132420401415,-745.5857783520465,0.0030681153320861604,-0.002803932782588024,-31.38717837394238,-181.50028993303195,0.10350180791314607,0.28073035278405883,-994.5332016123666,-3079.222190665519,0.02534100939371081,-0.014715468589344964,-250.89984718068297,112.84692670787024,0.09895924584597758,0.40539331728380434,-939.6976372646342,-4842.807309744684,0.013722541344286729,-0.04940872286739342,-140.5759275311913,507.1306955737497,0.08740705527261497,0.42471578490108797,-825.3537319898119,-4494.357700685706,0.016680358238198648,-0.08051938337856888,-171.35303491021034,818.4524912280043,0.08808568969197872,0.6869880120068866,-812.4321622544348,-9342.74863087463,0.008835892814447369,0.0,-87.47754783623256,0.0,0.0901879745169705,0.7977904343667792,-833.0671203952182,-10833.407501227497,0.004250454784395605,0.0,-40.206039405284756,276.7108061559205,0.16532373238607742,0.37042042296666045,-1607.8979428561395,-5153.89606614833,0.019067918201800482,-0.04540525671844536,-192.42100105752544,692.2104683959116,0.13857869844130047,0.2129830809554597,-1351.7708027848341,-1350.0243434040947,0.031396437178373024,-0.018224621537869162,-311.6714247932069,332.0436458170759,0.12385117897163461,0.2443988033274663,-1196.378169437753,-1827.8387012530509,0.03589661534844281,-0.023526483693260387,-357.82968481618906,-82.7662202411585,0.10823442092680491,0.269105047859069,-1042.3151011336618,-2771.9925642517005,0.03731358501476481,-0.07076022847879486,-375.38983642681666,860.8563132661817,0.09536157310164821,0.2647823966149928,-912.0371195336666,-2315.4407076270136,0.03356745980834916,-0.08953471460532496,-337.8611955110759,1220.855347584569,0.08285561709571695,0.3113184536262151,-794.1796849907851,-4136.577200032966,0.025089771959468696,-0.02205013493466458,-249.34974971723094,208.34641160149891,0.08285561709571695,0.3113184536262151,-794.1796849907851,-4136.577200032966,0.025089771959468696,-0.02205013493466458,-249.34974971723094,208.34641160149891,0.1387550070313359,0.009124962537280817,0.09362835464813757,0.013766051315007832,0.11903420348719708,0.0303886312518665,0.08285561709571695,0.025089771959468696,64.45693221355698,103.58317971163898,139.26871110993648,178.39495860801844,68.64560924398664,96.9929311975495,70.69412206781601,160.31439266448572,114.6300257092344,24.74803784324124,172.24315114575694,168.19328544272676,158.59001065456056,162.09248267578428,34.13303223793014,9.548553536848466,174.78415671328162,167.15663440766357,170.3612095402466,18.149445801959722,-2.9873196702016482,4.422624247286268,-16.382613777592567,3.2380507091197406,8.434120158137063,-6.599632125119073,-22.943014860234946,8.845914000599064,15.93158889265387,-0.5483857784394949,0.5624231684611656,-2.064289103252828,1.6113815561288853,2.730022356106793,-2.2911521990045594,0.8422494894754982,-5.016997405044445,4.711562159221209,2.521146273752307,-3.057960517404539,-11294.200139340199,-17372.15063242152,-25604.619587592133,-30467.60338403562,-10934.538746778047,-17464.303321340893,-14056.613708542536,-27787.67157386025,-17657.109454418507,-4235.825315998536,-29953.229268764495,-29059.833409537772,-27279.930604155295,-27649.07416672137,-6232.317909631925,-1516.800567105852,-30700.468501747062,-28666.619396468428,-28895.83512151104,-3527.9344192746557,244.456932213557,320.87375250191803,361.60504139198156,248.64560924398663,165.63854044153615,274.9444183737201,294.6300257092344,155.25196215675876,163.00881101100182,174.81552556827504,196.22551491371445,214.13303223793014,170.45144646315154,175.66728974986995,188.51065534220632,198.14944580195973,-2.9873196702016926,-7.409943917487916,8.972669860104697,8.434120158137105,1.834488033018011,24.777502893252937,15.93158889265387,0.5483857784394672,-0.014037390021654161,2.050251713231174,0.43887015710224464,-2.2911521990045927,-0.8422494894755119,4.174747915568977,-0.5368142436522321,-3.057960517404539,-42396.752808042555,-56127.15484432338,-61625.087925433596,-42037.091415480376,-28398.84206811894,-45444.78102827874,-48759.66212312085,-26866.727352703812,-28016.050752641666,-30058.770011806253,-33881.39207635329,-37334.87057833426,-29585.752101596492,-29987.83626855177,-32423.7695407857,-34630.487087977
2,-,-,0.010050251256281407,0.13814566162526326,0.26220066938535586,-6.775141935173845,131831.95397921142,0.019965342102034753,-0.0422482430784131,5.171269786358412,21147.26797560958,0.13278465221628555,0.20453362064956898,-3.794768998826646,127749.45120688637,0.010049544683702463,-0.02639538335361957,2.7594657794014945,10151.543975558,0.1407981327742364,0.061876714105481574,5.206495015795278,137804.29321501774,0.0028467330430430593,-0.023240252811491915,5.574954663066687,2882.527741593705,0.146551299687917,0.0373107603679062,-3.024872893746714,143399.48172766174,0.0030399351031154265,-0.010171553341270062,-2.1031148287824024,2629.9411586593546,0.10520247242988534,0.30312132843977674,-3.014286588091862,98475.81559437534,0.02534100939371081,-0.0001760696542466578,-0.33004915772655524,24315.082367781124,0.10093590249104475,0.4022476022312095,-8.334795178951756,93024.2445110876,0.01324929707596724,-0.047430528516749795,0.18062298498329676,13874.895976436772,0.08919174948487477,0.401989617818035,-2.9102035298362803,81811.55164716253,0.01628068726747736,-0.06244540967320793,0.2139745320032942,16164.637115508207,0.09138517057085283,0.599378765010828,-25.54166396988392,78693.23479181725,0.008835892814447369,0.0,0.0,8158.862630004376,0.0933785385269886,0.6011695911197876,-29.498319129525548,82429.18955536817,0.004250454784395605,0.01883945300429987,2.7810131271951812,3904.1811377701147,0.1673909575239179,0.2899330522524976,-14.941118328368331,159889.7585703808,0.01887046734293435,-0.03662154653417301,2.439066086121838,18943.024276796248,0.13928987544207133,0.2029442860165903,7.623732701760754,135312.73076336132,0.03135196200168987,-0.008430629326828117,1.5237722254953445,30993.390709338386,0.12519503901773232,0.2992911072982156,5.947442727534646,118768.76167730545,0.03588349043991951,-0.024565012188624457,-3.1727064364357753,35367.28576060678,0.10964734997601121,0.2937962276074211,-1.0832694892960075,103165.61865374968,0.03700423650392454,-0.0600604661747876,1.611179510241136,37424.92912765613,0.09706732860669717,0.32227431724548816,3.075087582518281,90276.09652295674,0.03313423373624097,-0.05562765370318682,3.3611988875698544,33437.05893421251,0.08466997719710477,0.2624285242320262,-10.597454065527947,79281.12757007708,0.025052327645822894,-0.00959532538191975,-0.10005464105943827,24355.63119738456,0.08466997719710477,0.2624285242320262,-10.597454065527947,79281.12757007708,0.025052327645822894,-0.00959532538191975,-0.10005464105943827,24355.63119738456,0.13956993657592556,0.008975388732973925,0.09601876670072926,0.013591468267199678,0.12054342129392247,0.030216119611755354,0.08466997719710477,0.025052327645822894,61.601977397107966,103.55234900267591,136.12625221300848,178.0766238185764,70.56457170302235,94.96220214170546,59.11049290840046,172.92087583908966,113.4954050972377,23.94907933298373,173.87366077093003,166.30026123149963,158.7774860560291,163.99894704020022,33.10056556835728,9.533541098184612,174.0664148618108,168.06604721553936,170.288457552465,18.045539272000187,-3.413327653517082,3.6057894901785015,-11.838244108748556,1.286233319559246,8.214786485440012,-6.791474693228348,-21.316647470916354,9.75880850364156,12.981150759486425,-0.07250714637891643,-0.5786457893436753,-1.1126890753186982,0.9281296773441344,4.725382298580555,-3.889669964883465,0.9675477835656522,-3.389505800911594,0.17534572753643476,5.07183150702671,-2.8252192172172306,83.68437755441333,136.3664131691615,857.7117764654777,-304.5728845576058,-99.53661234954346,239.899894392391,1246.857842075734,-1235.4997520004474,129.00519196755988,140.189355513125,-309.1322244882614,278.98700398831284,-185.90107669376138,186.70215921229493,-110.84521753170831,5.2019466702893995,468.4617498026867,-939.8895709917921,381.9960833349418,84.22979118386701,241.60197739710796,318.04962839443203,361.9233761814236,250.56457170302235,165.5267738447278,286.4162809363273,293.49540509723766,156.05092066701627,162.1772598960862,175.8769986645866,197.09951260855746,213.10056556835727,170.4664589018154,176.4000440400046,188.33399682446517,198.04553927200018,-3.413327653517126,-7.019117143695583,4.81912696505293,8.214786485440122,1.423311792211665,22.739959263128117,12.981150759486425,0.07250714637887225,0.6511529357225475,1.7638420110412014,0.835712333697067,-3.889669964883399,-0.9675477835656355,2.4219580173459585,2.2466122898094794,-2.8252192172172306,83.68437755441995,-52.68203561474375,-910.3938120802303,-99.53661234955212,140.36328204284317,-1106.4945600328876,129.00519196756872,-140.18935551311677,168.9428689751315,-110.04413501319017,75.85694168058437,-110.84521753170168,-5.201946670291045,-473.66369647298654,466.2258745188012,84.22979118387249
3,-,-,0.01507537688442211,0.13917177019096866,0.22684644774217225,-0.713123527849518,1657.0022874272488,0.019965342102034753,0.009724317588505607,6.466078020515897,-594.4551635565208,0.13369190796940786,0.18272922999168503,1.0329611164039467,843.3410831914524,0.009870830175864542,-0.05373325720937699,-0.9508001424254858,257.40583463668565,0.14114689386186077,0.09549001173422726,-0.10829884369310144,-1463.4212427434131,0.0026721064663385724,-0.0186737403885396,-2.1092042966372015,-796.9289860430819,0.14669711202781294,0.014508327819646016,-3.7124206566066658,-9.200389613524788,0.0029658886653397276,-0.023940765232662416,-4.955608940180028,-137.95923635196525,0.10654825342510363,0.2504360152152964,-4.826512221659838,360.8566187605942,0.025339239849447026,-0.018032545551420896,-6.527160067304859,-393.7710825145323,0.10300193531563798,0.32162653156569626,-4.780607002447361,1161.9616681743441,0.013245852615475173,-0.04759341648565175,-1.1297368132338292,339.0255017649262,0.09144715193410276,0.3954675082193163,-3.127082269585575,-149.66712830184656,0.016052766181181483,-0.07836888556949055,-8.894370432740955,-388.5789680113361,0.09410959687801719,0.43028787160604326,-21.545380427125984,3027.860339834498,0.008835892814447369,0.0,-5.478928439203664,-1163.527691938319,0.09622987995536032,0.5013249154770753,-4.633054512121118,5913.874348617087,0.004439796020619724,0.02794988067532845,-0.968038020660492,-553.4216123118408,0.1682376324087156,0.2202584297167275,-0.9656959176391733,2480.7121441486784,0.018699862457738442,-0.02089202972224598,-2.0388475218847675,-675.879077714268,0.14061833950679384,0.28960351011888436,8.156139560505654,-612.6042603928342,0.03131170723538983,-0.002910327814297862,-0.18006088025835765,-235.0247450095855,0.12685912979875236,0.3041720970715331,-2.722273183427283,-1431.93297920306,0.03564973080383352,-0.05541298054186114,-2.379576669387345,625.7663172664223,0.11118714683240713,0.2582179173133805,-5.474712653765608,32.616173513172846,0.036709962239138805,-0.05456746958189902,0.7401045546518943,-243.46076588112444,0.09860051096341191,0.2956877994543725,-4.73966704163926,-625.5798858659281,0.03300838791183472,-0.055753821262914366,-1.8103519511512316,-179.92494459902568,0.08549308970106395,0.20481137759075835,2.615566969788504,2032.9598496263495,0.024993336528494628,-0.023055709216668985,-4.569536678190189,-229.59026968568304,0.08549308970106395,0.20481137759075835,2.615566969788504,2032.9598496263495,0.024993336528494628,-0.023055709216668985,-4.569536678190189,-229.59026968568304,0.14017692101251256,0.008868541852394399,0.09826736350164436,0.013582709496234155,0.1218326415351908,0.030062164529404984,0.08549308970106395,0.024993336528494628,61.50443012820381,105.50255105337209,132.97194659595885,176.97006752112713,73.65652025282536,92.6895399894264,56.09606167416705,174.50150317010468,115.74849539798001,24.54294214008527,172.95615416946734,166.37114569159695,159.74179885926236,164.94260823752933,31.445350902058752,9.769300759531454,173.89280190677547,165.64873573434346,173.66510225861438,17.024059340735167,-2.1462706495542783,5.793140962554222,-7.762394918643045,0.17701669346541157,7.433752194825068,-4.188577910120169,-10.411780266508979,-3.5711689340787967,17.228123485292663,0.8605524679235703,-2.5444333590590493,0.7396003840668987,-0.2569709734566558,4.606425966280611,-3.4051744857553965,0.8945303605336831,-0.3088391155702072,-4.73456418240484,6.360302890183882,-2.211429952742559,75.02406681672245,613.9234261305074,147.30036631422647,52.07243182484807,-144.86527016091227,588.325413014633,1713.5003688156926,-3364.2379126839965,2094.197686722031,149.74147684328162,-359.19005951216354,289.4805551113765,-60.05906975021711,-280.98934446060105,261.0164417683335,-46.9223715057559,509.44124632643064,-597.4426700170338,20.08444943580993,114.8393457605509,241.50443012820384,316.0018790748317,363.02993247887287,253.65652025282537,166.34606024225175,290.2499985680847,295.74849539798004,155.45705785991473,162.5009036904474,176.12975799885047,196.38795913958808,211.44535090205875,170.23069924046854,176.33789733369306,190.68916159934957,197.02405934073516,-2.146270649554256,-7.939411612108456,-0.17701669346545576,7.433752194825024,3.245174284704877,13.656954551213866,17.228123485292752,-0.8605524679235151,1.683880891135446,0.9442805070684588,1.201251480525203,-3.405174485755363,-0.8945303605337134,-0.5856912449635504,4.148872937441246,-2.211429952742504,75.02406681672683,-538.899359313785,-686.1997256280073,-144.86527016092322,443.46014285372513,-1270.0402259619918,2094.197686722031,-149.74147684327613,209.44858266889182,-80.03197244248025,-19.97290269225874,261.0164417683247,46.92237150575424,-462.51887482067644,134.92379519636188,114.83934576055198
4,-,-,0.020100502512562814,0.140425525421667,0.2550335987537024,9.87814738570303,1153.0316040915816,0.02006307393709511,0.022737465670490394,-0.8031539679784824,-868.4813575456042,0.13462112688956882,0.2149151394073976,4.681020781991974,-226.6632966982349,0.00950951194792983,-0.03595116367950385,5.346459092333009,864.305294174937,0.14175783138463063,0.06078828351560116,-9.50125616755561,-1342.8280913457754,0.0026590572602436663,-0.04443828594352409,-2.434381880079865,649.815967927776,0.14669711202781294,0.0,-3.11733912101832,-471.88583931383175,0.0027993243972595228,-0.059976668317953764,-3.489639817244365,801.4872337846939,0.10771941730642098,0.2546136679205824,0.6124130979442615,688.16490700562,0.025159777780128692,-0.06577566832062716,-4.287547474455524,1169.9222889746331,0.10416832994396633,0.3542013006990752,3.3432115363682895,-790.7487851172907,0.012770971282141594,-0.058784667343220444,3.5879144600076813,694.3917157814843,0.09316629730617443,0.37056165530963725,-4.4143957740759445,-593.010320202847,0.015493060276829215,-0.15183606728869492,-3.6913417294171698,1585.2168766740876,0.09570967179302411,0.38284227830604417,4.889093214382401,2943.910280200304,0.008835892814447369,-0.055064607429182566,-11.6937456476213,471.93244716397504,0.09841697988856725,0.5546062291889221,29.93760397215373,1802.5026739284463,0.00453135810776574,0.00911042767102859,-2.7810131271951803,6.124271505618121,0.169604610083885,0.2802275656430587,9.990662014834474,267.0816243213215,0.018660497194972078,-0.05711247640236163,-4.353688463770304,610.702660107988,0.14220046348346715,0.28491553788096874,1.4669059641443283,-96.05877909499515,0.03132271247591803,-0.010240286414851812,-0.8382855132944598,101.91272506998683,0.12825204501845125,0.2719315778165344,-8.443843495611688,62.324017178994886,0.03532657606261437,-0.04848035559955255,3.1164022798096767,639.8512095723742,0.11224250492388438,0.23877398988113355,-0.7554687504701497,1026.3048596182277,0.03645581972420696,-0.05262222944461781,-0.8356623579108691,-70.5363203699388,0.10003906528463057,0.2746394726058976,-3.212147451310143,429.45405256559627,0.032573893824050876,-0.07382214567455599,1.5529079870771336,505.18248743881253,0.08672838300203702,0.28871562945603124,9.834303217148936,-435.09360243003346,0.024820611975303608,-0.055520317122524664,-2.4074945373979615,912.218164097206,0.08672838300203702,0.28871562945603124,9.834303217148936,-435.09360243003346,0.024820611975303608,-0.055520317122524664,-2.4074945373979615,912.218164097206,0.14087539893091983,0.008757741885632032,0.09983613924763061,0.013358212052262522,0.12317784529939256,0.029860018542844324,0.08672838300203702,0.024820611975303608,61.18945869035062,105.01705359269273,134.54573997316163,178.37333487550376,74.00575107159027,92.09738379013875,55.19375055770568,168.74182084571294,122.16756345831041,24.799520766908774,171.21649142671922,168.01870166683517,158.31936879094255,167.42572995060277,30.220187397991488,10.374625483669071,173.34901379003213,164.59856422338808,175.25687771712774,16.420918785782966,-2.659316931740977,9.775874174907221,-10.35783841714829,1.8095743429245532,6.758854122013758,-0.8786564719757529,-4.095538236587781,-24.052627804740318,34.02836369136614,1.4324323193827082,-4.188596136199591,1.7966632373584526,0.3245209361359222,1.9013687864137094,-1.2663891430911685,0.49596616039222596,1.7305067249821824,-5.829103217358379,5.273685270200679,-1.6710549382167188,-450.91975627709405,870.976833166382,-954.49689334835,133.78906418576736,-403.2093400877158,849.5697610423323,299.20744174210836,-2018.628307826852,2165.781287039363,50.295164063248286,-127.7917276184379,-8.241500152925518,214.41355578673696,-448.1006661681527,319.42517408953637,-154.09142587109665,351.68162553350123,49.87461236015218,-418.48066134659325,171.01584932404174,241.1894586903506,316.1724050976579,361.62666512449624,254.00575107159025,166.10313486172902,290.9093843040233,302.16756345831044,155.20047923309122,163.983987806372,175.96528613953683,197.64591734859422,210.22018739799148,169.62537451633094,176.2763607262988,191.67779650291072,196.42091878578296,-2.659316931740977,-12.435191106648197,-2.077352689499908,6.758854122013758,5.880197650038049,9.975735886625685,34.02836369136614,-1.432432319382697,2.756163816816938,0.9595005794584852,0.6349796433226073,-1.2663891430911907,-0.49596616039222596,-2.2264728853744082,3.602630331983971,-1.671054938216708,-450.91975627709405,-1321.8965894434914,-367.3996960951239,-403.2093400877114,446.3604209546232,147.1529792125072,2165.781287039342,-50.29516406325817,77.49656355519733,85.73806370814043,-128.67549207860975,319.4251740895298,154.09142587109966,-197.59019966238836,-247.46481202254057,171.01584932403514
5,-,-,0.02512562814070352,0.14173492193723702,0.32612431091506705,10.875133799704068,-1060.0582646743599,0.020193859344954254,0.0016524184128424652,-2.2623778342137952,200.2925751009465,0.13585185911923095,0.22977466498657925,-1.2450619659903743,-862.1147252193248,0.00950951194792983,0.0,7.735685226166846,-30.99422032907552,0.14175783138463063,0.0,-13.604058555710946,-216.62396578261757,0.002225490527207677,-0.04313988993708096,4.421609451380649,1050.242651439332,0.14669711202781294,-0.016821713597623543,-8.45499190599191,-198.01811201512703,0.0023631080792296394,-0.059012522189892225,3.099539138058104,674.890991291757,0.10910718476098888,0.2565909207222739,2.089717999502173,399.158949988301,0.024678177856274894,-0.0611234749429337,5.230852887214071,1031.7486565121044,0.10656174738296537,0.35522664750909616,-12.72783097347541,-1027.8149539621197,0.012655051938658887,-0.011533974676529312,5.849074400650437,-112.10120110599593,0.09517138967590816,0.3511017215451862,-9.086984985192078,252.0272887329917,0.014526775555164448,-0.11546779742292945,7.037457473531285,883.6102656942144,0.09795725796652015,0.4794244868259669,8.041657564836875,-1435.2887444116323,0.008282479674455584,-0.11752508188564123,-0.7358887692139646,2327.05538387664,0.10180381190700778,0.8022053574082686,13.482550250978846,-8375.542525207135,0.00453135810776574,0.0,-0.9064875532673451,325.48126052034024,0.17105398985236442,0.3206670931824006,1.7185415127258672,-1163.7607311889467,0.018125867720026265,-0.06464769267471135,4.098867655079936,824.3623666230858,0.14348181224931614,0.3043462836278726,7.190724695229321,68.63472008508654,0.03120878978398428,-0.011335307847408013,0.8441876129073393,120.74229651804379,0.12959211048032557,0.21930934837191812,-2.0959011514775856,1701.708537261273,0.035162491049064146,-0.024092354614125695,4.051088753450588,5.322616483571849,0.11358688542417732,0.25062526655488654,4.839909050940198,981.020672442729,0.036181095611554706,-0.06296608624431982,0.03119681224044874,541.4154301212294,0.1013607066679938,0.2634049104964816,-0.42354591032673405,-86.51349139071306,0.032266456799527624,-0.04014670581490297,3.2668589778820616,-68.24321414406133,0.0883947543187125,0.30364859585356174,-1.7572330546339436,-1170.984947957352,0.024435343391584832,-0.047251634215643476,4.598485071530476,703.5175328347531,0.0883947543187125,0.30364859585356174,-1.7572330546339436,-1170.984947957352,0.024435343391584832,-0.047251634215643476,4.598485071530476,703.5175328347531,0.1415104311172279,0.00857299247483035,0.10212027833867807,0.012934768626463911,0.12457837649881494,0.029563340725956972,0.0883947543187125,0.024435343391584832,61.16174489280896,112.1261895119351,127.43960120650564,178.40404582563173,78.04631811791884,92.62193538595204,56.62440010227281,158.32421425532135,135.71963914627676,25.38421021217814,170.50478402585588,167.75251276216378,158.60420775171437,166.62335101685963,31.13093423122816,10.252780135431223,174.96803483418424,162.44510597813837,176.38028220068117,15.953796851564965,-6.67812749656025,14.546676974276656,-17.355328520134,1.521630403875134,3.381397018064105,4.349811648094227,-7.404670299251608,-23.85889062078083,38.99476958619079,1.366031503735111,-3.8287723300986265,0.6567712368013155,1.8979391349527615,0.10290168318359744,-0.1948712285741257,-0.6541271859094996,3.2256495832589516,-4.233311796875673,2.1544670977558082,-0.49267769822957647,-707.4457364793066,935.4446757904823,-1144.9860398133726,-513.4251437600202,-645.0204577837933,794.7655680365658,-484.7834524999784,1613.526438487703,-978.9978757349555,-27.206924513123184,170.15871685984786,-263.14671102948535,320.5624851310368,-337.77016951299225,137.4026030647117,-192.47709968989903,2.976163583140739,608.2614199736081,-644.8150742685016,226.05459040166124,241.16174489280897,309.03555538087386,361.5959541743683,258.0463181179189,170.66825350387091,294.0438534015981,315.71963914627673,154.61578978782185,164.11100576196597,176.3584929998022,197.7542852480878,211.13093423122817,169.74721986456876,174.77918503038453,192.3340790522461,195.95379685156496,-6.6781274965602275,-21.224804470837014,-3.8694759507028826,3.381397018064105,7.731208666158377,15.135878965409919,38.994769586190664,-1.3660315037351551,2.46274082636356,1.8059695895623327,-0.09196954539047301,-0.19487122857415884,0.6541271859094996,-2.5715223973493635,1.661789399526265,-0.4926776982295875,-707.445736479311,-1642.8904122697888,-497.9043724564076,-645.020457783802,149.7451102527681,634.5285627527654,-978.9978757349513,27.20692451312208,-142.95179234673458,120.19491868275078,-200.36756644829043,137.40260306471063,192.47709968989597,189.50093610675964,-418.7604838668485,226.05459040165738
6,-,-,0.03015075376884422,0.14370315668714506,0.36433142588640655,-0.7757045205719365,-1367.2692479481304,0.020079681157324683,0.0,1.2098367365536422,331.2792770751443,0.13693042000501182,0.20240195381955464,-3.983448818202241,-814.2577847172788,0.00950951194792983,0.04179441648297698,5.034959390533255,229.86059521641937,0.14175783138463063,-0.07593592307445851,-11.678381451803022,1695.1741166746535,0.002225490527207677,0.0,8.12082064694859,49.10603088527568,0.14652804957959562,-0.08497479302504429,-5.107470900064822,1682.543389292389,0.0022062337219842243,-0.02882552120179193,3.293184215838616,-148.744292869471,0.11029822052976042,0.27561585887035295,4.624060836520149,-186.00260825455476,0.024545471499295188,-0.013204282519480746,6.081785756821902,-26.995266788885885,0.10773844700435925,0.2262834014681666,-6.986586995914315,2509.786121052806,0.012655051938658887,0.0,2.4612692227614916,-40.008178542067334,0.0966949578242165,0.27923517304640033,-1.8814581988699992,2036.7257639159418,0.014332579900719372,-0.08110785147431018,5.189163453439251,1.4634864937572851,0.10052800834403885,0.4636629573496308,-9.535919292267161,-2096.318561077982,0.007654736212581628,-0.06246047445645859,11.6937456476213,691.5952447743433,0.10647934528965537,0.6901092467866994,-54.23870281384758,-5858.476257965792,0.00453135810776574,0.0,0.4901553202454233,138.9659659145204,0.17282739493998953,0.29749933964030356,-1.7054257358082001,445.77612167722356,0.018010771640452367,-0.015917826602563297,3.9313604470144736,-755.0564934962675,0.14525922010284276,0.3571841277827709,2.1567021459039917,-1668.5703558268103,0.03120878978398428,-0.0017559887976926268,0.37520490397231143,-124.11670486662358,0.13045615907244038,0.25086724463585514,8.658754868823209,788.1946749308005,0.03508444184538698,-0.007765895765878319,3.1698959128103987,-187.23305549767628,0.11476135182393349,0.287416291900633,9.104035495185412,-390.6576781266197,0.03582299473682686,-0.05230869364320626,4.605698748835152,514.765061423228,0.10268635081725852,0.2703827297885435,-4.081629776844947,-89.16081727745933,0.03217040934349909,-0.04098939212800262,0.8670465383931005,80.75276111599274,0.08978012768398236,0.27105499574111724,-1.9343897271460524,456.0857781235789,0.024345721179166488,-0.009304386755384223,4.663033430790508,-361.60234436252097,0.08978012768398236,0.27105499574111724,-1.9343897271460524,456.0857781235789,0.024345721179166488,-0.009304386755384223,4.663033430790508,-361.60234436252097,0.1422298644140958,0.008505229338611604,0.10434779579840607,0.012743839531804163,0.12596176740674117,0.02944052142155268,0.08978012768398236,0.024345721179166488,57.35066353974592,113.81664013023718,123.7653184211232,179.7687049883855,77.85076827619987,93.51191807725824,51.50706737102039,147.54698708320058,152.30863189923713,25.58235376356719,169.08918526562567,168.02264955913225,160.47569063104103,165.60283964055085,31.22728114008298,9.9068486902783,175.98065123371316,161.19983739282688,176.68362660927696,16.22903607390468,-9.769324333543048,19.177328202952264,-21.865235802207305,-3.350477353156049,0.2762364558449843,7.108937176632945,-8.967733739100124,-7.836281689286024,24.189189060864077,1.1589958921151386,-2.4784582783116735,-0.8480273257519516,3.5462544550408133,-1.493306284068623,0.11454154097628536,-1.4384770525715822,1.7604179167725416,0.2840768828788857,-1.2068682400355142,0.6008504929557548,-745.6684828898861,-47.56541661089296,-105.97402446188494,-944.6987583008541,-343.3976101255527,198.62471121180343,443.86687458352196,2845.6380604149676,-3434.277833912239,-68.8495181115974,329.34934201896675,-249.74083997612794,99.04651288485864,-130.03438172721644,20.228884911111457,-69.70105677754846,-409.70383608836573,892.0894099685635,-597.6997386750248,185.01522157236863,237.35066353974594,303.53402340950873,359.7687049883856,257.85076827619986,171.36268635345814,299.8556189824377,332.3086318992371,154.4176462364328,165.32846097080713,177.30581141167488,196.83012078063382,211.22728114008297,170.0931513097217,174.11250007600856,192.91266268318165,196.22903607390467,-9.769324333543093,-28.946652536495314,-7.081416734287922,0.2762364558448959,7.385173632477929,16.352907371578098,24.18918906086412,-1.1589958921151386,1.3194623861964907,2.167489711948442,-1.3787647430923708,0.11454154097625222,1.4384770525715518,-0.32194086420094553,-0.6060177470798312,0.6008504929557271,-745.6684828898929,-698.1030662789649,-592.129041817093,-343.3976101255527,-144.7728989137582,-588.6397734972627,-3434.2778339122215,68.84951811160455,-260.4998239073754,-10.75898393125623,-109.80549681611929,20.228884911119152,69.70105677755149,479.4048928658952,-412.6845171026552,185.0152215723697
7,-,-,0.035175879396984924,0.14539654430795468,0.3183282855826858,-2.8662656771615653,-363.4014073770917,0.020193859344954254,0.013811581594286108,1.067062136390671,619.5115437804842,0.13788604960987974,0.18974000349710948,-9.428557289782121,-543.6246422169133,0.009929556334693418,0.05060260694003273,10.045841962010257,1258.02976883942,0.14099465627835467,-0.11737066785731683,3.432867240014218,2323.997908908801,0.002225490527207677,0.03847639797195012,4.915137399976385,-919.0135886445504,0.14584309400746073,-0.06815307942742076,8.454991905991905,1359.6348820985822,0.0020734043485583636,-0.02591519338749407,1.6046216217820133,-51.08220373032687,0.11187719339285172,0.3030638939536322,0.22034505222021525,-528.0016908569878,0.024545471499295188,0.0,4.959543673255419,-185.5458513233522,0.10883595242284644,0.28500969277628896,12.496150142633194,1572.0827845106169,0.012655051938658887,0.013202399421576137,5.446982153996494,111.50462062444466,0.0979777733246157,0.33219259391835204,11.382620682304829,466.85219150096117,0.013711621268990476,-0.06331540090595204,7.05216588050372,-32.48567153287921,0.10261718718611443,0.38358610197906073,-13.026870687203147,345.75567532207316,0.007654736212581628,0.0,6.214817208417628,-1163.527691938319,0.10873958323149722,0.25709276631432293,-45.39660812053666,6946.387373871145,0.00453135810776574,0.0049261841230695816,0.4901553202454233,-66.93819434076507,0.17404393296432727,0.3035271360385996,6.198703539632637,-100.95260335751765,0.017965889563216583,-0.025136532403209098,-3.4896398172443623,-477.5160676082147,0.1470716024782887,0.326021682079169,-9.578826619612997,-673.3622538078222,0.031191141655364255,-0.007564404289897344,-0.403216456103953,120.20164545665092,0.13211338932088693,0.30633201037014135,5.825653370440008,-257.91852098796363,0.03508444184538698,0.007765895765878319,2.1693495022176603,-35.20756997980331,0.1164754913729274,0.34212311072760426,0.9137012305721599,-1473.152961848204,0.03565538009755263,-0.01667765660778561,5.204715017499022,-78.2172940695338,0.1040781210377279,0.2223835057040701,-1.3196345261805968,1560.2630337204416,0.031854503109798954,-0.031432670253163264,4.07844451673626,363.3547995269225,0.09111892513018102,0.2842074930681743,2.826543609924639,427.1516247697325,0.024341831966907604,-0.0003869766197589635,0.9642906558267469,-380.71156291126164,0.09111892513018102,0.2842074930681743,2.826543609924639,427.1516247697325,0.024341831966907604,-0.0003869766197589635,0.9642906558267469,-380.71156291126164,0.14253008605091244,0.008605577638853428,0.10600953791158511,0.012619647805458383,0.1274835770507232,0.02934886470637117,0.09111892513018102,0.024341831966907604,53.80668696916523,121.83250813088857,113.77084826055894,178.20333057771774,75.65290338971914,98.78935291173337,46.991095911113995,154.47984236673742,152.9713180236011,26.11994351064086,168.46921424319027,167.50177729601245,160.86418763842534,166.94326233103496,30.101614980696105,9.10706568305136,176.8335094070804,161.73437012297745,175.96021884790866,16.364835938982065,-14.17228310349378,14.06863258622748,-18.420394092615258,-7.972829478545512,-0.06983524450426469,6.346039901479187,-2.943696685346864,4.740486870826892,4.479414471494915,0.6740765478396595,-0.5187286917170505,-1.8531869539135386,2.8933814755041047,-1.203976525130136,0.008434147416944258,-1.3546403193521979,-0.8919769100914583,4.7324109163762245,-3.8525654517419308,1.3667717648093045,-587.2365362257224,-1153.5364217485908,780.4411657048212,-585.3697486045783,310.0909316338581,-437.72532776365307,1457.9756892949886,1095.3562594048115,-2680.9663448295973,-47.86179543368187,380.70698064376836,-231.68053831170877,-215.8874287503365,91.07393073977201,23.648851112190066,60.44719708163455,-382.64123546483785,516.8120335248555,-259.040874899356,64.42287975768932,233.8066869691652,291.97417883827666,358.2033305777178,255.65290338971914,174.44225630145252,307.4511603903385,332.97131802360104,153.88005648935913,165.41084224616887,177.9090649501564,197.04487731173106,210.1016149806961,170.89293431694864,174.05942490986823,192.32505478689072,196.36483593898205,-14.172283103493825,-28.240915689721085,-9.820521597105829,-0.06983524450426469,6.276204656974877,9.219901342321851,4.47941447149496,-0.6740765478396319,-0.15534785612262555,1.6978390977909132,-1.19554237771328,0.008434147416988445,1.3546403193522283,2.246617229443554,-2.485793686932582,1.3667717648093045,-587.2365362257179,566.299885522873,-214.14128018196135,310.0909316338669,-127.63439612979938,-1585.610085424786,-2680.9663448296014,47.86179543368076,-332.84518521008323,-101.1646468983744,114.72278185196647,23.648851112194464,-60.44719708163152,322.1940383832019,-194.6179951416535,64.42287975769372
8,-,-,0.04020100502512563,0.14690243593923236,0.33552473566367724,-4.427979971597984,-963.3656188176778,0.02021849102259389,0.010724242576790664,7.436083407714288,670.3979945402484,0.13883735471352548,0.10764258407300063,-9.447013061588306,1921.0357583508005,0.010018080861900008,0.14275765228207507,17.678474655251048,-979.3334682684206,0.14057822668254705,-0.04143474478285832,11.678381451803022,489.41971252852437,0.002612187994262452,0.0493983658289084,-1.1154968268659868,-751.4490458970513,0.14584309400746073,0.0,8.55720128183048,-34.32202082758008,0.0019457795170847864,-0.012698670731620938,2.7797952336242755,-85.91691090918567,0.11334408881070145,0.27783038200824456,-0.6824888203340005,272.0313780040306,0.024545471499295188,0.03664037751323704,4.217003331461578,-792.5478481319047,0.11060286602723653,0.35187285013784697,8.813239984091888,-1082.178350340788,0.012787739370031512,0.05474353923614568,3.5819186762734985,-902.6169469726916,0.1000335768585718,0.3936333708585092,2.810523625260265,-1760.4903578312392,0.013696244213222367,-0.010231812474272786,4.862674292304787,-1558.4173628557503,0.104383145047346,0.33273963386015193,-6.060987881995069,1229.7481253872538,0.007654736212581628,0.0,0.0,-1218.84188845943,0.10906319218728676,0.23386192899236097,15.574235617018223,6040.927348041248,0.004580867495937294,0.0049261841230695816,-0.1825903515210599,24.114901651527187,0.17587791892027696,0.3597978676768125,-2.7200247645269706,-1811.1996987605949,0.017758143174088456,-0.05098958355979307,-0.867796011359544,630.0542394773662,0.1485358199227339,0.2609145135153036,-4.610757691360555,1384.7192270326323,0.03113276562026672,-0.005808415492204718,1.5832616422301098,252.10186129314425,0.1335348727445021,0.30941652474077985,6.066608929245684,-152.9669640902405,0.035162491049064146,0.01403661179409817,2.816050988390265,223.7456452808169,0.1181997750473265,0.2965992188410567,-5.701521910324181,-183.1502078272279,0.03565538009755263,0.0,3.819595290849888,287.9619411746299,0.10492136092483711,0.25712007123396463,11.599405737933363,583.7819658793047,0.031854503109798954,0.0,4.518853568814433,137.9312716418788,0.09263648439823537,0.29946246920769654,2.3585914263185965,-695.0442256831802,0.024341831966907604,0.0003869766197589635,0.8367865673607415,430.5633193984389,0.09263648439823537,0.29946246920769654,2.3585914263185965,-695.0442256831802,0.024341831966907604,0.0003869766197589635,0.8367865673607415,430.5633193984389,0.1430402778356914,0.008698634848960284,0.10748537378622851,0.012653011758213598,0.128951038659652,0.029317519169613088,0.09263648439823537,0.024341831966907604,51.667901950482594,128.43977924609203,110.44205886308349,172.78606384130708,76.87636729931467,98.21073300942423,49.33519660672851,159.0489303864053,146.70297331560513,26.065965551597728,168.9704974190375,166.80446065025228,162.18558227166793,164.52611569378936,31.447378413655173,9.03535509065889,174.52468042749612,165.8000460015497,173.59206298198808,17.04785549830717,-15.671199069479957,7.5839973311071285,-14.021605996128699,-9.233590404458344,3.392728231059639,2.709687651370099,5.685288263864589,3.172323932872888,-2.755196314307761,0.6779728224298937,1.3477425321784615,-3.176474946975156,1.3765315530273807,-0.5779903972367434,0.35221843657618557,-0.8309675341631947,-2.085222640663015,5.478167672073414,-3.8102941184210026,1.248316621173738,68.24940952108606,-975.3681361318494,710.744722046163,149.02745780999697,562.7326775142557,-437.7049342200881,1259.480227806405,-1243.3733120059994,108.92082749376112,40.428591499133674,247.1457109819878,-141.27328736315894,-366.5931864694065,247.48518560117813,-27.193014249726424,99.75208843213841,-0.1934939250922003,-335.23629078214,265.9142694245848,-30.2365731494748,231.66790195048256,283.22812270439056,352.78606384130717,256.8763672993146,175.0871003087389,305.75190370201045,326.7029733156051,153.9340344484023,164.96353702936472,178.15907637911243,195.97349410744454,211.44737841365517,170.9646449093411,176.43996448184498,190.63991848029525,197.04785549830717,-15.671199069479957,-23.255196400587042,-9.233590404458388,3.392728231059639,6.1024158824296935,0.4171276185651713,-2.755196314307761,-0.6779728224299048,-2.025715354608366,1.1507595923667897,-0.22577196066054678,0.3522184365761966,0.8309675341631947,2.91619017482621,-2.5619774972472036,1.2483166211737546,68.2494095210926,1043.6175456529113,332.8728236067353,562.7326775142469,125.02774329417,-1134.452484512247,108.92082749376544,-40.428591499140275,-287.5743024811149,-146.30101511796036,220.29217135146376,-27.19301424973192,-99.75208843214143,-99.55859450703166,235.67769627510398,-30.23657314947646
9,-,-,0.04522613065326633,0.14876865220407204,0.2738259743103442,-12.548332197942248,429.3235505852921,0.02030164067738431,0.08854608820447997,7.80473042322734,-1439.0733018412907,0.1389678846256888,0.09479514860677472,9.87833475394452,2168.7844464429118,0.011364306608885127,0.22827571905310864,0.20329454222713475,-3259.9208255765147,0.14057822668254705,0.0,8.351658320702906,-420.47738063268986,0.002721956515437912,0.02726537458636231,-2.6371143175819207,169.9135783934937,0.14584309400746073,0.017848943505548897,8.110046973051402,-111.90544813548735,0.0019457795170847864,0.002022447151443375,0.741135079981152,-418.86474901856946,0.11466945853866323,0.2962047098296724,2.954328750753187,152.37970517873603,0.024913716499428223,0.04238194302976461,-3.0057613330953847,-451.88175004278366,0.11237236297699565,0.373584968998318,1.6199858176001458,-1152.0621608090667,0.013205238262640251,0.04920158209769171,-3.62454495125669,-316.41137288718915,0.10193388760460072,0.3604390625139326,-6.310749748159891,326.06851943188207,0.01360878898281688,-0.014444302490828547,-8.610320178348045,-1304.078324756862,0.10596130410933204,0.3226716509037334,-0.6675930451201911,2957.3333410345635,0.007654736212581628,0.0,-6.034850012280162,-600.4675762218768,0.1110899543771491,0.413617747389883,15.3162295482196,-906.3082887020777,0.004580867495937294,0.0030911052133101853,0.732516140863787,309.56934048974324,0.17765999193595353,0.27619020373179587,-12.00430850821254,216.95022073344902,0.017453431436987507,-0.03385810035657135,2.842563594588465,-139.9074444869302,0.14969385889552794,0.2796824087991634,4.3379495314687375,508.8272213180518,0.03113276562026672,0.008347773018947983,2.1304705920683515,184.6416590310446,0.13522310313737718,0.3673029543826608,4.288296947422515,-1791.6430448507451,0.035225513320704546,0.036067915749700086,4.418049454788685,-98.02563037008603,0.11945638804469681,0.2848213829856527,-0.9270043757316381,574.8146155164197,0.03565538009755263,0.02171023576256503,8.09880487855058,375.9668837691302,0.10666224235666222,0.33896044779385265,4.547520909792316,-1654.5880007910876,0.031854503109798954,0.013982943503765718,5.464688452835545,462.3685163196048,0.0941285981875448,0.3079119295135873,-4.158825492418882,-933.9653869626642,0.024345721179166488,0.008022938630097736,5.291560197519601,652.6683683550764,0.0941285981875448,0.3079119295135873,-4.158825492418882,-933.9653869626642,0.024345721179166488,0.008022938630097736,5.291560197519601,652.6683683550764,0.14353946437994217,0.009083420829698034,0.10920539352134814,0.012792669490680855,0.1304706970929604,0.029277885794079472,0.0941285981875448,0.024345721179166488,42.361732374692565,121.80676710093611,108.94142844872918,171.61353682502732,78.90007794591887,98.88597380985763,53.71100263831266,155.011513882837,149.0635352346268,26.065073035000697,169.7273623825628,165.76930093412065,161.89266426388306,165.6201923448437,30.925407039589093,8.784117763478724,174.88310576990807,166.02018900047068,172.8164968626618,17.496090603480674,-13.486359389714021,4.265937750731505,-11.277231056975427,-6.475066083470165,5.585769554633985,1.9469953364531754,9.714396056426054,-7.75572732018818,5.574096154849299,1.0803940503435157,1.9651478005642344,-3.2730189877141314,-0.7909721573542529,1.2833117723691418,-0.264862478208447,-0.3521067672704045,-0.893921572655199,1.3632019637919022,-1.1800602313943442,1.0628866075281507,677.1430492468653,-32.569508169505184,296.4931642994023,413.21939311695934,139.79935764481732,303.7404662680397,-79.4010936296942,-802.9506388269596,1325.8915563695164,145.2971899602111,-112.84376785316239,183.15683294561447,-351.0242221004346,257.28911270960083,-121.87514566183383,-5.859401635707568,472.54313110437397,-922.4304771707831,438.6945466181044,17.05220108402302,222.36173237469256,280.5549652737565,351.6135368250274,258.90007794591884,177.7860517557765,304.07504911746383,329.06353523462684,153.9349269649993,164.2075645824365,178.43826364831585,196.5455993844328,210.9254070395891,171.21588223652128,176.3327764666132,190.3125874661425,197.49609060348067,-13.486359389714,-17.75229714044559,-6.475066083470297,5.585769554633897,7.5327648910871385,-2.181631165338926,5.574096154849387,-1.0803940503435543,-3.0455418509077004,0.22747713680638676,1.018449294160728,-0.26486247820845804,0.3521067672704045,1.2460283399256478,-0.11717362386621019,1.062886607528134,677.1430492468697,709.7125574163659,413.2193931169638,139.79935764482164,443.53982391286144,522.9409175425435,1325.8915563695118,-145.29718996020895,-32.45342210704215,-215.61025505266542,135.41396704776477,-121.87514566183164,5.859401635710584,-466.68372946866776,455.74674770211976,17.05220108401973
10,-,-,0.05025125628140704,0.14965445578154737,0.2094108442270717,-0.11317041797695737,1853.7899521992615,0.02110840145680977,0.08916374431776897,-7.026964851997179,-1569.8922155549865,0.1397900697749001,0.20692233034379984,12.34981554587815,-1145.6395990626465,0.012312309194092055,0.14480081351048849,-15.084548717377249,-1097.6987644303722,0.14057822668254705,0.04250151974681914,7.452478128861414,-799.8746021705455,0.002886211859452023,0.02289470434567301,0.592177327842493,303.3518532838917,0.14602248037435067,0.08150800977941108,7.432523411122064,-1150.514780185056,0.001966105619109343,-0.005250076962966143,-1.429900736411599,-72.01845000371284,0.11632102056778358,0.30752212824697006,0.8489655030703819,-74.56323862026089,0.024971420675473727,0.006431720899213066,-0.3245217945965502,900.6594172677394,0.11435748883123972,0.3681541146363409,-2.7652741948937085,-350.07156224309125,0.01328222763231987,0.018315951786329696,0.4019048784123005,617.2277591246223,0.10365607999941534,0.33020875027398766,6.087594172314357,2326.0486543140632,0.013551075343967808,-0.09676769366370039,-8.24364052937222,1609.8817509570238,0.10762607621220764,0.326030156019748,23.66095524398045,3756.201213642568,0.007654736212581628,-0.060651758917388575,-6.03485001228017,1200.935152443753,0.11322015447261222,0.38779388425084943,6.465609599911913,477.01270282691775,0.004611933879990662,0.012288155388032266,2.928659301642189,216.98750701354612,0.17865369986230506,0.2391515510113598,-0.5396205360500959,1408.1536540724005,0.017417860758444523,-0.022421105222220555,-2.2739009810774355,-486.33427285071156,0.1513466984031275,0.3045119962436326,0.5030837289213734,-649.6761443774036,0.031216662836537554,0.015603349252200829,3.4389567078687495,-3.635412309302357,0.1372263597232223,0.3525149865239207,-11.939853833073366,-1343.6577110778844,0.03552498266463902,0.058439118877401545,1.8308687736155307,-608.0087263711226,0.12106230150949386,0.28728259194928146,0.07550940139863095,455.97391928321673,0.03587357342179952,0.08139502390503096,7.5981569367707955,-1132.0953578181263,0.10832799859110699,0.3028237989705708,-5.029619395645409,-195.26824885817484,0.03199503520531419,0.05492149198829695,9.165773330820512,-86.35502470027674,0.09573107665465333,0.2576652280778585,-7.027995377326271,948.264675379166,0.024422464515953812,0.05356848614256903,7.3962676563564855,-681.9847060798288,0.09573107665465333,0.2576652280778585,-7.027995377326271,948.264675379166,0.024422464515953812,0.05356848614256903,7.3962676563564855,-681.9847060798288,0.1440113081533363,0.009568257032365798,0.1110361640166517,0.01281427874886674,0.13205802245731815,0.0294084299004481,0.09573107665465333,0.024422464515953812,41.72345029731777,126.94381951931283,104.3722604769679,170.40737030103696,80.46456885591785,98.09631224111054,54.60855831722978,152.49553986665754,151.45678291314107,26.808429707040673,170.15927709502003,164.26773069919335,161.82518732282125,165.92742489224693,31.011950283677773,8.794291103721967,174.32880994661062,166.37761310050402,173.24502381997982,17.25426202918355,-8.865741288104426,7.256665590710091,-11.04177519914978,-5.080631679664782,4.797746900856798,5.762355654063966,4.887287322862637,-4.897531733729722,10.570346965787882,2.138246088361664,0.21363431254868856,-1.33570275656697,-2.1513500761227164,2.007829831000451,-0.8726573992211396,-0.889855992813522,2.66395455636587,-3.792490389944509,0.5986962998514044,1.4196955265408036,852.7217944664783,682.5580061305583,72.68480041613198,97.47898791979664,-222.43761054351916,590.0408976971261,-1234.9171610359592,1395.8877072384416,206.63274095112087,149.17372999553032,-334.76500126859275,364.3334328293,-11.225743471960948,-230.96973123084138,63.45331314654987,-33.513558147296315,559.2709902092969,-737.0351750738371,38.41749313178701,172.8602498800476,221.72345029731778,274.7796307780049,350.407370301037,260.46456885591783,178.56088109702839,303.95232277979864,331.45678291314107,153.1915702929593,163.03229319793928,178.76456249874596,196.93937517592468,211.01195028367778,171.20570889627803,176.8768989496674,190.49928584916336,197.25426202918356,-8.865741288104381,-16.12240687881452,-5.080631679664782,4.797746900856842,10.560102554920764,5.672815232058072,10.570346965787838,-2.138246088361653,-2.3518804009102974,-1.0161776443434158,1.1351724317793004,-0.8726573992211065,0.8898559928135523,-1.774098563552362,2.0183918263921914,1.4196955265407871,852.7217944664783,170.16378833592418,97.47898791980981,-222.43761054351043,367.60328715360674,1602.5204481895669,206.6327409511077,-149.17372999552538,185.5912712730498,-178.74216155624143,-167.51641808428928,63.45331314655208,33.51355814729329,-525.7574320619991,211.27774301183354,172.86024988005093
11,-,-,0.05527638190954774,0.15087328380434412,0.2726885831748974,6.082722598030234,-272.6838879057032,0.021197758710728723,0.017923325872850025,-7.973080788380567,428.1490327622847,0.14104750603617924,0.21891389781158027,-1.6356310657805717,-1349.6887668832833,0.012819591166779484,0.07667221435584984,-10.828853844007764,1191.949158940834,0.14100537763477639,0.07489927767699915,0.31271759537079064,-993.2412507438698,0.0029520540465502038,0.033216905519452694,0.4116480269798062,-384.1512222500435,0.14666226998514326,0.09254767125551941,-3.4529156418737874,-1419.9454401524413,0.0018930149244921618,-0.012348414521035009,0.017331562355897154,131.6764981559136,0.11776013319441167,0.3047370264434451,2.2049494681374995,-10.272370166217003,0.02497835691047559,0.03912041745592994,6.046092106781395,231.76219550122678,0.11607240433012471,0.34579326854712494,-1.8983213406218775,362.2641758341728,0.0133893181800908,0.05324082710686056,2.578749110297303,-336.3874974481657,0.10525256851187698,0.42162091349196634,17.066623662031702,216.85700503322005,0.01263624934800582,-0.09729496107748405,7.569395911672295,1267.5843781137528,0.10923798909445513,0.5604701960693661,37.08317292113678,-1919.8332758177623,0.0070451707963264665,-0.06065175891738866,6.03485001228017,1200.9351524437545,0.11498738034951944,0.47859874839402283,20.11032706406802,670.9572887416925,0.004704366545063246,0.03252486703885983,2.91329510582405,-432.8284609141896,0.1800635251119471,0.27076688176144315,2.14798952266586,-217.93830715597477,0.017228093696060667,-0.056711376548304375,-2.0452180421021042,682.7024669716587,0.15275428096832827,0.28473852667777017,-2.191458954736325,-178.41485025510065,0.03128958320069085,0.04291015199250326,2.0939337849396846,-757.1631683216395,0.13876596732354723,0.24730442339699882,-9.215800651350195,1638.4803277899996,0.03581284114861813,0.054468606941815975,-1.6925910112527505,-387.66545414899974,0.12234365027534286,0.28558027144192033,3.6556480793760686,509.70344890032027,0.036473420538809226,0.09807362206176902,-3.279037913591395,-1389.482549314743,0.1097056976226981,0.28841150914415004,2.585025946393573,248.79270393473394,0.032406477903651185,0.1061012684366352,4.596798757355376,-1454.0064570193952,0.09671819846973434,0.23727881014347402,5.371472752597864,1433.8345794879085,0.024884097924317936,0.08235728693518805,-1.5625574515239062,-1416.6735690741496,0.09671819846973434,0.23727881014347402,5.371472752597864,1433.8345794879085,0.024884097924317936,0.08235728693518805,-1.5625574515239062,-1416.6735690741496,0.14489710936511074,0.009715604712137643,0.11266209509607758,0.012550692355992385,0.13339188662859966,0.029682419068691335,0.09671819846973434,0.024884097924317936,40.45330523457399,130.6979219918119,100.35910662179371,169.39627662096837,81.71417984758423,102.26722942407987,58.499459664484405,147.6351290924824,157.8468205146973,27.243871896777645,170.67524889158202,164.38433113866333,159.85816953213362,167.7588882588951,30.07949028194829,8.7398613774479,175.4851205916189,163.51174933002983,174.26869105021453,17.994577650688825,-4.916291103618762,11.125817209330082,-10.546730550280634,-5.495377762668189,3.3502156798247467,7.877054609791126,-2.6968316926790648,6.273294863112744,7.650807119182172,2.579627517635278,-1.3993245739944877,0.3886235532838598,-0.9037936997860212,-1.037992059096601,0.3728592619578835,-0.6889264471427293,4.726892399297534,-6.044186730417517,-0.7939547727834194,2.8001755510462174,336.68824537990383,191.8647541635659,174.41210205216498,-29.588610835816073,-176.39548351856303,244.4243284500376,-1114.7525897110086,1854.9083396676544,-672.1269050251776,1.6922041903491865,-158.28194666774905,174.52551689877293,326.02910027960087,-642.8312769669253,298.86640226595244,123.19897379760798,243.8573626398953,-298.4356265389219,-258.82532013227,190.20461023368668,220.453305234574,269.75538324276215,349.3962766209684,261.71417984758426,183.9814092716641,305.4819496071797,337.8468205146973,152.75612810322235,162.08087921164037,177.696548072977,197.8383785408434,210.0794902819483,171.2601386225521,175.7750180309332,192.26326870090335,197.99457765068883,-4.91629110361874,-16.042108312948866,-5.495377762668189,3.3502156798247467,11.22727028961585,13.924101982294916,7.650807119182128,-2.579627517635267,-1.1803029436408676,-1.5689264969246832,-0.6651327971386621,0.37285926195789454,0.6889264471426989,-4.037965952154747,2.0062207782627706,2.8001755510462343,336.6882453799016,144.82349121634036,-29.588610835816073,-176.39548351856735,68.0288449314768,1182.7814346424898,-672.1269050251775,-1.692204190346933,156.58974247739332,-17.93577442136644,-343.9648747009716,298.8664022659492,-123.19897379761098,-367.0563364375019,-68.62070989858886,190.20461023369435
12,-,-,0.06030150753768844,0.15239504455717448,0.2705437346595363,-2.853712004968946,-968.9119529817706,0.02128853538518012,0.009032279107914112,-2.7239594976023622,610.3111541669869,0.1419902094513984,0.19048382717012577,-1.214895679079457,208.66334498230043,0.013082884212743812,0.035968111560661854,-3.105160185308581,1574.26403189616,0.14133098324211488,0.04564441015255573,-2.529845999217667,-35.0677464294947,0.003220050105878683,0.027031870445972564,-3.2686389761780394,-308.5812540672304,0.14695260772365237,0.046805340011835374,-6.838285032621045,-36.904095724209455,0.0018420009505562274,-0.005075890406625468,-0.10651884539739365,-254.32971652884697,0.11938370425063227,0.32968242440915596,0.7457256019023719,-542.2170851432556,0.02536459070015644,0.06719646569098581,2.0047465018981887,-826.021606087321,0.11783279806286912,0.3490755081979301,0.875571793389431,983.3510649486723,0.013817311321836057,0.044233028271729695,-2.978873990413481,-480.1167856448465,0.10789347611491248,0.5017326061738036,8.267061559582897,-1146.2268579741735,0.012573236539168975,-0.020693362893124654,4.495900959208194,-2598.173248018273,0.11325894250436207,0.6987253612573031,4.366148451842157,-4252.826499799503,0.0070451707963264665,0.0,6.034850012280162,-600.467576221876,0.11803019214491395,0.5899077240907288,13.208898933999267,160.45218481932002,0.004938816965808349,0.04156750318525887,-1.421375481414987,-701.4015364393515,0.1813749750558874,0.2607393854100116,-2.7299552813362715,-297.1902954981824,0.01684789717504448,-0.0429760604192266,4.587430345270885,525.3730081103099,0.15420839213858248,0.28248728313070476,-1.290030343994209,-146.6655827541823,0.031647920645507435,0.03664790990486095,-4.170723375765809,-581.0041380121795,0.13971183131515194,0.2598938744500495,4.527285139690428,978.9046760473491,0.036072405849983905,0.04142815394018799,-2.0652664439623516,419.871478581152,0.1239324549913222,0.32402277365155346,5.198157129040035,-234.0646232970869,0.03685923796513388,0.04843986899456472,-6.366491800060777,508.0721741461587,0.111226606723209,0.32880395923583283,-2.5291902103717043,-906.6531867929641,0.03306137961171253,0.10112047447428058,-5.447356890479924,-722.2259238725294,0.09811578831438673,0.3116498788577365,7.382402406471788,-539.2248611656354,0.025250175942438113,0.03786439115237904,-6.841657660971634,252.1764338533198,0.09811578831438673,0.3116498788577365,7.382402406471788,-539.2248611656354,0.025250175942438113,0.03786439115237904,-6.841657660971634,252.1764338533198,0.14566721124358503,0.00985836766358971,0.11527982261553797,0.012747825264659257,0.13476167475642328,0.029956502864970053,0.09811578831438673,0.025250175942438113,38.26066402336712,132.08459355176385,99.94959323544091,166.22647723616237,82.3504256566764,104.78400982830387,52.989581898179466,157.96477552728948,156.18007805951135,28.581010200076484,168.39166652212535,165.8819893210279,160.5035962109456,165.85596777863617,30.785769967188415,7.542375513997093,178.52467624581777,161.7569170331641,173.17412320222178,19.001908004799255,-5.481939826999868,9.18495457727859,-9.28888975138933,-5.3780046528890635,3.024927971021996,8.218881568134693,-6.316256292323367,13.744763137301957,3.8153026941780657,2.1552531656516054,-1.3771390207955212,0.4183225388980827,1.1253242985466347,-4.452786017913363,2.13102503561255,0.3483246483684662,5.114782321590946,-6.791843420486434,-2.0025631989653765,3.331299649492426,-108.28636481938291,-339.8854951444946,208.64208410185987,22.957046223246273,228.78377834924464,214.6603842004758,-264.66077027396545,1042.7636278022226,-334.65869497853754,-138.8652752577306,255.65733755245833,-239.94615668588904,336.5284666358287,-505.9274005077975,292.55302826315113,215.93379334175305,-231.9286844391615,247.60112524528014,-203.6515177080683,-27.954716439822093,218.26066402336713,266.1760704716033,346.2264772361624,262.3504256566764,187.1344354849803,314.1448535868008,336.18007805951135,151.4189897999235,163.02732327779813,177.14533395677023,196.64173774582457,210.78576996718843,172.4576244860029,173.93294824018514,192.17603120702103,199.00190800479925,-5.481939826999846,-14.666894404278437,-5.3780046528890635,3.024927971021996,11.243809539156711,17.560065831480067,3.8153026941780217,-2.155253165651572,-0.778114144856095,-1.1964366837541336,-2.3217609823008125,2.13102503561255,-0.3483246483684662,-5.463106969959412,1.3287364505269776,3.331299649492487,-108.28636481938618,231.59913032510843,22.957046223255112,228.7837783492579,443.44416254971844,708.104932823685,-334.6586949785331,138.8652752577295,-116.79206229471565,123.15409439116465,-213.37437224465964,292.5530282631467,-215.9337933417486,15.994891097395287,-231.60623414788927,-27.954716439825408
13,-,-,0.06532663316582915,0.1535923163134852,0.2440080605118929,-3.6550859746508935,735.4345885962488,0.02128853538518012,-0.009453151489987826,-1.8393003444912426,337.62726626131547,0.1429619163594971,0.2067038909866611,0.4614879792676772,-111.92409127549169,0.013181079725178096,0.045464574302497215,4.992895220275277,628.8610785143055,0.14146411542525433,0.04947368974516326,-0.03972206723719684,170.80844911573138,0.003223731136459476,0.00036626254278893143,-2.6896711093742733,390.6017487064887,0.14713267541239788,0.0238211885156093,-3.8238110762879534,480.07949936469225,0.0018420009505562274,-0.013418955680807811,-2.5387459906978456,-498.433670741585,0.1210735243945037,0.3122317561108056,-3.244468473000756,-189.67530684387543,0.025653698274204093,0.059268623505158,-2.255632577513301,-603.4877649095703,0.11958070089492803,0.35459298506360165,7.984603935244191,867.455984843006,0.013833871228047884,0.023302395042403418,-2.2465452177916148,65.69842552758737,0.1102951072673926,0.5047069593169202,5.546755742693258,417.0004350138246,0.012428275851592507,-0.05211002681408503,-18.54289803826014,-1971.2324129288654,0.11626035453422703,0.6043510850326039,-5.658801951220099,82.17896132966365,0.0070451707963264665,0.0,0.0,-641.3613039162078,0.1209161011946524,0.6113515014995433,21.72291183612149,1033.9299038976783,0.005122130396171376,0.018239686321121246,-4.135966566933263,-183.85864714905517,0.1826840214477261,0.24333014526560118,-0.8388476180193957,920.9897614895746,0.01679617349084231,-0.010606548957642138,3.234912692674888,-400.9859777129508,0.15559334914049616,0.2717733975924012,-3.6654849120647928,80.36125517496464,0.031657903903252266,0.0009933341456106412,-3.7453037830219276,327.91419029657976,0.1413779660617387,0.29280477655971676,0.6224372988744347,90.21415469017163,0.036229204504800924,0.033712160268827486,2.527222843834211,668.9438296165885,0.12560016056329817,0.3378230566584032,1.3032398050334832,-885.9872660502389,0.03696025339302596,0.034088779850102814,1.82721509290267,1424.6248683043987,0.11301026002707834,0.26299251205498714,-6.527066383183969,957.3065983021947,0.033422764079272096,0.05135396300467608,-2.6617532413635234,1103.7484633758147,0.09985035805624426,0.3114738092034921,-0.04787258575023934,-619.3064692399494,0.025264644569065464,0.013596908432960459,0.9718790696149903,1255.3637998126148,0.09985035805624426,0.3114738092034921,-0.04787258575023934,-619.3064692399494,0.025264644569065464,0.013596908432960459,0.9718790696149903,1255.3637998126148,0.14628775587765863,0.00988383679934348,0.11762515765714077,0.012816629309268465,0.1363526858827636,0.0300551573233765,0.09985035805624426,0.025264644569065464,37.33157198246023,135.88596401507704,95.14450328243397,166.30110468494922,82.80175538372842,105.8059742367879,50.67117280467055,160.3794637286611,157.55709308718463,28.74882730004461,169.07762444514114,164.8263937521617,161.65294187179134,163.89850682063556,31.795705810225666,8.845905378845181,178.85299780312948,160.19948636704981,171.51583192449746,20.58577852647807,-6.004596277682913,7.709882584762291,-8.449825182422742,-5.264653680022497,5.649550135596053,10.034445405775811,-5.356738931613395,16.753331323436605,4.287403149548624,1.1839966105224056,1.17009590391967,-2.022895609388396,2.478401944795177,-6.122689551637287,3.3130907017885525,1.4812624306638371,2.3959508471451536,-3.555733210364447,-2.840703694472551,2.5192236270279045,-181.07634571445845,-400.92052501884984,513.6994023690221,-293.85522306463605,614.903122855822,608.3056132477083,787.0866989280504,85.26256049946794,350.85947667601744,-207.66218844755417,618.003567395338,-451.59224551128,-68.92009939898159,38.419274532437825,71.75169143003328,89.81567845771977,-508.7174898687607,756.8021972804545,-226.34066150999146,-111.55972435943197,217.33157198246025,261.4456079673832,346.3011046849493,262.8017553837284,188.6077296205163,317.93655681584573,337.5570930871846,151.2511726999554,162.17354825481425,177.34715450265256,195.69421263086122,211.79570581022566,171.15409462115483,172.30109681802534,192.10161045097553,200.58577852647807,-6.004596277682925,-13.71447886244526,-5.264653680022408,5.649550135596186,15.683995541371822,21.04073447298523,4.287403149548624,-1.1839966105224056,-2.3540925144420317,-0.33119690505367977,-2.8095988498488125,3.313090701788519,-1.4812624306638233,-3.8772132778090653,-0.3214800674446631,2.519223627027888,-181.07634571446835,219.8441793043859,-293.8552230646316,614.9031228558308,1223.2087361035303,436.12203717547646,350.8594766760218,207.6621884475476,-410.3413789477861,41.25086656348953,110.17096596247113,71.75169143002891,-89.81567845771977,418.90181141103653,-337.90038586940915,-111.55972435944408
14,-,-,0.07035175879396985,0.15484738687387692,0.23380920225098464,4.537590392983295,869.0779380270795,0.021193528837542053,-0.009453151489987799,0.6692793592952765,209.7446471050687,0.14406763549146534,0.1951218973135195,-2.339760918029121,-269.7009854980333,0.013539814607743783,0.08614796302071483,3.2150516590562903,-1079.1768047931223,0.14182820625462908,0.045245193396403,-0.8131781689088112,149.95609697259113,0.003223731136459476,0.0,0.6570067394650587,523.3781921252166,0.1471920166534575,0.008375077938589659,-2.013365441016104,308.59989720730186,0.0017071370743672043,-0.030590925489015847,-5.115902470940955,-67.59070424243558,0.12252171184973584,0.29707470106241474,-1.1605588889908462,141.00738974976568,0.025960255257997222,0.04452679154512351,-4.060457165534671,-172.47701015001127,0.12139654665647315,0.4293227839290274,9.593722394826667,-750.423673194426,0.014051506246885337,0.021654684374326556,-2.3185883067191364,-215.42148324956864,0.11296590786684133,0.5574788950450925,12.458020705450476,-352.5044920192682,0.01204951767671586,-0.20705414719724646,-15.315480075252742,2785.6952721866705,0.11933282275594602,0.6418529798380057,5.19206766118551,-139.1990051651273,0.0070451707963264665,0.0,-0.4109922381339796,-1308.384890107877,0.12417442834088925,0.8082284460617988,23.60015424955381,-4610.066349390868,0.005122130396171376,0.0,-3.2692010809029766,257.3032973664101,0.18382050415403414,0.25230875608318354,6.526223226096628,149.81627342220676,0.016741298693058126,-0.010464375065710177,0.5574205190100785,-325.91937431147113,0.15693978306915937,0.24564823878834507,-0.4823795382156708,837.5896744868102,0.031657903903252266,-0.0009933341456106386,-0.8751033727851124,2.7871494370837016,0.14265459288861643,0.2661495256950187,5.43396006119969,938.4770268541719,0.03641122153107765,0.06682737850133581,4.657787120023454,-495.86091741500775,0.12732766159090414,0.33712066113932715,-3.7062375046306966,-772.5903667109931,0.037201838767647474,0.0668038397775061,7.951346072345222,154.74738396478645,0.11386974754788223,0.2632053021184061,7.0919816318613975,1047.6512549726922,0.033577499842915304,0.07436918561635575,5.645592490181516,138.77021294405546,0.10124617835663288,0.3111687473426587,1.1582167859697905,-521.5511644005497,0.025386828288498017,0.04763201999273069,5.775063945185285,-210.24801188634555,0.10124617835663288,0.3111687473426587,1.1582167859697905,-521.5511644005497,0.025386828288498017,0.04763201999273069,5.775063945185285,-210.24801188634555,0.14698381131835722,0.009916052914028129,0.12007828349397712,0.012845716074819252,0.1376430779345382,0.03016276517107481,0.10124617835663288,0.025386828288498017,35.375072525358085,137.62288701255315,93.54020514948539,164.21198036331955,84.60258948270727,108.75577525268338,51.525443331624196,163.4954339191541,158.33748748461235,29.026697726106786,169.37787881700777,164.5483248481288,161.97442502005526,162.09556977066833,32.97710381803302,9.289981743085237,179.79677515184233,157.9568922511955,172.53843311125667,20.41791774262024,-7.3018025979994485,5.1556025670388985,-4.126081687379064,-8.331323477659272,9.204858853995074,14.332505821880497,1.594162792380647,14.601673293075503,7.3415285904194425,0.06819599532443005,4.833952108805859,-4.1202929938785955,0.43265998297898145,-4.06666265577831,2.852147562547557,1.2509947836219302,0.002043729945115699,0.8142088134879739,-4.27734371665373,2.2100963895986387,-176.72580003575058,-477.6758922301749,1127.0766185355194,-826.1265263410941,640.8063030863038,371.54523927393967,1457.1143646041094,-1201.7282585544342,756.9654363105682,-144.8030355670735,546.3198392942114,-250.9214748919283,-511.47960300508703,541.2411108602589,-180.35683669040463,-134.911852418216,-270.6114223488098,736.956913005823,-255.632811493651,-75.80082674513615,215.3750725253581,257.7521855128049,344.2119803633196,264.6025894827073,193.35836473539067,321.8329214037664,338.3374874846123,150.9733022738932,161.5954234568854,177.0470986087566,195.07267358870132,212.97710381803302,170.71001825691476,170.91324310507244,192.9563508538769,200.41791774262023,-7.301802597999526,-12.45740516503838,-8.331323477659227,9.204858853995162,23.537364675875594,21.9432018834949,7.3415285904194425,-0.06819599532446319,-4.902148104130322,-0.7818551102517267,-1.2145150932307522,2.852147562547513,-1.2509947836219302,-1.25303851356709,-2.06724732705502,2.210096389598578,-176.72580003575385,300.95009219442966,-826.1265263411028,640.8063030862862,1012.3515423602545,-444.7628222438574,756.9654363105682,144.8030355670746,-401.5168037271456,-150.59532883521294,360.8842741698653,-180.35683669039804,134.9118524182146,405.52327476703766,-331.43363823878104,-75.80082674513892
15,-,-,0.07537688442211055,0.1559421575421383,0.28961198405946376,5.07936566381223,-1530.629762614871,0.021193528837542053,-0.002726725768427248,0.2686860585747778,-435.70882605154725,0.1449229404531003,0.18318870588084074,-2.2490746890542694,455.9366330031151,0.014046888398753121,0.07777665127793737,-5.853102817846571,-1089.9059318905024,0.14191884098702723,0.04130104483150685,1.467374384748646,725.6189753611822,0.003223731136459476,0.006969345351482999,2.5704112235424854,522.7629685036494,0.14721684704997165,0.003586359962683601,-0.7223045716919496,164.82400116054419,0.0015345544632294345,-0.06483506091639538,-3.21804955092333,999.7383850505012,0.12405919978206566,0.3005678476787368,-1.827308777023209,-31.022185039143263,0.02610120371686865,0.018460008776166263,-3.9890698654531156,177.34286970243525,0.12389550274346098,0.4510123056146236,0.4426574709785913,-376.5261779705777,0.014051506246885337,0.0,-4.4115852504505995,-360.82865405051973,0.11589791023266992,0.6299131975626538,2.0039970289317632,-2599.431659971533,0.010347329648605103,-0.206034449680947,9.454039370651168,1498.3678087625563,0.12271113825119193,0.6565326695671317,-7.0577869277540435,-2215.699908372604,0.0070451707963264665,-0.0041305752576279425,-13.149596885506323,-2691.8643483273063,0.12903900015004738,0.8485389813945569,-24.609413283384793,-5887.680736850286,0.005122130396171376,-0.014616605949260484,-1.5500037793311472,-1451.8811390539513,0.18521978784052193,0.3089203284424518,0.666843572153539,-1489.903823180989,0.016691003892191955,-0.005004332686184053,-0.040658908445429624,-279.8987831040628,0.15806217566098205,0.2669253620324447,4.752501766194619,164.75875017032223,0.031647920645507435,-0.007801674626099045,-3.717292230890433,-272.7491388958455,0.14405283566671376,0.347417440491372,10.05436721700683,-1637.7439237581668,0.03690083644953797,0.08052409112333464,-2.456303964356829,-1158.3542205751417,0.12898830791143212,0.3005744385214112,-6.4614874985946,120.88212006832958,0.03763164876767426,0.11400180570281873,3.382465183001029,-1627.1266555010213,0.11565553944535378,0.3342687093601269,4.002091958250139,-1520.5717885591966,0.0341701930804415,0.10809358602157583,-1.2670777343880895,-1507.9969905970993,0.10297768215014033,0.3231141789117312,-5.289592830981903,-871.5667972234943,0.025743358337836628,0.07163775210316442,-1.1411662759764258,-1283.8505178052917,0.10297768215014033,0.3231141789117312,-5.289592830981903,-871.5667972234943,0.025743358337836628,0.07163775210316442,-1.1411662759764258,-1283.8505178052917,0.14750019650805937,0.009999675708996021,0.1231205502318872,0.012533468160971386,0.139159388112524,0.030464160195531626,0.10297768215014033,0.025743358337836628,32.9658909720445,138.47853504303143,92.17132926324123,162.31602666577186,89.22167568739907,115.63007821594331,50.7097731234558,171.0460338448561,163.09594693503044,28.84355146845775,171.71039007167875,162.223421315678,162.66880719660514,160.94227308361675,33.61155686396357,9.551152202480184,178.35205298596264,161.16920609104207,169.99703443141595,20.93055428909914,-7.780734971509555,2.9091198487806267,2.87757801893928,-13.567432839229484,12.089814488222233,13.768568413554105,9.287626541794763,4.675660383191015,11.895095976790527,-0.27131027959893833,6.6607475551177835,-4.544719477648986,-2.6620965778690224,-0.6830803972628173,1.5004591772618698,0.12536441641040788,-0.3237619402800748,3.850868930397606,-5.409877679333369,1.7574062728054294,148.58639775952514,-91.27463557780148,1327.2199156374743,-1087.3588823001523,489.31472266326125,-747.2540116545814,1511.8928565855188,-2307.671494919684,537.8393493428428,-26.500728610528444,91.49799712128954,80.67012985878681,-437.476361347174,514.867974881731,-223.05901190409398,-134.605210863567,-4.587560078848804,299.472574137975,94.69040770661813,-254.97021090216603,212.9658909720445,254.4873559290131,342.3160266657719,269.22167568739906,204.85175390334237,334.1419807798866,343.09594693503044,151.15644853154225,159.4460584598635,177.2226371441855,194.55382994758034,213.61155686396359,170.44884779751982,172.09679481155717,190.92758872051508,200.93055428909915,-7.7807349715096,-10.689854820290183,-13.567432839229484,12.089814488222189,25.858382901776405,16.57075635998163,11.895095976790527,0.2713102795989494,-6.389437275518878,-1.8447177978698925,0.8173787799990856,1.500459177261903,-0.12536441641040788,0.19839752386971113,-3.6524714065278947,1.7574062728053852,148.5863977595383,239.86103333733544,-1087.3588823001567,489.3147226632503,-257.9392889913246,-1769.8321455768273,537.8393493428472,26.50072861053504,-64.99726851075451,-145.6673983695369,291.80896297763707,-223.05901190408517,134.605210863564,139.1927709424304,-160.27980319555778,-254.97021090215836
16,-,-,0.08040201005025126,0.1577580600805047,0.2848581033948261,-10.845623301638506,-747.2543393863352,0.021166124558462382,-0.0067527890922513415,-3.7097038171021786,-446.89471008006933,0.14590872801288082,0.17251813159438115,2.2425168005951464,2000.7538251942042,0.014321489494959233,0.02732280907250816,-7.738776802154778,-518.7733365334891,0.14224329213233267,0.059992674650158215,6.479474849796528,1966.8233103076423,0.003293774808333677,0.02583327862856766,5.910905920406253,1417.7362280568207,0.14722806047217793,0.0011157355095248469,-0.35684281628701875,120.90076320846366,0.001055528421941121,-0.06293313203095882,4.931719489365578,943.2496707063716,0.12554249423846686,0.2787097887305232,-1.4723396431530897,660.1069812339574,0.026145782984390853,0.00443563711845908,-2.278116766515223,-37.94811156679916,0.1259293336475749,0.43377160273283233,5.809539701655036,-101.70765052946197,0.014051506246885337,-0.02268285583120705,-5.945006940392697,-851.1525588713931,0.11929669377199362,0.5776195687026981,-13.666920600796056,-2600.0468835931115,0.009978819689972676,-0.11203867613542579,-0.25650712286526073,-1180.4743062415557,0.12593114104305286,0.5709204479007792,-17.076273126478824,-2495.738515026986,0.007003657477154326,-0.13215675261815385,-27.464905286649586,-307.05251658331065,0.13270245830465363,0.5608976592941127,-35.57251647255955,-61.056283655784505,0.004975229833867251,-0.015577927430463772,-17.860971322651213,-2949.1862888337882,0.18692523107305375,0.2590107015319628,-8.447684544566561,3.1506906680336044,0.016691003892191955,-0.010873007311392886,-2.255632577513162,-309.5879836298003,0.15962245002425932,0.2934120756345221,1.1734872976669626,-313.2420390791271,0.031579495113040215,-0.038353055059082285,-3.616300748622752,362.54382293490386,0.1461462254563689,0.3671984424488561,-11.025777866018046,-2111.512720216735,0.03722050887905086,0.04214090649774962,-6.983963840530719,-172.80326510084072,0.13034851021926003,0.27218108828913024,-2.491341825552009,824.5581195935304,0.038347585558630576,0.10079846473229027,-8.401685641232861,-1334.4852861744594,0.11722923206406441,0.3034273318495632,-8.190146896371717,-610.040828636313,0.03466386754162461,0.06163473602451567,-9.510156159035542,-484.125060755096,0.10449355703916284,0.2580070103478658,-7.601248512758784,756.2310113192515,0.02610680569657002,0.03616301219397265,-7.127956334264868,-250.5824453793111,0.10449355703916284,0.2580070103478658,-7.601248512758784,756.2310113192515,0.02610680569657002,0.03616301219397265,-7.127956334264868,-250.5824453793111,0.14828453517447404,0.009959229320924103,0.12588042420114837,0.012430999246454088,0.14079420097936154,0.030768211113518035,0.10449355703916284,0.02610680569657002,30.01240116333977,138.39838236114042,95.79491599996915,155.81910280223016,91.83199972529361,119.71946645539272,55.70491524352089,172.52275576854524,163.32379516862022,28.604095359656828,174.10960604743525,161.3671105341981,160.23515574006842,161.78699728813052,33.897035030510814,8.998235865068171,179.02915162882348,162.19375194199233,167.30376263024624,22.475097933869737,-5.808471967250454,4.238269546156473,9.212811937118149,-19.25955345052511,14.122594760158497,6.822415252487729,16.789065873642123,-8.591005047825812,12.746949186829916,-0.1981429856859058,5.75352996932133,-3.30953791992094,-3.9640873672438675,1.1078898555958658,0.61034844793355,-0.10182140596165631,-0.04406240150060087,3.8239834279399805,-3.325681327642494,-0.3524182928351879,692.1508790367825,886.202241725925,2035.8233673791954,-2229.8747300683344,-1.7470817387794784,-1790.8535856949732,1030.5477190303602,-2494.2480433365586,-328.90034312754227,57.89815892924698,-361.0646686564968,284.27806471324874,-29.67616684617218,189.96229248163115,-141.39768062144248,-1.4977372420755166,52.770415341052995,-203.495645294686,741.3061930517832,-589.0832258560703,210.01240116333977,251.61401880219933,335.81910280223025,271.8319997252936,211.5514661806864,335.8465509371655,343.3237951686202,151.39590464034316,157.2862985929079,175.9191880587098,195.68403231864133,213.8970350305108,171.00176413493182,171.97261250610833,189.77886056411594,202.47509793386973,-5.808471967250399,-10.046741513406872,-19.25955345052511,14.122594760158476,20.945010012646204,4.155944139004194,12.74694918682996,0.19814298568593894,-5.555386983635391,-2.2458490637144073,1.7182383035294158,0.6103484479335942,0.10182140596162594,0.14588380746235935,-3.678099620477709,-0.35241829283517134,692.1508790367901,-194.05136268914345,-2229.8747300683303,-1.7470817387750597,-1792.6006674337593,-2823.148386464118,-328.90034312754227,-57.898158929248076,303.1665097272575,18.888445014008834,48.564611860181024,-141.39768062144577,1.4977372420755166,-51.272678098981885,152.2229671957041,-589.083225856057
17,-,-,0.08542713567839195,0.1588050530536441,0.18061074484701659,-2.4307281993670093,2317.3889157619537,0.02112566161048425,-0.0400101812166903,-4.222718062832949,295.9598482550506,0.14665679102188806,0.20572656317325425,17.85900395611359,1995.1702047499691,0.014321489494959233,0.0,-11.06690519506756,-989.7922698350955,0.14252178244079766,0.1064213950807181,21.23444283005156,4365.328528416534,0.0034833620774501056,0.06637543500380708,16.819016530646195,213.60377709492408,0.14722806047217793,0.0,0.4927784756292916,285.3146152878528,0.0009020606739735676,-0.015270040922771535,6.261846637080393,-5.564977304224631,0.12686030318639252,0.28577046433046455,4.806932240403491,262.514055009687,0.026145782984390853,-0.004435637118459068,-4.370457921400845,-491.89925015491974,0.12825501633876582,0.5093996392995987,-0.579529971528563,-3696.804169451049,0.013823537846571698,-0.05974881347128332,-12.965882324534942,-1059.4803273328732,0.12170313202867693,0.4925572116250052,-24.127127429290432,-2348.4111008010896,0.009221312803022935,-0.20861241071476871,-2.4100240086609346,2060.9432028377078,0.12844903219994347,0.4849118341251337,-32.14058607375387,-2359.4385181392195,0.005716962227299796,-0.28015977411842746,-16.235551826042105,3861.4044529309567,0.13467616255501333,0.49102625302712466,-25.223044274900214,-1068.2892110053192,0.004965568311443097,-0.1941238554231418,-31.19006698369079,2260.3409072164345,0.18782291046898386,0.22401897623575281,0.6985088049980978,1132.6266873095233,0.016581727436801072,-0.02767400683204495,-3.152095929850454,11.484174269290794,0.16101104074273603,0.27871920422005236,1.6043405694194768,-495.03129768288267,0.031262462805717664,-0.044146405768036204,-0.07363571898185596,522.296890002458,0.14774327227423995,0.23660560264194455,-11.166866152005559,1977.2821118743539,0.037324363148007814,0.010333499761216945,-4.1930201965260805,257.7693758676164,0.131723796235946,0.27553582720933073,1.8255287787273033,497.44558431906637,0.0386446986644812,0.0295627540321368,-10.029447240862867,74.40477192982507,0.11870506036846497,0.2519556752257379,-2.128971646134909,1876.1244339762561,0.03478963766360246,0.012514127136796617,-6.1326562344393,441.4881994662821,0.10557071743001838,0.24671972149707017,2.310718840568354,1022.9304512696535,0.02610680569657002,0.0,-3.6595828124519114,371.3154203272714,0.10557071743001838,0.24671972149707017,2.310718840568354,1022.9304512696535,0.02610680569657002,0.0,-3.6595828124519114,371.3154203272714,0.14880292174712692,0.00995814346421679,0.12798872926175842,0.011974632834545676,0.14209613292006487,0.030784949235863373,0.10557071743001838,0.02610680569657002,29.25293855923212,140.13600503129985,97.86083994063873,151.25609358729358,96.45763193324001,118.62763559791124,62.53617735122181,159.42939634339163,173.11969383653778,28.702738190327732,175.8524114853769,160.15655544880036,158.79341018992548,163.02705044393886,33.4678342416306,9.354219657709594,179.0613190323287,162.61504488237884,167.40487952989497,21.5645368976879,-0.8244447299338605,11.815675042005992,23.33811437450906,-35.9782341464489,12.072255877782238,-4.229960085892841,19.644890049637567,-20.392159147829645,8.589564890081563,0.31058076491610603,3.0319569153540007,-1.6876535006314142,-2.9603495109963807,1.22608837139679,0.07937695996094228,0.11031178081165899,0.20659399279583412,1.8056865656268948,2.040435818674494,-4.163028157908838,1157.9950150373415,962.719117666264,5262.554606551584,-5479.460005866185,-927.2575706187205,-1864.912861148106,-624.7734745663251,-1239.8270327781547,-927.5699244223442,72.22805309848472,-456.0900119063661,180.67945495202605,336.9814338085026,16.760235932593933,-150.55916588523786,20.243004706827115,37.346470970416526,-279.3980937503571,736.7780757187763,-522.3359691922038,209.25293855923212,249.1169335279323,331.25609358729366,276.45763193324,215.08526753115123,332.5490901799294,353.1196938365378,151.29726180967228,155.44485032429534,175.28829487549496,196.49488468556947,213.46783424163058,170.6457803422904,171.58446130996174,188.96941642758284,201.5645368976879,-0.8244447299338273,-12.640119771939863,-35.978234146448855,12.072255877782238,7.8422957918893985,-11.802594257748169,8.589564890081563,-0.31058076491610603,-3.3425376802700626,-1.6548841796386482,1.3054653313576883,0.07937695996094228,-0.11031178081165899,-0.3169057736074931,-2.122592339234388,-4.163028157908749,1157.995015037335,195.27589737105774,-5479.460005866189,-927.2575706187163,-2792.170431766824,-2167.396957200504,-927.569924422353,-72.22805309848911,383.86195880788136,203.18250385584656,-133.79892995264723,-150.55916588524116,-20.24300470682409,-64.95598722379668,214.44210652657793,-522.3359691922028
18,-,-,0.09045226130653267,0.15957324344580134,0.2604286742554591,12.444717560290714,206.56599172699705,0.020764012184425293,-0.04919216660816044,-0.7352329803679972,305.66360264978573,0.14797633166286328,0.35200560854024665,22.29447865737879,-882.5848929916274,0.014321489494959233,-0.083902368767367,-17.686437805522587,567.2641437972105,0.14331285389193787,0.27340416037931997,50.35212337659594,3603.308822112484,0.003960864607366915,0.1948686206451126,8.057677549500971,-3602.7402063410736,0.14722806047217793,0.00606828300328658,2.5106407544451748,1896.4734213381162,0.0009020606739735676,0.0,4.875790069222616,855.3472653821049,0.12841455920661224,0.32702066551849807,1.1659925679995482,-903.4652098448012,0.02610120371686865,-0.03948856309662486,-7.221827823348596,234.59595278848315,0.13104892801239498,0.42794718090842465,-31.344271046596774,-2730.026856004712,0.013451015659234247,-0.15299323095216144,-16.59305043117536,1244.988892376141,0.1242470175069183,0.33513587594601,-37.26904221688744,99.79672867461505,0.007882212547110676,-0.13626002295613873,20.45648989057907,1618.699956199549,0.13080462681315472,0.24789948233541317,-40.78922305752629,1485.4387911395588,0.004187981355361081,-0.29532812775425565,11.343179667430446,4311.915932180269,0.13763739552100665,0.3073997268830549,-46.30909145753765,-384.77576744159876,0.0030242363120266263,-0.32904593731680387,4.856022719725046,6267.627931019606,0.189176678070398,0.2660308905269186,2.9354982424638427,-448.40480442395716,0.016412873170261855,-0.042552363390291975,-2.1402137406358674,272.70253104570196,0.16242364805662166,0.30953610145783345,-3.8017016237690524,-1068.4476776957517,0.0311358126430097,-0.03909311253628687,1.6329142262763312,-27.47998843009206,0.14852417121156433,0.2549686318759357,8.846404162869963,908.9462930188064,0.037324363148007814,0.0,-4.393316846886329,-762.168851424398,0.13311771451282114,0.2905281111909122,2.508111283182335,-233.57990165585724,0.0386446986644812,0.0,-7.653898988671804,-156.71423523979223,0.11976144990552912,0.2820306318884083,10.665375053138424,63.67564483246165,0.03478963766360246,0.0,-5.073088827716117,201.9704577052558,0.10697315223008817,0.281230315278201,2.6794595402025747,-505.2663815690166,0.02610680569657002,-0.0006167145643380744,-3.3961430646440443,-263.5021414321907,0.10697315223008817,0.281230315278201,2.6794595402025747,-505.2663815690166,0.02610680569657002,-0.0006167145643380744,-3.3961430646440443,-263.5021414321907,0.1495226223681951,0.009987106740181252,0.13043050541201737,0.010929329918120257,0.14332946899783708,0.030735698497655506,0.10697315223008817,0.02610680569657002,29.05382606952218,143.28707403233273,103.76592788247828,142.00082415471115,101.76357018753923,117.54401485724492,68.70233407451582,160.27101621410588,170.33423475616243,28.825216828761715,175.17514336946473,160.89792775169053,159.00181773233695,161.92468425630608,34.17521006143995,9.311016695121424,179.01139082483715,163.11702666635912,169.38543713601248,19.17512867766982,5.829668887396212,13.913838567927986,62.10280798286279,-74.32950325822556,4.803423196151242,-11.920427573121405,10.509935475990604,-21.05157824157613,3.424638388615387,0.5277670957059015,1.1697107541819654,-1.4936640008050976,-0.577339288766449,1.276334437832991,-0.902808998149245,0.10162587752404363,0.33127901528750553,1.0159623852228195,4.079123453450747,-5.60202602341011,1163.7869746489848,-1035.8321063853575,3776.605754754515,-7623.237792921345,-1645.8333624736301,-925.8000673509167,-2131.858128112952,457.31034263342457,-897.085644345026,7.428532418763028,-384.8194945313254,200.64399890455834,481.8557578453006,-215.1494234682168,-89.95937116908858,-49.30933301512565,81.54927271319768,-104.2414040214337,63.916862299188544,0.7180904776319621,209.0538260695222,245.76675203718946,322.0008241547112,281.76357018753924,219.30758504478416,330.60525097026834,350.3342347561624,151.1747831712383,155.99963980177353,175.10171205008302,196.09989431774602,214.17521006143994,170.68898330487858,171.67759248004143,188.5605658136823,199.17512867766982,5.829668887396202,-8.084169680531916,-74.32950325822559,4.803423196151264,-7.117004376970163,-17.626939852960703,3.4246383886153424,-0.5277670957059126,-1.6974778498878338,-0.20381384908278036,0.3735254396837129,-0.902808998149234,-0.10162587752404363,-0.5069401847366034,-1.5229025699593346,-5.602026023410082,1163.7869746489814,2199.619081034348,-7623.237792921349,-1645.8333624736347,-2571.6334298245492,-439.77530171158855,-897.0856443450216,-7.428532418764127,377.39096211255685,176.74696320799407,-305.1087946372977,-89.95937116908968,49.3093330151273,-39.60645124460886,64.63495277682486,0.718090477618706
19,-,-,0.09547738693467336,0.16142242666425172,0.3056832831413955,-0.3546880815077448,-1469.3497612784804,0.020631267976231382,-0.04739945740129328,-1.150722056302443,153.38643474128705,0.15019453583133777,0.42979167530771417,8.988804026549506,-988.095744090772,0.013478249607850018,-0.17775314377409612,-5.365758021226256,2695.835337157457,0.14526956294712248,0.6124728863027873,57.44860184625738,-2951.26499894912,0.005441840676898471,0.1473571189183896,-19.389427754188674,-2381.670462645974,0.14728904824105518,0.025232570396433885,19.552812860936967,5494.627415227557,0.0009020606739735676,0.03373287434579742,14.858301565543748,325.3321153999894,0.13014694304084978,0.2974889826018168,-4.273120119845758,-499.58954542448953,0.025748913003520252,-0.07701682127271622,-2.0127096521698618,1240.9433309858312,0.1325559930313128,0.19438183983631493,-28.016985810771864,2828.84481982678,0.012285917434992188,-0.22651313941274404,-0.4534311448752497,3189.0582502557318,0.12507133178692828,0.11799397326432778,-23.12414523155561,3201.017824596214,0.00785186533612707,-0.0030195474928687524,13.858317259676223,-1764.93674673256,0.13094048428371646,0.07496989384848808,-17.211552996974405,3449.633418700516,0.002748840340322356,-0.16615796841560904,27.100286688332407,406.5882412972598,0.1377656070463003,0.025608248428756905,-29.09013741501678,4375.861902543387,0.0016585739665506,-0.14531960698369417,31.80116850394337,955.5261784276765,0.19049658776071168,0.2535214711348869,-3.808072143986391,-55.46334164148872,0.016154065493180048,-0.04918369266758128,-0.41136697461727184,165.82140915301576,0.16412195633527707,0.24051114769976042,-9.13382704561319,805.2717912143726,0.030869567202337897,-0.027735207514002744,-0.3498165072239869,-722.8411474940705,0.15030577108706342,0.32551418719340136,-2.0317275287009835,-2272.3843756871624,0.037324363148007814,-0.0338204383984446,-11.853008653052685,-383.15381425747427,0.13464367675042752,0.30074297578402753,-0.5220079213315609,-1114.2165865125046,0.0386446986644812,-0.04736085389421289,-11.604464680458767,366.0394116938004,0.12153953908091128,0.3591453742522546,-1.4890154166629335,-2352.3168386410516,0.03478963766360246,-0.0384716902271844,-4.102802388155324,834.9796348801674,0.10839715275944753,0.27364896310714626,-2.7673352455524096,-328.1192648371014,0.026100607560245015,-0.03413209110195015,-6.3078455404136236,298.29024076100126,0.10839715275944753,0.27364896310714626,-2.7673352455524096,-328.1192648371014,0.026100607560245015,-0.03413209110195015,-6.3078455404136236,298.29024076100126,0.15104389342094177,0.01011335473373836,0.1312960718378215,0.010058822016302493,0.14491744729563974,0.03064715662197574,0.10839715275944753,0.026100607560245015,32.500228775399385,154.0015512714875,124.51716528383677,113.98151222007506,100.14505932562355,110.49822748955488,71.64911677013261,148.07009537930347,170.92407466574235,29.15896166852787,175.88259149081367,159.77716421275866,158.78810903759157,162.92266719054987,33.47050639975829,9.428936180600205,178.7267071726613,163.36527466317455,171.4402351249674,17.03884685859659,10.871906774076022,1.4053021135099495,61.29395110571017,-112.59368935168845,-4.468782941048195,-13.534483375851792,-1.780819780643331,-15.796075302267594,-0.4263712339890393,0.3852393821901062,-0.8355756930010236,0.3288691014244464,1.882421924634775,-0.9362173921028737,-0.8247373231454745,-0.3852594052700053,1.0261846733304831,0.7580342639039442,2.6828163442944786,-4.155811168183893,904.8656444516893,-2627.0255555492126,-4493.276690539905,-3363.827005831212,-1357.895948612481,54.71670776967129,-1966.8844403812825,871.3864398307577,-207.6812402922893,-66.01812278996867,-331.34447761380244,426.35557809571253,368.39569559198253,-505.70363902613354,108.314965742203,-171.4238715172117,-18.96877090856238,-17.172387258608108,-365.8760313594966,358.67180072479783,212.5002287753994,238.49867750391186,293.9815122200751,280.1450593256235,210.6432868151784,318.9941700450458,350.92407466574235,150.84103833147213,154.95844684065847,175.18128262789975,196.39317359030815,213.47050639975828,170.5710638193998,171.8443566467385,188.47908198356396,197.0388468585966,10.871906774076022,9.466604660566118,-112.59368935168845,-4.468782941048239,-18.00326631690001,-16.22244653625659,-0.4263712339889951,-0.3852393821901173,0.45033631081090636,0.12146720938641578,-1.7609547152483151,-0.8247373231454855,0.38525940527002184,-0.7149605599854711,-1.4729948238894155,-4.155811168183938,904.8656444516893,3531.891200000924,-3363.827005831209,-1357.895948612492,-1303.1792408428119,663.7051995384555,-207.68124029227172,66.01812278996759,397.36260040376567,-28.992977691946827,-397.3886732839294,108.31496574219531,171.42387151721474,-24.376617893300846,-7.204230634705928,358.6718007247907
20,-,-,0.10050251256281408,0.16264543724621738,0.25686396991869787,-2.3226167239151434,1395.8864679210844,0.020287635728130887,-0.06075721240014481,0.8063392280871515,-113.31300520908776,0.15229584598756393,0.44234534750054333,12.363868164004181,1346.4355389449915,0.012535025738435651,-0.1378295850610983,9.407384678472,835.5575722215815,0.14946836028694077,0.8507770432562796,20.691168613288156,-5887.568878009958,0.005441840676898471,0.0,-15.878709009755084,1438.6072233400753,0.1474816541445039,0.20257896502275388,57.73302683713428,5213.321075049911,0.0012410845367454015,0.14932966397531428,8.145459570730052,-2956.802011543209,0.13140439822773603,0.2840747346657768,-3.855007888527993,105.55745894925006,0.025327165312117733,-0.059716800806874755,5.249964447865807,481.33791131795476,0.1330025143424082,0.14636943406649594,-2.9136698423074816,2515.6027807476967,0.011174501695287067,-0.15755032788558104,15.457786254811943,969.7415727139232,0.12543288658495175,0.10273240628213418,-5.098008803860121,1283.7759452450873,0.00785186533612707,0.0030195474928687606,2.718432134472912,-443.27794091089305,0.13155809308298877,0.07491905020501688,-6.119540457521057,970.8321964067374,0.0025180520245509375,-0.022963437419256175,15.429493650317486,-2469.134754179087,0.13789476485194893,0.015036536782383248,-2.3305798741869537,2852.922435198173,0.0015637377493764315,-0.009436203608829772,14.459300894877588,-2997.4626999869724,0.19172463255416572,0.22775880867780907,2.378077723453905,1828.23952876411,0.015918564701240936,-0.0466867048437319,-0.4736669149774148,-446.2701648885142,0.16484084552094086,0.21773884471800226,4.291482207531186,2205.4461813464036,0.030857066838848868,-0.04260885632748272,-5.631820924417855,-267.52905968252173,0.15179567058034224,0.2345492597281871,-13.991629763634219,873.2167151177223,0.03698445924450586,-0.11912571510605732,-8.244108949976528,1170.910375397146,0.13614025698301238,0.28528180042376083,-8.690045365184563,-232.8155329139678,0.03816871018313232,-0.11662778573325412,-3.9751109314476736,1474.970668002839,0.1233709511542955,0.26706565282646927,-12.976000209585749,382.22165725509507,0.03440298751056543,-0.04123419485583247,3.3186662967076894,474.2441965298825,0.10972339306533588,0.25341790075003606,-0.6182215134366411,201.16880268323632,0.025763769605093134,-0.06401214713130927,-0.3982511976993033,1118.3460420330314,0.10972339306533588,0.25341790075003606,-0.6182215134366411,201.16880268323632,0.025763769605093134,-0.06401214713130927,-0.3982511976993033,1118.3460420330314,0.1529728244163065,0.009876396670052603,0.13185853141800677,0.009687064423491848,0.1462659583096821,0.030349259680564428,0.10972339306533588,0.025763769605093134,36.83592772726887,148.56914446573538,176.42187085765732,64.68865411919077,96.44253845415753,107.25620552059642,64.74800433905467,147.51522501408832,171.43551462161096,29.059595313109707,176.1001141665921,159.1661808680261,159.2430969549128,164.09626224609335,32.334750451265954,9.099079157396888,179.93605161162327,163.19860829639197,170.31513742699966,17.323226730834776,14.923795967312703,-12.488428322013894,16.944248278944077,-108.13680984949407,-8.8437722672908,-11.370510912119682,-9.257747341911765,-12.293925579960462,1.3373897424617223,-0.13573162580132242,-2.1603844982180647,2.791316683573929,3.1251300136655424,-3.8061141955954945,0.18578362237541002,-1.6212271025484384,0.14063810163361196,0.8433755786036422,0.40197740963670553,-1.9972843075829902,575.3474673991732,-1922.7204175056954,-9373.860512193225,4976.629617621852,-431.9783640361325,412.6676071850855,-938.2060792924481,760.3225415865168,158.5727808548776,-57.23555820356578,-327.8459158731516,545.9693112012496,145.32510363277666,-427.77183500775806,121.55889425045247,-293.4684168943074,-258.2007285842937,81.62019207789926,-224.26770790475248,242.81595743548198,216.83592772726885,248.26678326153345,244.68865411919083,276.4425384541575,203.69874397475394,318.9507396356993,351.43551462161093,150.9404046868903,154.84029052029817,175.67410965227208,196.43101269735928,212.33475045126596,170.9009208426031,170.8369724542264,187.63836415783445,197.32322673083476,14.923795967312692,27.412224289326673,-108.13680984949407,-8.84377226729089,-20.214283179410504,-10.956535837498828,1.3373897424618548,0.13573162580130033,2.296116124019365,-0.49520055955460823,-3.6203305732201065,0.18578362237534374,1.6212271025484688,-0.7519313193426425,-1.595306897946329,-1.9972843075830344,575.3474673991732,2498.067884904868,4976.62961762185,-431.9783640361304,-19.31075685104262,918.8953224413857,158.5727808548688,57.23555820357128,385.08147407671413,-160.88783712452675,-306.21294075730776,121.55889425045466,293.46841689430266,100.16844160863153,18.548249530727883,242.81595743548914
21,-,-,0.10552763819095477,0.16400397410062054,0.28234040149400713,13.674321646342335,1787.6161266004274,0.02002064272597867,-0.03929554556122142,-2.2895462292580975,-653.2742704065886,0.15464021771576533,0.5540516568554947,22.520819493333324,-351.6189428670017,0.012093027647436971,-0.08320656409096054,3.031805518689125,-1342.6696246553558,0.15382008599492428,0.8204243296524167,-1.722944666405442,-2121.477478572085,0.005441840676898471,-0.012227896255028141,-4.9310637005195925,1259.6424004535254,0.1493250177387713,0.6054639958952702,71.9479995448556,-3636.829187918054,0.0024028613169415486,0.11559678962951644,-14.858301565543748,-1954.9103438172585,0.1330019654998023,0.2587451847271636,-3.2122411354311855,730.9881996948366,0.025148744151189853,-0.02425335948512024,2.8248572957492764,-860.7724191359645,0.1340270426199208,0.16509872584327495,-2.734545803257353,-34.40591495779398,0.010702497054232582,-0.07115850368599104,9.292715314561153,-1306.3061799925906,0.1261038182822261,0.066757703878799,-10.221874425072334,-153.66608184199828,0.007882212547110676,0.024301378481733343,9.40326257715469,655.8936315832663,0.13169343956215884,0.013466974677422257,-7.454445495399168,475.5678594731946,0.0025180520245509375,-0.011087680472719904,2.284862023215986,-1315.6930010064968,0.13791672801898758,0.002185335120345338,-0.41755012659296376,317.57656914019236,0.0015637377493764315,0.0,1.6759152377426765,-1365.3676476632381,0.192785621013755,0.2774217497625643,14.56619447675841,919.1254474847675,0.015684852379172692,-0.05394416417489198,-4.896494259928967,-364.1284898389125,0.16631028643294543,0.28364162214731,13.031461209124508,812.9341217738934,0.0304413374905039,-0.08433642283478514,-3.038550775390031,684.986251627502,0.1526630500793065,0.1848947925840124,6.744319859416818,3611.8939881044425,0.03612711978010774,-0.1166758047298669,-0.08506518172459797,372.9746597915032,0.13751083052353064,0.21340583643543906,-2.8618625234819883,2127.070420586481,0.03747256011439824,-0.08731171752685278,3.2193611286149735,156.32272929881472,0.12422361599374011,0.2287333118443578,2.3524082743430426,1824.0075359732593,0.03437522364495088,-0.005118260109519219,0.6634709438032884,-904.0058609062611,0.11094406633482477,0.26743568156506947,-0.7455382336605899,-564.6634257604882,0.025457269398121304,-0.038134615701943146,4.9318131734861765,198.15793556552964,0.11094406633482477,0.26743568156506947,-0.7455382336605899,-564.6634257604882,0.025457269398121304,-0.038134615701943146,4.9318131734861765,198.15793556552964,0.15544732388752036,0.009989593091813916,0.13254859879661912,0.009563048705292097,0.14740624506301706,0.029926393801209133,0.11094406633482477,0.025457269398121304,40.252174793372276,137.28160937312134,131.0908680620956,34.061433482346544,94.05879224706024,105.53447683426973,63.41412143328769,144.89729464821,171.28185299983224,29.13386495326779,173.48397453731457,162.45642730303405,161.80403543602708,159.23814666698863,33.88355110336782,8.900617358056493,179.90940349527668,163.84297573620537,171.10977382393656,16.237229586524858,16.65429338110288,-17.918521178004553,-32.91570228316634,-62.577311285137235,-8.810274036888718,-9.38707023831325,-11.2100266077031,-8.15464272350864,1.1673250560097286,-0.1899923585492477,-4.1305095208718905,5.815997857215894,3.3429757299893126,-5.235431814291392,0.3969601065073126,-3.33469073084093,-1.5687975234965863,1.57833770187278,0.42886953118139104,-1.7154497869227712,275.54986364293836,-11.13146176988191,-6559.1926888962425,8900.570237084146,-13.5695348287883,194.36077064512614,-93.03534545512227,322.72869371024035,-48.90211243878041,26.334610992800663,-273.87512085701593,421.7963565479808,-92.29442607782332,77.82830036831984,-159.7897209742665,-253.82688280388072,-137.1757154648335,334.2593781972229,196.56348812759913,-154.41593974138004,220.2521747933723,262.970565420251,214.0614334823466,274.05879224706024,199.59326908132996,316.17914764804226,351.28185299983227,150.8661350467322,157.38216050941764,174.92573320638354,193.12169777035643,213.88355110336784,171.0993826419435,171.18997914666684,187.34700341046144,196.23722958652485,16.65429338110288,34.57281455910748,-62.577311285137256,-8.81027403688874,-18.197344275201946,-6.9873176674989566,1.1673250560096844,0.1899923585492919,4.320501879421094,-1.4954959777947556,-4.838471707784068,0.39696010650732366,3.3346907308408995,0.2917574461314274,-1.2865802557413968,-1.7154497869227436,275.5498636429405,286.6813254128139,8900.570237084143,-13.56953482878176,180.79123581633783,273.82658127146874,-48.90211243879799,-26.334610992796264,247.54050986421524,-174.25584668375677,-81.96142060593779,-159.78972097425327,253.82688280387472,376.4069265834464,42.14754838622352,-154.41593974137564
22,-,stance,0.11055276381909548,0.16548302922103153,0.3942943382236462,15.643374498199734,-1417.6989417767336,0.019892705621987958,-0.0837677272670604,-5.759231328762995,562.0813508639474,0.15786420434792067,0.6686852419059037,8.830009441722751,-4214.263164611185,0.011698778863149614,-0.10735917783809197,-4.086782403491397,-68.90504561575901,0.15771383093671382,0.8334610164582349,-0.6302130809036867,-990.4820660168463,0.005318947247199696,-0.04955842915095076,-3.218986392131693,401.06055027318035,0.1535667194298835,0.9256744378353742,21.18197972237991,-6355.819305014556,0.0024028613169415486,0.0,-11.5018805681369,1040.9770108356731,0.13400485234559698,0.2517909041589307,3.4916071837819334,590.5401041465904,0.02508341295548336,-0.03132627522145485,-3.4010146389278186,-475.6237888933688,0.13466179801922504,0.11888656167194964,-3.2594579323355624,677.9671093995553,0.01045934085422183,-0.0641562041211472,2.3290809282532234,-445.6735844069617,0.1261038182822261,0.0,-6.642391535940508,1017.0765052946984,0.008096100295742481,0.09752469902206178,9.310327929279618,-350.9011819751765,0.13169343956215884,0.0,-1.3399639804035162,741.717326792218,0.0024066180499507372,0.0,2.2064484140712666,-337.1145799100367,0.13791672801898758,0.010840053098031847,0.8611444387798087,-65.7729980877901,0.0015637377493764315,0.0074071656147147395,0.7370129786641174,-240.08635753247626,0.19451279084323672,0.3741527230170898,11.615519406717913,-1527.8612563177949,0.015376412297473177,-0.09589770243095777,-4.133249727428803,681.0991569276066,0.16769151509026056,0.34870830410618847,12.461674386163292,-762.0197063040057,0.030009464599303287,-0.07314705507512127,1.2524630115369495,455.95527614320514,0.1536539097017896,0.30233136886805473,22.308812327867773,-512.4999199074786,0.03581183809144187,-0.11998064155555077,-4.495619906845837,86.83974634153758,0.13828503925874544,0.25651936300183126,12.68754680151377,760.85451005106,0.03729120548436998,-0.0842723975059679,-2.40402822492692,-298.83089182235375,0.12566977840901267,0.29070794704097225,5.355733820296282,-446.2608433184862,0.03435154771046976,-0.03456614516936725,-5.766819742551229,-888.5227330967693,0.1124111888599597,0.24592505418058289,-6.293230817562159,-152.9389993801963,0.02538050713572687,-0.014446185588734558,1.5932858431602943,-876.1064018250559,0.1124111888599597,0.24592505418058289,-6.293230817562159,-152.9389993801963,0.02538050713572687,-0.014446185588734558,1.5932858431602943,-876.1064018250559,0.15865694598388738,0.009828323262319704,0.1328761272456389,0.009521841980954968,0.14870403702716747,0.02970349588646416,0.1124111888599597,0.02538050713572687,47.08290085279677,138.43311937985348,126.46359937774616,35.11338085068949,92.57212392266717,102.86508351739721,60.94446959759191,142.20592600912929,172.28681183334322,28.615835675533422,173.84167246748498,163.04069476955303,161.38458762172147,159.03410086773303,34.08310859797404,7.038647961637541,178.07164836138773,164.09626613197335,170.41031880986085,16.526415457915995,17.69314133055832,-12.600302309650898,-48.9772862828273,-18.683842642618085,-8.980149501750985,-9.417136332771678,-10.192775939450684,-9.050421120561056,0.8459112254890541,0.128937831412755,-4.9128982756755155,7.0304760458652,2.1975478420291257,-3.02392022204454,-1.4201432215870695,-4.172251050326138,-1.238012305048134,4.202766314254129,2.377489853130167,-3.5492032999586716,-215.40156382885982,126.1962316390948,2292.657462157946,8342.384811017288,-68.72251737384676,-70.59209497220333,101.61331565187308,-217.02060643694438,-23.90732156096991,94.51585317575281,-154.99833315404004,126.79462532137786,-364.343432280162,740.2084297243551,-442.17714278727817,29.725041962916137,144.71307533499052,541.6321903912263,205.53988905373652,-240.6072094607448,227.08290085279677,268.6497814729433,215.11338085068954,272.5721239226672,195.43720744006438,314.4927378424725,352.2868118333432,151.38416432446658,157.5424918569816,174.50179708742854,193.11720946570705,214.08310859797405,172.96135203836246,171.0330003997502,186.9367342677768,196.526415457916,17.69314133055833,30.29344364020923,-18.683842642618117,-8.980149501751008,-18.397285834522684,-8.204509895072002,0.8459112254890099,-0.1289378314127329,4.783960444262738,-2.2465156016024177,-4.444063443631543,-1.4201432215870033,4.172251050326108,3.0310528674256694,-1.171713446828504,-3.5492032999586716,-215.40156382885982,-341.59779546797176,8342.384811017282,-68.72251737384657,-139.31461234604797,-240.92792799790547,-23.90732156096991,-94.5158531757616,60.482479978300404,-66.31214534308182,298.0312869370757,-442.1771427872793,-29.725041962914457,506.5648699842154,-35.067320407002185,-240.60720946075185
23,-,stance,0.11557788944723618,0.16796673126869738,0.43956024569701935,-0.5739089242780866,-2173.7901295456236,0.01917875601977706,-0.09717726745833688,3.3595125733946336,1167.3588572181086,0.16136067240828697,0.6427954703401454,-19.833584171100643,-3210.1156769394925,0.01101404093549635,-0.12427975407579865,2.339292497425216,1163.3226173978192,0.16219657862264522,0.8140905298443395,-11.677538294715442,-1530.1543625437464,0.004943766012064796,-0.044579518286502404,-0.9003044012916545,253.18316341591998,0.15862827842053384,0.818348214210646,8.070418589935517,243.20908349038544,0.0024028613169415486,0.0,-4.3962210546324725,707.0131215936938,0.13553252735064583,0.29383671421240914,2.7228352881526305,-702.212513031452,0.02483390721429081,-0.05843441113263596,-1.95528128609362,-467.9521367637815,0.13522188243571928,0.1323403546640231,4.079193989702993,923.310832425525,0.010057711083165777,-0.047750655160833044,4.813583812983654,-179.32836411747036,0.1261038182822261,0.0,0.0,1493.4460197899796,0.008862360275975617,0.11787251344936758,5.876617532178046,-882.2866027508551,0.13169343956215884,0.0,0.0,332.44447332811944,0.0025180520245509375,0.011087680472719935,-1.1032242070356348,-537.9198413623168,0.13802567327625423,0.010840053098031847,-1.07858528325417,-193.0031073423811,0.0016381816249012027,0.0074071656147147395,-0.7370129786641174,-709.6045180602962,0.1965459498882986,0.3941606382722919,-0.7891950339731786,-1678.7588318627015,0.01472105637484146,-0.09548436244050804,1.9487233976349105,572.5308308606033,0.1698148925043644,0.4088845808022173,5.3729716985314955,-1750.5162779058162,0.02970619120834188,-0.07174885487963993,1.543914311476347,149.00529683014386,0.15570155629908594,0.40910396170831137,1.5935668955225675,-3368.004430002313,0.03492128418658462,-0.16185791434640792,0.7876960880395977,1147.08444241637,0.1400889145738003,0.3409188696164818,4.784916472006043,-1790.7761388385857,0.036625601345494044,-0.11147280521456049,0.2160355826616732,574.1341409046836,0.12714530390369963,0.28255978240009927,-2.1326253268477684,-364.3615290895439,0.03402782520103764,-0.06307624747184307,-8.266405770737096,137.5118009908251,0.11341567491955425,0.2041871306347966,-2.282613604315827,1372.629150711717,0.02531208160325965,-0.022121692655106037,-3.8732762920922648,-691.8655703050783,0.11341567491955425,0.2041871306347966,-2.282613604315827,1372.629150711717,0.02531208160325965,-0.022121692655106037,-3.8732762920922648,-691.8655703050783,0.16253806518004085,0.009384856071069939,0.13331546818140086,0.009582042444576869,0.1504520486814672,0.029219006653259882,0.11341567491955425,0.02531208160325965,51.0237296652441,133.18313499207957,117.61320096873604,35.45379564190054,88.79562907317187,98.67308296064714,56.08720790805538,139.29215986685213,172.08934425891152,29.274507428176268,171.0055328044566,165.94985023712925,162.42164551680455,158.94056283361118,32.40790117982204,5.728652657005337,177.88099553826578,165.19421247473957,172.08593054909466,14.87219985742618,14.489453543626906,-16.650217342435763,-9.873918743890528,21.26575214217209,-9.500952603460041,-10.096538529491172,-10.188787254417944,-10.335754345990491,0.9270504674572675,0.7599157135688699,-5.688281713374804,7.090315699641801,-0.318767308002261,2.2038488864558867,-4.047031278289448,-3.035946590510115,-0.1143947563107536,7.021877303794646,2.494597059359645,-4.133612696075982,-836.9907917262038,-1218.2731705847332,6830.599027017457,7211.881405875986,77.35648677256422,-18.234576231395945,391.4171101089158,-91.05864204057379,-241.2365575271703,96.3675343734409,-117.99726830429752,-27.325307159322133,-389.4000670240682,689.3077421348244,-250.95263402056963,342.24478970788397,81.4724378654791,387.205921381844,-241.26184330136383,133.3038648600935,231.0237296652441,277.8405946731645,215.4537956419006,268.7956290731719,187.468712033819,311.3815041257636,352.0893442589115,150.72549257182374,159.7199597673671,173.77010953023782,191.34846401343324,212.40790117982203,174.27134734299466,172.15234288126044,186.9581304065208,194.87219985742618,14.489453543626906,31.13967088606254,21.265752142172012,-9.500952603460062,-19.59749113295117,-9.40870387853318,0.9270504674572233,-0.7599157135689141,4.928365999806022,-2.161949699835778,-1.8431823918335615,-4.047031278289448,3.0359465905101013,5.38286166707831,-1.6390156367162927,-4.1336126960760255,-836.9907917262007,381.28237885852803,7211.881405875982,77.35648677257076,59.12191054117481,-332.29519956774413,-241.23655752716587,-96.36753437344198,21.62973393085563,48.95504109017776,438.3551081142459,-250.95263402057407,-342.24478970788385,279.2479429405635,-107.95797844127173,133.30386486009215
24,-,stance,0.12060301507537688,0.16990072013255936,0.38852640933642923,-6.203762482158266,-566.5090966252512,0.018916049667632814,-0.05000378180580784,5.973018492524514,-192.88192693204934,0.1643244603312387,0.4693527376737367,-23.432459673246985,242.985365809861,0.010449736108618976,-0.08384870047703455,7.604902193471597,364.1471329789936,0.16589564530700868,0.7160988225414969,-16.00864888536343,-520.5723995480807,0.0048709118875363555,-0.05860671459106788,-0.6744319859415454,961.5106263829321,0.1617913245978297,1.0067841724075903,23.626292119268204,-2952.364944211882,0.0024028613169415486,-0.04418312617721073,-4.396221054632448,1808.1515453628426,0.13695798515175184,0.27915608293433397,-3.5658050074889327,-632.8041026344325,0.02449613244158752,-0.05097734342340075,-8.104051189317577,-813.6145963856638,0.13599185183494386,0.15988348619157766,6.02004792118729,-330.71066130368104,0.009979434772203408,-0.01577847735749244,0.5267858114947296,-663.9661112238756,0.1261038182822261,0.0,8.367116200642183,1404.014876981836,0.009280748672118033,0.15658618175751945,0.4431258915825921,-2016.8987844753858,0.13169343956215884,0.0,2.0011865053062228,218.087452276375,0.0025180520245509375,-0.011087680472719935,-3.1997811473590465,62.6782368399217,0.13802567327625423,0.0,-1.07858528325417,-167.81622513813684,0.0016381816249012027,0.0,-6.394690720434328,-715.5703228755203,0.1984742042932095,0.3662211146354498,-5.256428652203688,-562.7618254756725,0.014416770463900233,-0.07631254265573256,1.6208289746878066,182.45109007544082,0.17180090786214214,0.402708019669319,-5.131454035000669,-1350.4158493451375,0.029288370580412434,-0.05763032832661529,2.750003683196685,98.62221085162334,0.15776550730689826,0.31834711656174886,-11.540478425924274,-143.90639802710606,0.034185125384442794,-0.11206409795716286,7.032866951610128,448.3395534337957,0.14171135955639852,0.30460897578581153,-5.3102033375674695,-892.4471140767412,0.036170875783721135,-0.08210118561992094,3.3661641459744165,215.113871438784,0.12850957521705386,0.26927452667064294,1.6938089048234837,451.9003931828974,0.033717615575074356,-0.11764560015164953,-4.384791591889672,1492.2062509768452,0.11446332082613855,0.22298421393620274,7.50203702878674,848.999276195919,0.02515817856632882,-0.05337358550925978,-5.3601369739761635,-135.14412220477814,0.11446332082613855,0.22298421393620274,7.50203702878674,848.999276195919,0.02515817856632882,-0.05337358550925978,-5.3601369739761635,-135.14412220477814,0.16547803759215912,0.009159889745182424,0.133754553621467,0.00958250990707222,0.1521208125103068,0.028822822725646628,0.11446332082613855,0.02515817856632882,56.629468068546956,130.90045875837697,105.29074008136921,31.019749391539186,86.19239512010097,97.84939335500931,54.46678591896993,137.48565829722887,172.08934425891152,29.14169435255861,170.091470380657,167.8179822172243,162.42177481261817,159.16999081392066,31.357087423021245,5.063434524195417,179.82577976769392,169.1076963443858,173.44612043308396,12.556968930640913,9.28117357451608,-24.84425377281403,19.671950169609374,53.79737751693948,-8.202697373383506,-9.600398405449024,-6.25893563684852,-9.96558335212461,-1.578576789859388,1.0974557648141698,-6.0988004696885545,6.7558498432589476,-1.7160206707755754,3.903795779310471,-3.9422802469194247,-0.7326049226087156,-0.41919383403829485,8.094283112061602,-0.04725229060212982,-2.2094659646813515,-1171.873680402441,-1533.4282480765687,6625.357800456065,6986.912368130203,281.4597319780998,417.9065022885881,1032.678654627502,289.02229573156404,-622.334716092387,19.433157141690813,104.50145950456267,-267.1857012600356,-182.26908421780078,68.91128454276185,256.6088842888254,502.4263633550681,-303.22541801952417,-303.8722485328342,-347.6534400282325,474.28692645733315,236.62946806854694,285.72900931016994,211.01974939153925,266.19239512010097,184.04178847511028,309.57500255614036,352.0893442589115,150.8583056474414,160.7668352667844,172.94885304956009,190.52707823694192,211.35708742302126,174.93656547580457,175.11078570811068,186.00308936372485,192.55696893064092,9.281173574516123,34.12542734733011,53.7973775169394,-8.202697373383463,-17.803095778832486,-11.544160141984,-1.578576789859388,-1.0974557648141587,5.001344704874352,-1.7545051383845514,-0.038484467608975996,-3.942280246919403,0.7326049226086866,5.837564856778063,-2.256718255283495,-2.2094659646813652,-1171.8736804024431,361.5545676741535,6986.912368130213,281.45973197811065,699.3662342666837,-333.3124203608317,-622.3347160923782,-19.433157141685324,-123.93461664626123,143.2510846137744,325.52016883158836,256.6088842888265,-502.4263633550668,-177.23876210373504,126.63348642909922,474.2869264573405
25,-,stance,0.12562814070351758,0.17187151930222933,0.37721087401703685,-6.267467684330856,-198.06471986526978,0.01867620544886442,-0.03714693085005038,1.4210007449318285,-448.85223978510646,0.16607778534973155,0.40729336307133174,-17.391520193112093,274.35244893994155,0.010171340428189471,-0.04784857625196359,5.999062678118615,-625.2909171952215,0.16939355171351453,0.6531995862728479,-16.90942170725896,453.3732012466975,0.004354753805119391,-0.05135772920048778,8.76311897944132,1084.0146996354415,0.16874671231407745,1.0557983862635925,-21.601590899631102,-3211.718986983388,0.001958809797572597,-0.04418312617721048,13.776156285697583,2334.195706514845,0.13833811612385521,0.257999477956239,-3.637004939329095,192.22009546040536,0.024321572104507888,-0.13988216177904367,-10.132312405547518,1891.2813068348714,0.13682875164367483,0.19284334884680987,0.7554687504700223,-1539.7182933880724,0.00989913342128143,-0.042456325397066924,-1.8594424304723736,367.91304726858516,0.1261038182822261,0.0840916201069565,14.110702281224466,-802.5126064873101,0.010436090745900434,0.12232603999793634,-14.393722010288117,-888.1685134358239,0.13169343956215884,0.02011242718900724,2.1918336912198466,-260.52856059461067,0.0024066180499507372,-0.021070924023350847,-0.473292178493709,343.0617415851875,0.13802567327625423,0.0,-2.7651805107731313,-222.26351564702878,0.0016381816249012027,-0.05686108283186134,-7.928674515101499,694.7272923023335,0.2002265641057403,0.3413322096069283,-6.445092777447267,154.10419563312578,0.013954096147145656,-0.07919462400143462,3.7824026948755196,122.11256731150539,0.17386220928496057,0.3573121784404016,-8.19904688785178,179.86901517890536,0.029126991928677404,-0.044110626907813984,2.535092309985123,77.0987056666557,0.15890102480724422,0.2931192539100776,0.14727143796371428,337.2823681705568,0.0337950118453066,-0.09117583443072833,5.293621248178242,138.5185305533776,0.14315031131536624,0.2875499918519847,-4.18440125740843,-68.89572404572615,0.03580046380157524,-0.07764200977763172,2.377984039332867,-201.69081060452515,0.12985158055365584,0.2995829874737021,2.409087167452703,-1382.5473012170387,0.03284545736031755,-0.10714450467676434,6.730641977773894,845.6621541274004,0.11565672229579749,0.27958448770803007,6.250042437854203,-1192.0703393510923,0.02477566365844297,-0.07599241601165033,-5.231508676059883,405.73997842512995,0.11565672229579749,0.27958448770803007,6.250042437854203,-1192.0703393510923,0.02477566365844297,-0.07599241601165033,-5.231508676059883,405.73997842512995,0.1690223921698882,0.00879027736993647,0.13419795977763388,0.009740319189308339,0.15360806872712746,0.028382947456910904,0.11565672229579749,0.02477566365844297,55.73629709020588,116.05083738061504,135.20642470681298,74.89188441640384,84.02552148584485,93.10828622989182,52.29056366362323,131.76243365329873,173.08081039881466,29.920768984981354,167.40760773395692,169.92773779520667,160.21617423321257,162.90942978246514,29.618281470177315,5.631199846854555,177.95765389595448,170.96191538608838,172.38341591188095,13.065814959221644,2.7118286149591704,-32.061556519084675,56.71259181345678,91.48597694750067,-6.672211578554519,-5.896473179857125,0.18989269158708827,-7.4310076552210065,-5.32756979477777,0.9552238255456618,-4.638015788705833,4.405032269892702,-2.1506174006434726,2.8964246105037437,-1.4680475165927134,2.013564598988051,-3.161886394697927,3.967884856228477,-0.9994073630346477,0.6330900823896721,-1157.3691495680262,-1213.754129766763,4004.2743308014856,5675.586623312876,69.01857288015,940.1418447427258,1065.784209393386,605.9433068699879,-662.5670986404979,-1.3171312259175956,241.07996564784753,-515.6446707609969,218.8146006492211,-450.52500111628154,507.59223680612405,408.80649704738664,-334.8590142306439,-1061.5049945679475,34.3432159609761,486.98056882718396,235.7362970902059,299.6854597095909,254.89188441640385,264.0255214858448,177.13380771573668,304.84324405211345,353.08081039881466,150.07923101501865,162.6716232810617,172.74388548585503,192.52771125264246,209.61828147017732,174.36880015314546,176.41114625719098,185.44923087110254,193.06581495922165,2.7118286149591486,34.77338513404398,91.4859769475007,-6.672211578554431,-12.568684758411644,-12.758577449998821,-5.327569794777726,-0.9552238255456508,3.682791963160182,-0.7222403067325196,1.4283770939110412,-1.4680475165927023,-2.013564598988052,3.6015675755834877,-0.36631728064494523,0.6330900823897024,-1157.3691495680391,56.384980198732954,5675.586623312888,69.01857288014355,1009.1604176228691,-56.62379177051,-662.5670986404937,1.317131225916491,-239.76283442191792,275.8818363390701,57.067235689844686,507.59223680612183,-408.80649704738084,-540.1812097797775,521.3237847881655,486.9805688271894
26,-,stance,0.1306532663316583,0.1736917841930321,0.32553678436827965,-8.194362681809228,44.314743893037644,0.018542713679190095,-0.035722367283879855,1.4619407057395053,212.13096903115277,0.16841786096512146,0.2945635900042677,-20.675148628624445,1967.913934000467,0.0099688458950314,-0.02355661325976178,1.3205713673889412,-825.4623118858997,0.1724604652695499,0.5461548857851247,-11.452134299969467,2273.5122856600533,0.004354753805119391,0.029464832941006068,10.220188110897109,56.72175359470217,0.1724023636557553,0.7896827563308949,-8.65229066448458,2318.8430806856886,0.001958809797572597,0.094270705839851,19.06303227717514,-995.4038549894074,0.1395509447292015,0.2426032694737399,-1.6339447516054533,216.88496974336638,0.02309028156943632,-0.15280962890629082,10.903801140681212,2521.0186129314884,0.13792997594395703,0.16747613695007038,-9.454507791255716,-1307.8908468966315,0.009552738034544442,-0.03446634098033045,4.224404377008164,771.1362017872881,0.1269489601928488,0.14181610332888972,0.3016628691113924,-2196.4788309835267,0.010510156109283228,0.011925659041055331,-8.483190826365425,1813.40891085624,0.13189557450878203,0.02202847930874227,-0.6171909881069608,-6.180200925775697,0.0023062839439142446,-0.01584438578421452,0.24807555198958664,-178.1072384444092,0.13802567327625423,-0.027790758902242647,-3.3123894606112527,495.82363113496376,0.0010667134557367647,-0.07968517100604557,0.5874931218002096,1243.9355549634545,0.20190467876162085,0.3014463128520599,-3.707642766443623,861.7605055584481,0.013620844594539078,-0.03829844521979753,2.848090957718017,-634.454020528573,0.17539198503239745,0.32030553838437614,-3.323725239232768,516.6759832781298,0.028845047696916815,-0.032152013653397864,3.5248650466806652,15.604308219787558,0.1607114294567483,0.31982723151615805,-8.150705881496553,-817.333902825121,0.03326878533991286,-0.05886187435738131,8.425012987322472,56.03195741292993,0.14460130922325265,0.2625546917917568,-6.002622674710449,97.34515575830262,0.035390554077413275,-0.05820184854119856,1.3391208233158636,-123.40826554482246,0.131520459513272,0.293486458001826,-12.201138846101587,-1404.1267358221603,0.03264078638234305,-0.050000957158946785,4.114325535018911,-600.4582546518734,0.11727321517496299,0.28579871079905933,-4.478569396852432,-981.4308215237494,0.02439443569183987,-0.10595156215307792,-1.282348246085393,1362.9533610270882,0.11727321517496299,0.28579871079905933,-4.478569396852432,-981.4308215237494,0.02439443569183987,-0.10595156215307792,-1.282348246085393,1362.9533610270882,0.17174311852086466,0.00870628079422837,0.13487022573020874,0.009305234622583,0.15523384619370903,0.028026742297160828,0.11727321517496299,0.02439443569183987,58.40366231471294,112.64669680033663,142.8538847706324,88.61085028500868,83.17198205920265,91.84508697348856,53.9287340560307,132.51999795747938,168.56833701918114,29.865440958712878,166.90385300515376,170.73361172533052,160.62561442312307,161.8090838355265,30.062396052153204,5.87051775321583,177.27082806937835,172.3115258489204,170.03120459811487,14.515923730370515,-2.350677174911368,-37.04278774031924,59.91591329324257,110.83844910802391,-7.509043374588026,-0.15173664924068483,4.452463452532288,-3.8757008710191783,-8.237542605341808,1.084218265056204,-3.6758862420719858,1.5734913431484039,0.48312104429198255,-0.6240936791446393,1.1591492687200344,3.376003087917801,-3.7846110624869915,-2.574108793143947,0.29790565875441544,2.6848111089587094,-386.79089505235197,-368.1389644307379,-1797.2071990142313,-200.93181732318862,-364.82117973968,1289.625666098501,561.2958654497187,490.99174262159477,-127.48312171249262,8.003617189373138,222.73193942672512,-525.4090815019536,498.0080880155195,-579.1677492755782,375.8331861459008,64.37912237385856,187.50114223007475,-993.1868880016142,207.16616268363072,290.04250561662417,238.40366231471293,305.7569655143763,268.6108502850087,263.17198205920266,175.01706903269124,301.0883349766605,348.5683370191812,150.13455904128713,163.23070603613337,172.49709431080282,191.87147988767973,210.06239605215322,174.12948224678416,176.8586541774058,184.5471283284854,194.5159237303705,-2.3506771749114566,34.69211056540783,110.83844910802395,-7.509043374588048,-7.660780023828733,-12.113243476360987,-8.237542605341766,-1.084218265056204,2.59166797701587,1.0181766338674219,0.5350555895753952,1.1591492687200344,-3.376003087917772,0.40860797456921955,2.9827167677131663,2.6848111089587507,-386.79089505234214,-18.6519306216307,-200.93181732319852,-364.8211797396953,924.8044863588185,363.50862090911096,-127.48312171249262,-8.003617189370939,-230.7355566161004,294.6735248858531,-203.3345631296752,375.8331861458986,-64.37912237385389,-495.9782197013534,497.2086683002477,290.04250561662144
27,-,stance,0.135678391959799,0.17514324577829243,0.29485547017975827,-5.822093373848066,301.70193538962224,0.01831718668219226,-0.022454059435583006,3.5529702829333614,76.97752525641273,0.1690382234402267,0.19950292459269436,2.3865092943297626,3597.2125153169754,0.009934590546181815,-0.034576502207853646,-2.297040958925593,57.71916158726844,0.1748825455405007,0.5381027591374765,5.939947997867175,1942.0372556143684,0.004650882779400858,0.05135772920048806,9.333186854764959,183.03834898697244,0.17668322242795578,0.9688406911431445,1.7033646851496635,-2778.2193730277218,0.0029062540773700934,0.14740513791500173,3.772097441582948,-2050.1861110303103,0.14077633993766164,0.2415779226637219,-1.4572564996972748,284.6154975360683,0.022785796939620545,-0.03029622066666981,15.204558076175955,12.751907792558073,0.13851192889945443,0.09782317004021987,-12.389162876631785,821.7802917265241,0.009552738034544442,0.0,5.8906701503043815,-100.34670130599497,0.12752910575286822,0.08712340773621673,-7.9644618492632135,70.05159872868168,0.010555946615659784,0.03706784073798243,3.831493174196687,857.6496931780039,0.1319148313140055,0.0139095026854197,2.129721119101498,263.70721597269744,0.002247377991817928,-0.018577702395314803,-2.2633146754224427,-146.54440234385166,0.13774636916668395,-0.033290346337801494,2.217971560935041,659.1655026616401,0.0008373256348906954,-0.0509566293464321,4.573190358903053,390.6763212666956,0.2032561752901831,0.30406946823563563,2.2158168261552174,582.2998362455102,0.013569187149961762,-0.05057059427562544,-2.594019621994553,-12.453617551753268,0.17708136042450204,0.3239079046792683,-3.0063234378203316,-109.08101241833802,0.028803856113065365,-0.008684847544189248,2.691919528274445,-347.6199893268015,0.16211536884258249,0.2112026118849867,-8.067139645705833,2470.831279923341,0.03320343521859925,-0.00650233707070358,5.856756498559447,-660.3400204846123,0.1457890519363889,0.22722212577449283,-3.206057983455641,1270.9681080323862,0.03521552060015616,-0.06418350904078889,1.137699963505507,502.19026346114305,0.13280119319689027,0.1769584764576059,-11.702739323222257,2616.257093864435,0.03234293517781557,-0.0657944992996899,0.69588564961437,41.46234346574846,0.11852907114804934,0.2345737400009705,-3.6135839091181414,1194.018547486075,0.023710823837809022,-0.08888033808286029,8.466515052855563,1007.5312175903364,0.11852907114804934,0.2345737400009705,-3.6135839091181414,1194.018547486075,0.023710823837809022,-0.08888033808286029,8.466515052855563,1007.5312175903364,0.17393680929674388,0.008952228521286257,0.13529571501413476,0.00919583704330668,0.15659537013976602,0.02780762634956786,0.11852907114804934,0.023710823837809022,53.93424901907716,96.05020730699292,178.0216790782449,135.90572079032916,80.28972363750245,94.49116741600005,56.95330147315501,131.42067318629293,166.40691639405452,30.200920430889568,166.1809271646467,170.6439621667251,160.50259081873375,161.30507501380498,31.166524405199883,8.400024301320641,174.9737538984096,168.8449474683688,173.77435923081188,14.00691510108908,-1.1755170639589354,-35.76144560884083,38.65020790376604,89.4665616980214,-10.338756098551299,7.0645887909820635,5.831057168468677,-2.4964172771145328,-6.608807198923423,1.0356621892579545,-2.3995038346683977,-0.8754610115339602,2.854489011572798,-2.924356789250804,2.3091704346223656,2.6605909545042166,-1.277452804445922,-6.013892912631956,1.0826646237355075,3.5480901388381527,546.2321582614478,641.6826041903552,-4257.979566470816,-5968.357324712379,-416.2473744034721,965.9445660387538,131.00740663944924,-220.06964697622632,638.7594319720577,-32.520881400879986,307.48283258641555,-421.51009445743,198.34765424522595,-32.299923243606834,-19.499587729725796,-247.86511754565547,465.6373829102122,-315.4785801319498,-48.149004384647704,145.85531915204177,233.93424901907716,317.88404171208424,315.9057207903292,260.28972363750245,174.7808910535025,297.8275895803475,346.4069163940545,149.79907956911043,163.61815240446376,172.97419023773867,192.47159941900486,211.16652440519988,171.59997569867934,176.62622180026975,187.78127433190096,194.00691510108908,-1.175517063958858,34.58592854488186,89.46656169802132,-10.338756098551364,-3.274167307569257,-9.105224476037911,-6.608807198923379,-1.0356621892579214,1.3638416454104323,2.2393026569443926,-0.6151863546284054,2.3091704346223545,-2.660590954504171,-1.383138150058249,4.630754762573619,3.5480901388381554,546.2321582614597,-95.45044592889984,-5968.357324712379,-416.2473744034611,549.697191635284,418.68978499583585,638.7594319720491,32.52088140087559,-274.96195118554874,146.54814327188566,-51.79951097333154,-19.499587729733495,247.8651175456556,-217.77226536456104,97.70631476738883,145.85531915203651
28,-,stance,0.1407035175879397,0.17665515575262766,0.26702328312357554,-5.162182426637148,537.7986609520133,0.01831704474013901,-1.4123234298377158e-05,2.2355841756532002,-176.0471714691008,0.170422915483641,0.3185486080377326,15.47774097255114,1092.3015753865795,0.009621343360279103,-0.04664245204293354,1.9006634436428946,690.327511251148,0.1778685332005798,0.6058528556129354,8.06582806801411,-552.6945298499857,0.0048709118875363555,0.1232657058532166,12.059769507751101,-1314.8354165643248,0.1821394560290532,0.8068019993977257,-36.57409340848175,-710.8070005933736,0.0034402684700851754,0.13218123289093586,-1.5418532608179025,-471.2146862721334,0.1419788635499424,0.22795747550693313,1.2265125100635714,728.4900189284153,0.022785796939620545,0.0,11.031961017993353,-609.8823619459051,0.13891312338154718,0.04296193718492696,-1.1954093819439273,2355.7005685597487,0.009552738034544442,0.024736374098105477,3.2158948161438943,-494.2389642308892,0.12782457233090122,0.06177126062272687,1.0056990372388457,1492.1130352765992,0.010882697222227775,0.050433128128459175,0.13640407994616238,-359.0016263258343,0.13203536850562042,0.04343271166152112,2.0331327905131107,-424.27125963237256,0.00211957336707691,-0.03859126694423904,-1.2247325117677148,557.6442835326524,0.1376910969311507,-0.005499587435558846,3.3123894606112527,-68.73725735539402,0.0005545865276319201,-0.03372345885626619,4.513888310410211,-121.16176716910607,0.20496065331675287,0.32371582869281584,2.144616894315267,-619.5115437804428,0.013112597415889576,-0.06436899418456687,2.7229289722732606,818.8067108888768,0.17864734085831974,0.29009123247663415,-4.420016821326616,215.92484803088846,0.028757762796975214,-0.0050975460325492,0.031196812240453422,-295.1954795130932,0.1628340687721753,0.23875045115730556,16.681769293612373,2372.5446455926417,0.03320343521859925,0.0,1.7884298668741148,-360.49307752966564,0.14688494867827268,0.23033300351582073,6.770926149735628,1101.8655062309952,0.03474549368504354,-0.04676767805370604,6.3862591495585015,373.90681679387336,0.13329893666359968,0.1758709874166778,14.092902298264558,2660.683696597764,0.03197953513309994,-0.04300713153468177,4.53103250452392,223.80157470096117,0.11963074020009837,0.2494812845767665,7.52161701004278,733.0296235300408,0.023501165962363887,-0.02086095860679096,8.84359363924461,-518.8945169437831,0.11963074020009837,0.2494812845767665,7.52161701004278,733.0296235300408,0.023501165962363887,-0.02086095860679096,8.84359363924461,-518.8945169437831,0.17677151511647543,0.009062392114509911,0.1356886049398324,0.009179078418220318,0.15770944808153645,0.0275499983686619,0.11963074020009837,0.023501165962363887,54.37069560338954,86.90926775905727,165.98088140967337,161.48054643465892,76.95623838921021,96.20438544732475,57.49572743405163,131.13210310902133,164.53279329346202,30.734541820983566,164.96801725225072,169.8199813551363,162.96995511650056,159.6962169242156,31.811287530913255,8.126692337894854,176.27172275079573,166.7778631609598,172.5698123987669,16.25390935158268,3.139093259877045,-30.593716341421207,17.12214880609874,50.85495840739706,-11.692434072110354,9.556248939088489,5.76912080569258,-6.0874561170114,-1.8178498217030448,0.7573752359016317,-0.585606517585401,-2.6627910132076713,2.4765648055505327,-0.9487160233014915,0.9631735126423885,0.8848963789162415,0.8951616300779499,-5.744747789444946,-0.18600393305108853,4.150693713501841,1243.6990091603902,2150.0755625621505,-3478.4056200123846,-7473.320932870903,-19.999394417933253,193.20052630238678,144.71352255427146,-692.1125180493451,720.6001273795425,-78.81204810390345,427.33815554970096,-313.3382165852783,-165.10694266109917,451.7605346199391,-321.84148281935256,-339.47503412315695,316.30356555167094,272.0508380601842,-287.1862174278997,38.30684793919884,234.37069560338955,327.46142784433226,341.48054643465895,256.9562383892102,173.160623836535,295.6648964024833,344.532793293462,149.26545817901643,164.29744092676572,174.47745957162942,191.50750445512887,211.81128753091326,171.87330766210513,175.60158491130943,188.82372175034962,196.25390935158268,3.139093259877078,33.732809601298285,50.854958407397106,-11.692434072110265,-2.136185133021865,-7.905305938714401,-1.817849821703089,-0.7573752359016759,-0.1717687183162748,2.4910222948913967,0.014457489340907976,0.9631735126423111,-0.8848963789162112,-1.7800580089942053,3.9646897804507413,4.15069371350183,1243.6990091603752,-906.3765534017533,-7473.320932870886,-19.99939441792459,173.20113188445129,28.487609330188526,720.6001273795249,78.81204810389687,-348.5261074457997,-35.18789086052587,129.91905180057773,-321.84148281935256,339.47503412315075,23.171468571475412,-248.87936948870004,38.30684793919526
29,-,stance,0.1457286432160804,0.17782689686496153,0.24297423976129454,-0.41708170598864236,819.086357989668,0.01831704474013901,1.412323429837708e-05,1.7836519767112449,310.94893285325526,0.17223971698834462,0.3550581102464745,13.36441457459688,-31.58147924057253,0.009465822183941278,-0.015474357045613523,4.640923978271867,-35.91600930163239,0.18097151896374628,0.6191663578109851,0.38522910490250145,-1004.2873112220269,0.005889734094508561,0.17256144284622763,-3.8812394423639165,-2528.2707944099666,0.18479178523597312,0.6012618629171977,-5.440424265537499,4808.736971307812,0.004234708679289045,0.13190912524346504,-0.9637285511018044,-463.1328850615196,0.14306736984225393,0.25390468155883317,5.864251228226489,301.62736282950823,0.022785796939620545,0.08057775941366527,9.075087101845257,-1615.7916263520913,0.13894370716261953,0.08580900539756735,11.286219721958627,640.0749272529076,0.009801344809399773,0.032320550916019,0.9234443791396715,-378.26931156501666,0.12814992244254386,0.09723093574866742,7.031649058039273,611.7932838007977,0.011062812224991031,0.038438736013823256,0.22343662820840662,399.16827155829594,0.1323513409789454,0.03434299806746099,-2.134311641022844,48.360305283432744,0.0018595260627300991,-0.030886571860316948,3.3411504857097354,465.82681879839663,0.1376910969311507,0.0,1.5271448538456547,474.23487495981146,0.0004983964001543523,-0.0055909176840179715,3.355484156198471,-291.9329300047887,0.20650960070418126,0.32562340687196994,-4.010429845005005,-928.2978723881732,0.012922262585292749,-0.023204473951271096,5.635193552768017,-75.53268190269878,0.17999685019813655,0.27948562506794555,-0.8362244626355254,571.3003836175038,0.028752624494647785,-0.008371311742777656,-0.27486921055060837,157.59046282203977,0.16451487086426395,0.37885858468511086,15.777530159245313,-2516.6747613003085,0.03320343521859925,0.01147183244561916,2.2337104932361784,-179.39361510765968,0.14810395649433686,0.29527163481706187,7.867967204795555,-995.6089295298722,0.03474549368504354,0.0,4.89555741872031,-321.1746951693657,0.13456874080911818,0.31859568548539025,15.037800341076851,-1355.859646238976,0.031910702700080076,-0.020256484178846543,2.9451477069104595,-250.29347670850325,0.12103642074178568,0.31016788080542046,3.753547985656129,-1291.6433503451228,0.023501165962363887,0.0,3.25149478206378,-762.9425417363699,0.12103642074178568,0.31016788080542046,3.753547985656129,-1291.6433503451228,0.023501165962363887,0.0,3.25149478206378,-762.9425417363699,0.1789574795132564,0.009476827424469474,0.1360406874715027,0.00920157528737916,0.15912173996863707,0.02750594744100455,0.12103642074178568,0.023501165962363887,57.7385452132743,80.00997789908351,178.84808505839408,156.57665237258485,72.38095088863739,100.95314217973507,58.79678533643927,128.83774034450448,165.6995673874287,30.84078588489437,165.19827436167546,169.3289996903512,162.80299453570217,159.9704383476103,31.858507179766555,7.971225243193859,176.74994551940432,166.10651227492997,171.7151230931836,17.457193869288243,11.323970465291204,-14.152645985100651,3.6913574513803087,14.357808603841564,-10.539755037425,9.006302623166853,7.2854644303206495,-9.452321981128044,0.6334051365493575,0.24358130379158904,1.8953520000019586,-4.024588816411125,1.1951227536723057,1.6159500913515932,-0.9254173324062995,-0.7512184336682108,1.9014775026060433,-3.2797136356451833,-1.803629018755943,3.933083585463266,1379.4054868531132,3162.1845398815153,-1095.5510563699968,-4351.941556542512,243.23578533777234,-274.8297377508404,278.6431086950722,-661.6338480008502,351.39678689271,-55.94520508337798,278.18751948470396,-32.05144370698378,-405.69730876004184,533.6532911591455,-318.146853093436,-187.66118955985812,1.4429477664634458,481.5338103322503,-107.55787536204514,-187.75769317681474,237.7385452132743,337.7285673141908,336.57665237258493,252.3809508886374,173.33409306837248,294.5373077319332,345.6995673874287,149.15921411510564,163.9609397534302,174.631940063079,191.82894552737685,211.85850717976655,172.02877475680614,175.2788292374018,189.17231696247183,197.45719386928823,11.323970465291127,25.476616450391887,14.357808603841653,-10.539755037424978,-1.533452414258191,-8.81891684457873,0.6334051365492249,-0.24358130379162218,-2.1389333037935807,1.8856555126174999,0.6905327589452385,-0.9254173324063106,0.7512184336681943,-1.1502590689378933,2.12945456670729,3.933083585463233,1379.4054868531098,-1782.7790530284117,-4351.941556542516,243.23578533775483,-31.593952413070216,-310.23706110814453,351.39678689270124,55.945205083385666,-222.24231440132272,-190.19087069433016,215.50643806570733,-318.146853093425,187.66118955985345,186.21824179339004,-295.31556853886036,-187.7576931768108
30,-,stance,0.1507537688442211,0.17909710791103264,0.2628315071839912,3.069841271751511,235.98486672203927,0.01831718668219226,0.017912027285412704,5.360699078701005,595.6856107996593,0.17399133870219854,0.452864332405541,15.16033917113835,-646.4881674292939,0.009465822183941278,0.0,1.5396985260385474,-371.10102421673133,0.18409131066601686,0.609724504908438,-2.0275117432625853,-71.90659116346377,0.0066051977452873945,0.08425827427166953,-13.34998721998737,-197.30967269335702,0.1881822888221909,0.7521243685883033,11.75492137853165,-1190.867856818097,0.004765988321778297,0.12249551880951065,-6.196455120732692,-1116.8452692592311,0.1445306693947548,0.28689467378056643,4.257943292269697,-840.4141102039342,0.02359562366739608,0.09120690554618388,-5.2071508046408015,-1390.0604866562346,0.13977552544584435,0.15639128112421014,5.237504459793866,-974.8777577970673,0.00987756769199187,0.034017222129660005,-0.5858068076251343,-411.3142772993094,0.1288017676650587,0.13244110040201634,7.154375256342366,-37.35153108531226,0.011269016177140573,0.052678722381810004,4.148145502642621,-33.97712273672241,0.1323805242650924,0.02198234341003516,2.519166009442085,1030.331777868519,0.0018091555594355324,-0.005011865077809394,3.4569440590704623,-244.64460527412865,0.1376910969311507,0.009848602050327197,8.078569108448574,749.8364142829334,0.0004983964001543523,0.0,1.5798890138796584,-165.56040519237462,0.20823325037074253,0.28341000110482567,-7.18500996385737,651.5963878023324,0.012879386622409464,-0.007733883101470977,1.963806541090355,-484.13438232508014,0.18145624161277146,0.2816869665204982,1.3216955768392757,378.13880958461954,0.02867362901061564,-0.007860050661198542,1.6150205591956337,502.9266674930661,0.16664169273885984,0.39731859346127923,-8.611444387797873,-2750.012302135631,0.03331873001704769,0.02244935169081596,-0.014521038730513022,-117.66617841017703,0.14985250279703713,0.3094080508001985,-3.235193745036999,-1408.8341286840514,0.03474549368504354,0.0024339040439857354,3.158372765946772,229.69280695598863,0.13650090335189508,0.32700465918629507,0.4661721853099659,-1644.418167895111,0.03177595237753364,-0.01340765709337049,2.0155201757952335,41.08948066484031,0.1227480053338212,0.2872053849351197,-5.459723194430873,-745.7908528925973,0.023501165962363887,0.011817380911438122,1.1758294006880945,-440.51875618381206,0.1227480053338212,0.2872053849351197,-5.459723194430873,-745.7908528925973,0.023501165962363887,0.011817380911438122,1.1758294006880945,-440.51875618381206,0.18134051152535974,0.009788548733299807,0.13663591674038017,0.009409951899223681,0.16090543270085456,0.027482392945835644,0.1227480053338212,0.023501165962363887,60.022184068925384,75.83594653034098,171.606178170918,155.79241570950242,70.88194703218171,101.89163679828043,62.05146949929814,124.58678375979504,166.135330571369,30.533949510483605,166.87486414240652,167.44857359520708,162.60350350159234,161.50480319242644,31.03430605788399,7.827984986769039,177.04103795749478,165.12584638801837,171.76911690649706,18.236013761220747,17.00246498704407,1.1870328031167707,6.111585425495708,7.116852311492228,-9.247853314946802,6.794141021994603,8.569554058909398,-12.737042529080275,1.7137761772186795,0.19511186822948884,2.2102479495975653,-2.9849160755894193,-1.6007950814850818,4.414633636589442,-2.234282297341907,-1.001145727212994,0.9096636176805977,-0.9052120072112535,-1.2669876050314464,2.263681721775052,1094.2891781968399,2910.977605034241,-251.12017993257,-594.1971596258861,330.88105222395774,-560.9489520511931,36.358685618669604,-355.6251512437364,89.19856579781609,44.948258787603656,-154.0374517912854,350.8579175727739,-500.7052276671107,372.05316638239873,-113.11666328438456,-19.43320172333445,-185.6482108328545,426.8426986715224,-9.782137570572182,-211.97914854475846,240.02218406892538,344.1862375385844,335.79241570950245,250.88194703218173,172.77358383046214,290.72211433116405,346.13533057136897,149.4660504895164,162.59118634710987,175.1426127519028,192.5391092503104,211.03430605788398,172.17201501323095,175.1309770557362,190.0051306677178,198.23601376122076,17.00246498704407,15.815432183927234,7.116852311492228,-9.24785331494689,-2.45371229295222,-11.023266351861595,1.713776177218547,-0.1951118682294557,-2.4053598178270654,0.579556257762442,2.180351339247524,-2.2342822973418737,1.0011457272129773,0.0914821095323356,0.9966941167435891,2.2636817217750798,1094.2891781968474,-1816.6884268374156,-594.197159625895,330.88105222395563,-230.06789982722876,-266.42658544592024,89.19856579784246,-44.94825878760036,109.08919300368503,-241.76872456908006,258.9365030980219,-113.11666328438565,19.433201723336097,205.08141255619057,-221.76128611532295,-211.9791485447552
31,-,stance,0.15577889447236182,0.18046841955022777,0.27382691585929964,1.9546254972479304,377.0388643218196,0.018497065114866776,0.05389049588455967,7.770442034999272,-324.11098972685704,0.17679111731402844,0.5074233280468597,6.867046057719563,-512.3134885069531,0.009465822183941278,0.0,0.9112654434303505,180.66134863089943,0.18709940343518786,0.598789355366135,-0.337450203273013,-35.25417782999461,0.00673655092135951,0.03839071701720899,-5.864251228226799,948.2460322391207,0.19235082411625756,0.7194017762692745,-17.40894543958871,-2368.9278764235614,0.005465819421093171,0.06963319438183002,-12.188304121546324,-178.70381892588543,0.1459507333978375,0.29669808148114163,-2.5821217386472126,-690.2529386909491,0.023702449256667618,0.028244585497677374,-4.895370050478692,616.1557785718777,0.14051547883220958,0.13844724117439006,1.4884533119378622,264.1826160439557,0.010143226438843592,0.0264330453117463,-3.2103674530141872,-177.74369721345445,0.12948098877824252,0.16913420465663082,6.65625678582508,-156.6955920997675,0.011592246620788116,0.08012864056299528,-0.11804199226116491,-971.5499572985299,0.13257226905341812,0.059661249418637693,8.220781603886882,289.4254276683189,0.0018091555594355324,0.003856584512250472,0.8824107342109577,-420.32823551232707,0.1377900778562796,0.08119164933114136,9.063189218498243,-1171.4323833184433,0.0004983964001543523,0.010287363862511242,1.6915604859233513,-192.58363669130688,0.20935794242382774,0.25341225145631807,2.538277570093805,1416.8972867546872,0.012844535116936256,-0.0034677247945841374,0.7695213685963631,7.569114859306066,0.18282787498728728,0.29276899769949605,2.9641655834410483,39.56074318091834,0.02867362901061564,0.007860050661198542,4.779670161238994,219.40179364970223,0.16850802255734212,0.2923114049082479,-11.860784435082607,1325.3967554012593,0.03342905684363258,0.01132589235787531,1.051135835847466,227.65138312077468,0.15121358514559513,0.26275712481669006,-6.291169766903437,229.39451671517386,0.034769955032219274,0.03174243985876149,7.204027840388535,164.78671488042988,0.1378552197959151,0.3232808330764452,-1.4890154166629377,-652.5471879447631,0.03177595237753364,0.0,3.358107311582221,273.1033585567203,0.12392290702254065,0.2552962909116429,-3.74183747055087,872.3498091054735,0.023619933609715024,0.011817380911438122,-1.1758294006880945,-233.9900507369311,0.12392290702254065,0.2552962909116429,-3.74183747055087,872.3498091054735,0.023619933609715024,0.011817380911438122,-1.1758294006880945,-233.9900507369311,0.18417744110392542,0.010041314410315184,0.13726190958359746,0.009549094855177843,0.16228092532208466,0.027518843665108733,0.12392290702254065,0.023619933609715024,67.84504341762124,82.67467776518538,178.77324269805337,166.39712295438247,68.15647286147954,104.3624023763529,64.9832789149454,121.63700290383952,165.89859341904756,30.822302108491606,167.54832158982134,166.0628487169284,162.93363006536487,162.28806020704815,30.344837312345646,7.400993589885142,177.48926187980314,164.83122305536114,171.4592658613118,18.81925561363877,22.32185165319913,15.10341034690174,1.167536547535387,8.385977853832665,-7.214317326631458,3.368624713104617,7.650878356136424,-13.026444104180667,1.5298731345173573,0.6953225981393639,0.3472369066222076,-0.49837858954908015,-3.8370905897157357,5.355177894189767,-2.062268219686545,-0.9465269937017227,0.035666338456754196,1.010162732912825,-1.9019419591637035,1.8026398814958469,858.7459447547842,2263.4019798289855,-388.85565976403655,-461.216112862678,377.3292042073692,-536.6583327071698,-156.6876078427451,61.38545324368141,-64.0269739007414,69.67299726795612,-345.242964415597,510.11802492659444,-383.1712365555955,-64.98395288839046,213.60713166501927,60.60453942431679,-167.07257207180763,275.04465242146506,-289.2944514344058,120.71783166044212,247.84504341762124,345.1703656524358,346.39712295438255,248.15647286147959,172.51887523783245,287.5355963228871,345.8985934190476,149.1776978915084,161.62937630168705,175.56652758475863,192.63289751939377,210.34483731234565,172.59900641011487,175.10974453031173,190.27852147495057,198.81925561363877,22.32185165319913,7.218441306297279,8.385977853832665,-7.214317326631458,-3.845692613526819,-11.496570969663352,1.5298731345174899,-0.6953225981393639,-1.0425595047615717,-0.5441809152124473,3.2929096745032442,-2.062268219686567,0.9465269937017227,0.9108606552449243,-0.09930207766781253,1.8026398814958469,858.7459447547864,-1404.656035074195,-461.216112862678,377.32920420738003,-159.32912849979414,-2.6415206570623666,-64.02697390071062,-69.67299726796273,275.56996714764745,-234.54805777896448,148.62317877663537,213.60713166501267,-60.60453942431349,106.46803264749855,-168.5766197739665,120.71783166043495
32,-,stance,0.16080402010050251,0.18184913721615123,0.28247598454326683,6.859176591568788,511.0643981237479,0.018858799706157683,0.0960069221095259,2.1033021970240537,-1068.652752236267,0.17909107064236798,0.5218798706740793,10.01145988966144,153.8618348125567,0.009465822183941278,0.009158446667641703,3.3553904720777354,61.84861710777374,0.19010929413703329,0.606333045579061,-2.3818250882876564,-210.8352707978897,0.006991034097219143,0.025321075998033436,-3.819876343212299,-82.60775355073659,0.19541245742791225,0.5771600928135426,-12.053398987534262,2149.5726906238424,0.005465819421093171,0.0,-7.992473401394855,733.309270630784,0.14751255966089694,0.2609437015328558,-2.679272171960939,919.4237377254715,0.023879488848277258,0.04200720654639809,0.9853695830162533,357.85507321292846,0.14116695500538595,0.17135061089242984,7.892606128577337,402.4028563565948,0.010143226438843592,0.0017522226018792685,-2.3721756238407545,493.6237406092926,0.13050160891788914,0.1993381535258864,5.5795451849879205,-741.4656444015507,0.012074329147622936,0.05149237070079327,-5.616175676237064,413.23452072425147,0.13298013481201337,0.10460326405211429,5.427964277465387,-1302.130116621891,0.001847915202774733,0.003856584512250472,-0.7674603179378449,-195.99533132001534,0.13850709340684056,0.10093593087945517,-3.6946206736463196,-1757.852353514527,0.0006017869917373797,0.01700060789872713,-0.3556249227163884,-336.6205366987473,0.2107801071692985,0.3089203284424518,7.0551637723706255,-472.34259624505154,0.012844535116936256,0.0,2.039878047214034,92.06914712487581,0.18439864359970107,0.31147757539930265,1.7192909856927259,-195.77161363941178,0.028752624494647785,0.04017683538140436,3.820063711453945,-450.474192969244,0.16957949580326434,0.27811472979210744,4.709126018244917,1600.7372907636861,0.03343255808094593,0.03301353094556435,2.27343256047325,247.62750768171892,0.15249327792082296,0.2461802139468977,-0.9297212152362594,1036.111151283169,0.03506451318111149,0.07483619389713675,4.814520654192297,-829.7409125267939,0.13974995695065331,0.312039680124356,-6.092091010114781,-295.56834231405185,0.03177595237753364,0.02034216513358646,4.76027754822458,-180.67999177097164,0.12531379720227992,0.24959897819591503,3.307611570448247,913.2062505196635,0.023619933609715024,0.0,-1.1758294006880945,116.99502536846555,0.12531379720227992,0.24959897819591503,3.307611570448247,913.2062505196635,0.023619933609715024,0.0,-1.1758294006880945,116.99502536846555,0.18661548985586618,0.010195368852102819,0.1381336703606052,0.00970934932585118,0.16371921310767001,0.027581686143481693,0.12531379720227992,0.023619933609715024,73.63614167270828,86.2951800465888,176.61355445387036,163.95451607998984,65.20494864242275,104.53207819473677,66.11323224402926,116.32946023627116,167.29433435685905,31.090083484294738,166.4361975373526,167.929657152719,160.07392857072537,165.00492296848822,29.465210286420056,6.9674337948158325,177.10386024174468,166.48938873496775,170.63693468198477,18.802382546486957,25.633077497142395,23.93479139436283,2.203488342440069,2.4815144937768765,-5.455600006330031,1.4005899395104908,6.994804231344123,-12.120103300500563,1.0702890023368572,0.8953429965506551,-1.2595305872426013,2.14189824528087,-5.451762283048851,3.7615285824347646,-0.0874769539748817,-0.39205487872739886,-0.769457709674251,1.8590558563210553,-4.174469528995321,3.476926261075976,370.11657798360363,1306.3972764890093,49.15205092063787,-1028.4445127533024,318.07994828247246,-353.25922668808823,-37.34847957982537,129.9085019858525,-127.73930081163854,30.842368210962455,-125.33251270181967,167.26462719090267,-51.47655476439522,-406.7880419760763,385.490114040426,125.6783191115938,15.664202019142326,-276.6391293798839,-150.24001523809662,285.5366234872481,253.63614167270828,347.3409616261195,343.9545160799899,245.20494864242272,169.7370268371595,283.62379459313024,347.29433435685905,148.90991651570525,162.47371897835265,174.54406182563366,194.47013325490826,209.46521028642005,173.03256620518417,175.92870596343946,189.4393172284717,198.80238254648697,25.633077497142416,1.6982861027795628,2.4815144937768765,-5.455600006330009,-4.055010066819496,-11.04981429816373,1.070289002337034,-0.8953429965506883,0.36418759069200135,-1.7777106545889572,3.674051628459938,-0.08747695397491484,0.3920548787274154,1.1615125884016664,-0.6975432679193888,3.476926261075932,370.11657798360574,-936.2806985053861,-1028.444512753307,318.07994828247246,-35.17927840561366,2.1692011742182977,-127.73930081166493,-30.842368210964644,94.49014449085942,-72.77448270004325,-21.297927935652456,385.4901140404327,-125.67831911159216,-141.34252113073006,135.2966082491406,285.5366234872503
33,-,stance,0.1658291457286432,0.18330737416875306,0.3427633640157698,7.090951106531822,-1475.7536798847873,0.01946195880440975,0.07502921143254009,-2.9697866306918397,-107.58956121447326,0.18203614113989858,0.6080410153801404,8.413396156338221,-2142.674728806276,0.00955786687406833,0.03372251730731388,1.5328595852170206,-660.5544165951799,0.19319320288824374,0.5748514147803294,-2.456397648477932,233.89683503675337,0.006991034097219143,0.0,-6.694479907128673,-176.92339905135935,0.19815142806413236,0.5982620879523474,4.194800194821742,332.8732655492814,0.005465819421093171,-0.010693171461334248,-4.818361703146493,218.36709937707704,0.1485732831619868,0.2697707229689714,6.6583178364831435,842.9309341104607,0.024124632237033428,0.03814779738728795,-1.2988366513537875,-147.6070613265683,0.1422375955245958,0.21776991583345867,5.53270312456695,-545.4609915115519,0.010160836716249413,0.002592084268120655,1.7506751661746773,446.1396629081804,0.13148438730614087,0.22521003566153447,-0.7956592383110997,-1383.3675993791655,0.01210975788411267,0.023684663917396716,4.035068768786584,1729.1325962712363,0.13362355813936902,0.11421365421728473,-4.865953236534117,-1093.4481284995018,0.001847915202774733,-0.003856584512250472,-1.0873915906133147,82.71029082101379,0.1388045093224048,0.04405978326434422,-8.60366860576834,2.8617219972754766,0.000669256781046082,0.0067132440362158855,-1.6915604859233513,-118.81273152308162,0.21246266934284735,0.32431842002285693,-2.20888420121324,-936.5567834293153,0.012844535116936256,0.017033562112089548,1.6948394301529028,-371.6043889980106,0.1859583028807476,0.31004830408836764,0.9966116775173142,-1.2677335232506777,0.02907741630088101,0.04625265077631352,0.25229133742750237,-299.9308370851566,0.1713031454698256,0.3396393045891013,4.227027532391607,-123.73452049569445,0.03376085112449252,0.03417446080484262,3.5398545060154922,481.32858974793726,0.15368775815008656,0.2534131930052704,4.122007632927394,821.3328563653479,0.03552207758394929,0.08012958211195034,-1.1350768081219471,-767.50078947804,0.14099129698309457,0.2620537877486585,-4.459551520321747,555.6308244075166,0.03198039624822295,0.0478419854092922,1.542227997301101,-741.5495385318111,0.1264314394667207,0.2885386182528313,5.436114795978401,-38.479441058164156,0.023619933609715024,0.0,0.0,251.3188494111555,0.1264314394667207,0.2885386182528313,5.436114795978401,-38.479441058164156,0.023619933609715024,0.0,0.0,251.3188494111555,0.1891720365652569,0.010369169799197598,0.13894466669089947,0.009782479764243266,0.16513910204888704,0.027800868330699512,0.1264314394667207,0.023619933609715024,82.68583054352442,95.64205098982129,175.85764093426735,162.90142048797048,65.59513717133854,104.13203682823435,67.95199865325405,114.59173916754712,167.1834361787717,31.485829306262833,166.2367965217232,167.98696166708515,158.70395349470758,165.72144696990523,29.865012040315996,7.196640698434065,176.7487372250315,166.4880371003617,169.56167977581876,20.004905200353935,26.041616256049412,28.233031216138,1.6615270090493348,-1.95014790248192,-4.0175339268076184,-0.18171927371033592,7.275516752319084,-11.72083101889572,0.24606106605868003,1.0052961479982827,-0.9123863366121594,1.1826729400077285,-4.354442898905637,1.2668558642794576,1.8120042832323051,0.316571690836907,0.19309550447828494,-1.7701300246739442,-3.41189186105412,4.67235469041291,-106.83761187761215,482.484432679912,15.681232814392029,-432.32494657457556,140.27928435773495,-257.4342133804828,-125.93680394820576,292.79242384055635,-284.010548915092,36.87256242380668,186.0878214787928,-453.63974444485535,436.64080751538404,-500.56913037661917,294.6076834034943,64.09261715109456,310.8337441338779,-806.7357797657802,390.57059316372187,41.23882531708575,262.68583054352445,347.04377955370313,342.90142048797054,245.59513717133854,169.72717399957293,281.7751753463188,347.18343617877173,148.51417069373716,162.277374172014,174.29041250492884,195.58645901022126,209.865012040316,172.80335930156593,176.05462207653443,189.5665849761727,200.00490520035393,26.041616256049434,-2.1914149600884993,-1.9501479024819641,-4.0175339268076184,-4.19925320051791,-11.474769952837038,0.24606106605854747,-1.0052961479983047,-0.09290981138610122,-1.2755827513937856,3.0788601475117625,1.8120042832323493,-0.31657169083689046,-0.5096671953151753,1.2604628293587246,4.6723546904129325,-106.83761187761887,-589.3220445575218,-432.3249465745799,140.27928435773273,-117.15492902275226,8.781874925460041,-284.0105489151228,-36.87256242380446,-222.96038390261043,230.67936054225814,-205.9614469731303,294.607683403502,-64.0926171510962,-374.92636128496974,431.80941848081477,41.23882531708849
34,-,stance,0.1708542713567839,0.18529399514595796,0.3537418248099182,-7.972518683655188,-2017.8775493277851,0.019612862132615372,0.06615982029352754,1.0220000742655297,-16.154280851227387,0.18520203562106285,0.6064366159639105,-11.522959495326232,-2658.716845322767,0.00980474195587408,0.02456407063967204,-3.2833473831501956,-388.5416817312169,0.19588669529060443,0.581645632026519,-0.031103128119283483,-1283.803909955105,0.006991034097219143,-0.041960129098737066,-5.598000956793798,-51.51099595143357,0.20142514172894085,0.6193188887413993,-8.707939032265106,-2019.2757848313558,0.005358350361180264,-0.04842574576026621,-5.797829186549862,532.1870757976659,0.15022382320832378,0.3278614687336913,5.79239550754117,-656.9469689958579,0.024262883796893217,0.02895357185942537,-0.4981184705170946,505.21977371888875,0.14335559737557146,0.22695566742074083,2.4105861133858677,-489.7459674793812,0.010169277537015659,0.01934694789006696,2.1116400837791436,-272.6372800555118,0.13276502636172366,0.19134157826647838,-8.323646768571516,-87.11939344228232,0.012312365970913355,0.09204582566347246,11.762041371715037,11.223170308619821,0.13412801073379513,0.05569921142363076,-5.56146414966527,736.1430279179708,0.0018091555594355324,-0.007071974187380818,0.06379888629344839,178.20977571464107,0.13894990529894452,0.01446689966570313,-3.6658596485480737,784.2889370908578,0.000669256781046082,0.0,-1.5497227269684635,4.120133950508728,0.2140395887775684,0.2867204872242283,-2.357467216868712,50.951701749997106,0.013015726695952232,0.017033562112089454,-1.6948394301529026,-366.24448623433483,0.1875147069573731,0.32149377316329575,1.7065499452580457,-139.65576209624214,0.029217475256218775,0.04271242671233403,0.8056834392413194,-49.43228583611245,0.1729929561508935,0.32059741855986224,3.465562998187688,510.542390202519,0.03377601999858254,0.06858995814169991,7.110905824271608,-129.2901762298235,0.15504014418218245,0.28760742633812775,7.3248803562747655,232.24691714256087,0.035869835614397425,0.06342838678033327,-2.899055119456337,510.3559588020125,0.14238366336018757,0.26722006685479077,-0.5078616190844696,874.1395505500598,0.032256776351496375,0.03584194400093419,-2.692481632999643,31.06879288928174,0.12821368281286113,0.30423329775348684,2.9208835196124268,-79.5129923027548,0.023619933609715024,0.0,1.349988181333566,156.69559209976163,0.12821368281286113,0.30423329775348684,2.9208835196124268,-79.5129923027548,0.023619933609715024,0.0,1.349988181333566,156.69559209976163,0.19195196694664154,0.010441747136722215,0.1398844725956717,0.00984458792906077,0.1666974570401777,0.027959294587727068,0.12821368281286113,0.023619933609715024,89.46281874758566,104.21618728830909,178.32833015263648,163.57496161191307,64.01867402661652,104.54153678948747,71.1663505944448,110.69443644941626,166.6994237722429,31.417137134389233,166.01053634166132,169.22461329633902,157.4152010854967,164.56949820719768,31.363013934916022,7.355058786101723,176.45231600086524,166.68057167305628,166.455261211566,23.056792328410747,24.55933265415132,28.78388117004033,2.3610886722329534,-1.8634598436560383,-4.04575795248345,-1.1866885869265194,5.729107709251604,-9.177465874967337,-1.7840883736942148,1.2659215133728323,0.6106987743533039,-2.4172951662252085,-1.0634124587736395,-1.2693169489885376,2.8734042862612386,0.2520920273137517,2.354499517801905,-6.248841427757127,-0.24913693438505516,3.891386817026586,-474.6539146462673,-86.18330708070819,-776.6199485538692,479.34996749813223,-48.46449036073951,-274.8448316751386,-463.50596533079,566.6479319276962,-426.4512886327909,73.95442553707524,287.695030357603,-599.6969742839578,385.61100006800524,-252.18055141123247,104.61706973251127,-20.296191254115893,276.44371075728566,-554.6332080497716,593.7270765351361,-295.24138798853636,269.46281874758563,345.24663145927656,343.5749616119131,244.0186740266165,168.56021081610402,277.39386022165917,346.69942377224294,148.58286286561076,162.57232652394944,173.34771322761043,195.93251214211372,211.363013934916,172.64494121389828,176.192625213033,189.51205353997673,203.05679232841075,24.559332654151273,-4.2245485158889915,-1.8634598436560825,-4.04575795248345,-5.2324465394099695,-10.961554248661619,-1.7840883736943474,-1.2659215133728432,-1.8766202877261913,0.5406748784990615,1.6040873372727011,2.873404286261283,-0.2520920273137517,-2.6065915451156125,3.6422498826415586,3.8913868170265697,-474.65391464626947,-388.47060756557,479.34996749814104,-48.464490360735184,-323.3093220358892,140.19664329491172,-426.4512886327777,-73.95442553707305,-361.6494558946849,238.0475183892686,-147.56348167872338,104.61706973250466,20.296191254114248,-256.147519503167,298.4856885466091,-295.2413879885402
35,-,stance,0.17587939698492464,0.18686256838794824,0.2626375480996369,-13.189225268621886,1043.3819759017583,0.02012688162143013,0.08530056896284696,-3.132141212111211,-940.9845291905814,0.18813098150134494,0.4922323772361577,-18.30737615846357,-347.80642072731735,0.00980474195587408,0.0007240511450002174,-2.3720819397198496,312.35648992686805,0.19903888763222888,0.5745388205278743,-15.358949507323263,-2484.440772158206,0.0065693242570308286,-0.05626131614868163,-7.212178358901877,61.55964843704563,0.20437573850374444,0.5107451127537027,-16.099428798458305,-720.7810805188378,0.004979128508929689,-0.06896281152716226,0.5302521239657499,723.4750142556965,0.15186837330001388,0.3279857531955161,0.05583573602223167,-636.4768012237532,0.024415622908987453,0.033141581603196524,3.7787490141627043,311.0887564036465,0.1445185570062113,0.2419969119478896,0.6106330996485249,-255.04747742064876,0.01035527840358677,0.023814597672936262,-0.9893980002123874,31.86112634126966,0.13340741824349242,0.14155529426885555,-1.6712310317008756,1448.702483675865,0.013034841559122448,0.14189613498991016,4.147864450280251,-1855.3466543932432,0.13418334920895325,0.0583195421603471,2.5324691546012996,977.5903346739389,0.001776840085313619,-0.003215389675130385,0.7036614316443922,165.43922478205775,0.13894990529894452,0.007216972726172466,-0.7213677304833019,379.82601375895604,0.000669256781046082,-0.00886185874738683,-1.650152104511203,136.96182835938336,0.21534428227977429,0.3006252821648798,-1.696806796690654,-420.10451783170913,0.013015726695952232,0.0,-1.9860096777298752,-95.07069267254101,0.18918939607836868,0.32719955981960436,-0.4069638209373867,-476.7423772962139,0.029506686921105474,0.05434997177371375,-0.24451555539775052,-472.89256887641545,0.17452523007846746,0.3744690834653596,9.358106830909408,-1580.509483812088,0.034450197437474434,0.10564085099852744,2.2404557499368587,-1233.1784631560354,0.1565782850479572,0.32703008100803216,6.4561475037069105,-739.8809774975288,0.03615954880787224,0.05099334975560512,3.994128807978703,1028.5140717139016,0.14367692579570554,0.2569496508734377,4.325770595759295,1067.2731598727632,0.03234061679094591,0.02078186849472281,1.854477172067753,825.2106294952489,0.12948906054967033,0.31789423151526786,4.6369892451969426,-436.92063015466624,0.023619933609715024,0.01356772041541278,1.574830071354395,-243.1531540703404,0.12948906054967033,0.31789423151526786,4.6369892451969426,-436.92063015466624,0.023619933609715024,0.01356772041541278,1.574830071354395,-243.1531540703404,0.19460204400631662,0.010370019085816182,0.1405855206115231,0.010050367947611275,0.16813386330499058,0.028182118377177556,0.12948906054967033,0.023619933609715024,97.00554332277119,113.52654082132872,179.92877308467996,163.40777558612243,62.402413666531096,104.03902174824188,72.49869534899047,107.0241628785715,166.91857718721093,32.231908552097416,166.39782540742382,166.8109730157236,158.0700098047241,164.91199233340228,31.57729088662874,7.560249657843722,178.4743807171516,161.58212113426134,169.74685881534546,22.636389675397822,21.271225154076856,27.36686732587962,-6.143698604557425,2.867439710564656,-4.504614231940681,-2.9439788885358618,2.6171653419593657,-6.025876929170105,-4.03988153326587,1.7485567061598462,1.97902100366527,-4.8444323291778035,-0.4789554610362209,-1.2676220393510305,2.8634321197399606,0.11258986918750016,2.971424255807801,-7.344333120651573,2.555214435781445,1.7051045598748436,-995.3206274134002,-724.2569756235459,-1345.9209854977319,805.7730522204631,6.612165002503361,-73.73354900975853,-328.37489966410135,910.0657472685397,-648.8122316116979,78.17135003774699,96.10852326326852,-68.3745579054962,-188.69917449438017,119.72654097002827,-36.932681871166274,97.1403383112766,-242.44655006254666,231.52193971510076,270.9257252489569,-357.14145321280296,277.0055433227712,343.4790025014425,343.40777558612245,242.40241366653112,166.44143541477297,273.9427400657824,346.91857718721093,147.76809144790258,161.37026604047875,174.5592930247552,196.48928322003104,211.57729088662873,172.4397503421563,173.96536962500468,192.38324849074326,202.63638967539782,21.271225154076856,-6.095642171802788,2.8674397105647005,-4.5046142319406375,-7.44859312047661,-10.065758462435909,-4.03988153326587,-1.7485567061598462,-3.7275777098251606,1.116854619352643,1.5958100803889081,2.8634321197399384,-0.11258986918750016,-3.084014124995257,4.260318995656316,1.705104559874827,-995.3206274133912,-271.06365178985425,805.7730522204764,6.612165002501152,-67.12138400725514,261.2535156568484,-648.812231611676,-78.1713500377459,-174.27987330101,-105.9053153955182,82.79385909885319,-36.93268187117069,-97.14033831127824,145.30621175126402,-86.21572796384113,-357.14145321280245
36,-,stance,0.18090452261306533,0.187933568493693,0.2211867969845728,2.513732330432824,2568.073898411397,0.020470154282995742,0.034681014141656114,-8.435130872373469,-36.904095724132446,0.19014909468876293,0.42244288572809596,-15.018501412183689,-845.0748952158801,0.00981201885180373,0.0007240511450002174,-0.14408617785504343,178.6106032256582,0.20166095479339713,0.42728433044538083,-25.000357119659014,-775.9834181996986,0.00642559373391581,-0.11444433371081614,-4.979311022753139,336.88154065943905,0.20655825844003334,0.45751558423428085,-15.951969992253417,-1762.168240435609,0.0046652567779927046,-0.043096578685233554,1.4732764843616513,-1723.2693287262912,0.15352016243641942,0.32842263190979415,-0.6043562635518195,-60.935103245501985,0.024595965019035895,0.06693094888618617,2.6284016943436708,-933.9653869626732,0.14578772714389196,0.23309268349761042,-0.15270511697240827,-669.2234767173373,0.010408620227195922,0.009403249395470114,2.4318524088170292,731.0814153950596,0.1341876926357825,0.1745452864905902,6.236177187969825,957.7447120933587,0.013738457779857174,0.1337329055657865,-6.884658672438137,-1508.9571123095595,0.1347141367856579,0.08115116272615636,4.263564339520034,97.45701459861274,0.001776840085313619,0.0,1.7265046629975445,478.2338285000425,0.13902243768815228,0.007216972726172466,0.1514872234012285,174.5091124151515,0.0005801928740371692,-0.016584443261419106,-0.17322193943697395,299.8655860949825,0.21706094839731593,0.2696671525841213,-6.579623174976336,151.7365168471031,0.013015726695952232,-0.002926334146502233,-2.6503237786206504,-244.4208875935488,0.1908031447445048,0.3174036845106587,-3.0848307310858067,-223.94139825138566,0.0297637061283164,0.040254983944517445,-3.9470056951950117,-374.20510703463356,0.17675646452742977,0.414648743493625,-12.41895442705941,-2848.615869847291,0.034837737094045126,0.0911071013571457,-5.282847574281496,-1124.9084273298015,0.15832687866467524,0.3524933308979961,-0.11110936731847934,-1149.181795671764,0.03638233159184069,0.10357038485047095,7.437769721889396,-983.798500309838,0.1449660719116794,0.31069514821920574,10.218501796722183,-21.756544435510822,0.03246563935144334,0.054479905529253296,5.601092532781744,-95.49948489363432,0.13140859971251206,0.35083620474039073,-1.4702785924947663,-1087.0255667532588,0.0237562926088649,0.015827437903059228,-1.0937621108306566,97.52226558876623,0.13140859971251206,0.35083620474039073,-1.4702785924947663,-1087.0255667532588,0.0237562926088649,0.015827437903059228,-1.0937621108306566,97.52226558876623,0.1965754691039716,0.010343255911676997,0.14144643133798082,0.010220015197087956,0.16988701799301953,0.028370238911743784,0.13140859971251206,0.0237562926088649,101.74294473488973,118.13515983466121,176.62122881526972,160.22901371549824,61.40858102334701,102.57507575833027,71.4636317929958,108.04286382391105,164.47716116477042,32.530897502110726,167.33015746544874,164.92974195899265,158.87081560434626,163.6216186891681,32.71676877993355,7.0393165705008895,179.44564042507088,160.60036277171164,170.02136886272666,22.893311369989945,14.556110268087007,21.504916590909225,-11.165755403121121,6.234761786700365,-3.979304032860301,-1.9277292804919308,2.4288574613711926,-0.031076455183029632,-8.304814319540418,2.0515632222949116,1.576613581019318,-3.1044766527126066,-2.959886574295046,-0.06603513019428528,2.5022215538877086,1.228376834462259,-0.08214922654529465,-3.9219877622787305,2.473734676157222,0.3020254782044501,-1955.0200330267442,-1648.5489611728208,-259.3252803027836,69.74685976505762,-112.76579101226372,591.7728188850862,398.0359765681023,1181.8354573749584,-1100.864406070225,22.208680711004156,-227.89879888375916,572.496664320204,-420.65031688002574,200.8406044426206,-146.99683371004153,247.02212550150998,-755.450466166315,912.9405762274125,-361.15979325484574,-43.352442307769124,281.7429447348897,343.6077849002285,340.2290137154983,241.408581023347,163.98365678167727,272.5200249886815,344.47716116477045,147.46910249788928,160.13894503244055,175.2092030734479,196.33838746910166,212.71676877993355,172.9606834294991,173.51504300442824,192.9146802327166,202.89331136998993,14.556110268087052,-6.948806322822197,6.234761786700454,-3.9793040328603233,-5.9070333133522315,-8.335890774723447,-8.304814319540329,-2.0515632222949116,-3.6281768033142296,-0.5237001506016228,2.4361864236933353,2.5022215538877086,-1.2283768344622756,-1.1462276079169809,2.775760154361749,0.30202547820443904,-1955.0200330267376,-306.47107185392343,69.7468597650532,-112.76579101227246,479.00702787283785,80.9710513047225,-1100.8644060702206,-22.208680711003073,205.69011817276046,-366.80654614744344,53.843770732577944,-146.99683371003823,-247.022125501513,508.4283406647976,-404.5122355626149,-43.352442307764704
37,-,stance,0.18592964824120603,0.1890855512722153,0.28790118961152456,12.620562655110712,218.124738556461,0.02047543452737642,0.0005253843158775369,-3.503036646524602,128.52580748789055,0.19237663864434087,0.3412926645508947,-26.800591185758837,-1395.2898874395623,0.00981201885180373,-0.0007240511450002174,-0.5770005002660007,-92.62844132631251,0.20333320251107692,0.3232789499785378,-23.157777830938315,-330.188653382302,0.005419129948379411,-0.10630464301052216,-3.8264342316713376,-803.8642341407706,0.20897388507896333,0.3504238062988947,-33.80966237067546,-1786.3856793573261,0.004545997064856991,-0.054156012689356735,-16.789037611976855,-2159.891668640207,0.15516910326895653,0.3219118208985129,-0.5565773619225112,5.201436073267162,0.02508829576211495,0.05955767903378615,-5.607837789482242,-955.8151470984176,0.14686119704136316,0.24046218715419707,-6.115230987962898,-513.0685356789427,0.010449783422636721,0.04825532539974055,6.358153913305791,-403.8663428503229,0.13516164222832247,0.20423044188664266,7.954343964212265,138.47192270324038,0.014378890861291155,0.07270358551817017,-11.017533663383647,214.5359340973216,0.1349989387840905,0.10116943501984488,3.5119366380044417,-325.1270408594145,0.001776840085313619,0.014136415983136374,5.510031567323206,221.35932335470633,0.13902243768815228,0.008739457383471243,1.0324926957996254,480.3871111755977,0.0005025789593232771,-0.010602782761828777,1.3635723788554521,227.17598304956894,0.21805450491881068,0.23449841608471572,-0.17181667762429284,1101.175710049227,0.012986316302520048,-0.026636419885634647,-4.442501010328352,-96.06810066507852,0.19237938285737027,0.2961962358890938,-2.657631140046788,742.3698366938733,0.029911259624065448,0.014681572827030257,-4.00537090247949,183.84932557904182,0.17869255413367977,0.2496554711331044,-19.271198393686447,2186.131888257141,0.03536584669734524,0.052546905528361706,-9.065156585036007,-299.5020448640353,0.1601209315896456,0.325913403949555,-5.093418281938944,-317.1011690690138,0.037200457198329234,0.12574480424695575,-5.893293305687999,-1984.9630855739154,0.14679949009941615,0.3596481613932585,4.10711185771396,-1285.9758357707062,0.03288815352993338,0.07707425575886087,0.8946833540412787,-915.6112155858722,0.13301505255711144,0.3031175622439637,-6.287890822674993,306.46525767185955,0.02377900333738396,0.0025751363869639834,2.5549533436033007,693.6366686095673,0.13301505255711144,0.3031175622439637,-6.287890822674993,306.46525767185955,0.02377900333738396,0.0025751363869639834,2.5549533436033007,693.6366686095673,0.1984423193766491,0.010063145098104138,0.14224266380217698,0.010439277818135945,0.171510319359339,0.02868850611492955,0.13301505255711144,0.02377900333738396,107.15197871906805,128.99964114499804,166.95143571962743,171.20090185444263,60.4234598080322,101.01274212204316,72.17589921496993,106.83354347425738,162.42675924084804,33.39271977780533,168.33595583244124,163.91302315723695,156.42093817710065,164.47949554705306,33.45786750836275,7.706883144799937,178.88858071039132,159.88083018809388,170.40973301675396,23.11397293996087,1.6227826110945252,10.798536057811091,-8.749982828706,3.5684131755401087,-5.63793876472725,3.003486627897158,6.617526915508128,5.851866361030468,-15.10384541336862,1.971759527375968,-0.31141918612125136,0.9093029906232342,-4.7065968367148665,0.7508764977607316,1.3860770070762285,2.595224296338351,-4.621042740838572,1.83094905248824,-1.0745322300963975,1.2694016221083202,-2743.5901583948566,-2282.9006775107487,612.6444970481737,-884.8900135949021,-310.05474895047365,865.4206387778142,832.7226228862332,729.5535728133153,-1006.9103058722035,12.470183862097755,-431.8558736755173,654.2856904369171,-56.567912673691254,88.99551165100846,-267.32759960081154,110.8566525949562,-492.71731990450326,712.4370162104407,-485.9223646032162,155.34601570233062,287.1519787190681,338.15233757407003,351.2009018544427,240.4234598080322,161.43620193007538,269.2603027151054,342.42675924084807,146.60728022219467,158.2713243897534,174.35830123251645,197.9373630554158,213.45786750836277,172.29311685520005,173.40453614480876,193.52370595671485,203.11397293996086,1.6227826110945915,-9.175753446716588,3.5684131755401087,-5.637938764727294,-2.634452136830004,-9.251979052338196,-15.103845413368576,-1.9717595273759572,-1.6603403412547058,-2.56964333187794,2.136953504836927,1.3860770070762394,-2.5952242963383814,2.02581844450019,0.19486939201195042,1.269401622108348,-2743.590158394863,-460.68948088411673,-884.8900135949066,-310.05474895047365,555.3658898273405,-277.35673305887946,-1006.9103058722169,-12.470183862095546,419.3856898134173,-234.9000006234954,-178.3320879497954,-267.3275996008126,-110.8566525949529,381.8606673095503,-330.57634890089923,155.34601570233445
38,-,stance,0.19095477386934673,0.19082704778627113,0.3480266226640773,4.705940758135947,-1288.5019812470111,0.02047543452737642,-0.0005253843158775339,-7.143414214203716,-1226.8584386798932,0.19357917171942518,0.1530902104943391,-29.041515356299875,1858.3109136607902,0.00980474195587408,-0.00507494885767315,-1.0750252866622032,-595.4059636989581,0.20490998946654826,0.1945428447073076,-28.318836048124357,576.3340314303806,0.005357205361950765,-0.15290095915474913,-13.0583485518061,277.9971828192112,0.2100801057395197,0.11771998251894998,-33.90559491041748,2218.5336656597938,0.004120975243426306,-0.21183062503675956,-20.234177471821308,2521.251652182038,0.15675545711881653,0.32282888957891465,-0.5520805241219988,131.36888634516507,0.02519453465756641,0.010570770097419985,-6.9777806885549865,453.3265933964988,0.1482044325424266,0.1716330755783854,-5.309172812238157,2682.580064583643,0.010893598371916932,0.0733042937503021,-1.6271058107842014,-1167.7969710091677,0.13624025989092464,0.25448844190980885,7.627854803077767,-228.76064995361813,0.014469147081547326,0.023003924024242426,-4.728518631259028,1187.3070170689903,0.1357309150270634,0.11644700833424115,0.9959558886716515,-327.9794412866579,0.0019189146178074518,0.05537720168164019,3.951221480632781,172.45836700996017,0.13911027143069973,0.017593783739234016,4.979498390995169,1079.3818793336884,0.00047363224326502085,-0.0028801982477964865,2.1099537696039175,347.50813048655317,0.21941771639816735,0.2679403518039776,4.487469388332465,533.9022446820828,0.012748023983533793,-0.04757458550658612,-3.6158323280184232,162.84782831543328,0.19377999133635498,0.2906938238066709,4.3761726527722065,1272.3756651060828,0.029911259624065448,0.0,-2.0992737798277594,-388.0383169499419,0.17926556473982277,0.2209683576274298,9.552220329293739,2635.1705594427117,0.03536584669734524,0.0,-8.292918376935114,276.85995127631116,0.1616023902621582,0.3013031974111726,-3.298055790122634,1020.8983490045099,0.03764609846869452,0.0443413064013454,-12.511608022572043,-134.8271888239491,0.1485806262975413,0.3519726543268837,-2.705878462279875,-506.65529550253206,0.03324025498721078,0.06347169803218071,-3.6010302369255034,-460.99824552607055,0.13445500737325541,0.28764132210044113,1.6097742484284416,1348.691358890795,0.023782173376573082,0.041505360954348654,5.877460689265489,-305.37463397902656,0.13445500737325541,0.28764132210044113,1.6097742484284416,1348.691358890795,0.023782173376573082,0.041505360954348654,5.877460689265489,-305.37463397902656,0.19984907867794108,0.009939589272156893,0.14320826720198618,0.010589965394420628,0.17285021606788334,0.028782276189570476,0.13445500737325541,0.023782173376573082,104.46222308460814,125.8930656412215,172.01670290439554,166.55245453899113,59.123336634393304,104.23764299409886,75.68502456491044,110.83137093742236,156.84458412615936,33.80042381948808,166.79602312615387,166.75954577400154,153.95103627459133,164.88791858370575,33.80505242205936,9.330459719235789,175.89620232004836,161.60658585297665,170.06579072610646,23.100961381632693,-13.017660168042172,-1.4388088112088233,-5.0085242770088305,-2.6586051841026603,-7.095432163015811,6.769965581596644,10.797929048167497,7.3011202565085735,-18.424515886095215,2.1768917033210196,-2.7636464559205485,3.4712589295679592,-3.528408309709028,0.828392122579668,-0.18448798983903716,2.3425140464718677,-5.03408208990713,3.2381832549116205,-2.4099071791514772,1.8632919676751076,-2493.9031916529525,-2271.415799849564,152.84147544330304,-772.7501547049908,47.09793651648541,242.14191052541182,768.684151400225,-108.1319000214415,-371.3124043368951,-11.192820626564867,-294.9753719055056,269.9126506852788,457.02628839810984,-204.4211645043417,-216.3495820469764,-224.7045578848281,360.23404662352993,-132.53361518704574,55.689554074567404,-58.68542762621747,284.4622230846081,338.56915744338664,346.5524545389912,239.12333663439327,163.36097962849217,267.67595506358174,336.84458412615936,146.1995761805119,159.40355305435804,172.6440072803565,198.69297100576514,213.80505242205936,170.6695402807642,174.77333796071582,193.16675210773914,203.1009613816327,-13.017660168042195,-11.578851356833415,-2.658605184102616,-7.0954321630158335,-0.32546658141916746,-11.123395629586554,-18.42451588609526,-2.1768917033209974,0.5867547525995068,-2.884504176968408,0.6439041327406198,-0.1844879898390482,-2.3425140464718512,2.691568043435279,-0.5466152114764301,1.8632919676751354,-2493.903191652964,-222.48739180338646,-772.750154704982,47.09793651649204,289.23984704188854,-479.4443043583212,-371.31240433689493,11.192820626567077,306.1681925320727,36.255541846798344,-420.7707465513115,-216.3495820469786,224.70455788483414,-135.5294887387002,-2.995873551650073,-58.68542762622189
39,-,stance,0.19597989949748743,0.19258330627386433,0.33519707662796644,-0.32920600063819994,-225.26506119463633,0.020470154282995742,-0.07126772336456214,-15.833272211146697,-438.29090094812824,0.193915233724686,0.04941813835692481,-8.12409959117795,3959.7097304017884,0.009761014340671337,-0.011528325382811351,-6.560980034928922,-1272.6832769167745,0.2052884069804971,0.038667532409447515,-17.36547600751738,2758.811864238064,0.0038824368915477553,-0.23754432694827246,-1.0324926957998561,2705.0357267709214,0.21015700048116384,0.009664058455501513,-11.512841610275427,3277.930098862464,0.0024170460594624132,-0.2575145802453507,8.550174972767357,4187.28654096238,0.15841361472201096,0.31636327291738725,0.763712953104279,454.5570406396353,0.02519453465756641,-0.010570770097420043,-1.05179162469329,903.5957118251881,0.14858615257481428,0.1871036664281852,20.845372676194437,4027.580081744974,0.01118650999299152,0.03190250318080378,-5.37849906166077,785.6032784641988,0.13771931501133564,0.2808922992040075,5.655241954628154,284.12145432483806,0.0146100860776152,0.025180785204008873,0.9152001765057541,889.0074547379734,0.13616926047589192,0.11117904194116805,0.2156608461787195,1514.2424425130102,0.0023333948760838746,0.053847184632712236,7.243281487021306,1515.892360407262,0.13919925963528026,0.05878466734322191,11.88055178458046,1215.6539115112546,0.00047363224326502085,0.010602782761828777,4.8561164038459514,107.62684749456137,0.2207473727761371,0.27959861094232863,5.194035027723297,-174.08964176409094,0.012508179764765412,-0.06297644328280488,-2.8058394192184632,-411.47274398973195,0.19530092882527653,0.3401778705903222,10.130063986647567,-376.74057408110264,0.029911259624065448,-0.006416656115962393,-7.9052534848909835,-921.6236282512169,0.1809133416475233,0.345657685497866,7.212927831868558,-945.7105651926514,0.03536584669734524,-0.030799007807669945,-6.28264451190724,415.79795248074316,0.16314910442794886,0.29276711460158866,5.16686663267929,1796.4902612631479,0.03764609846869452,0.0,-7.24834042954679,918.090753212168,0.15033690371074163,0.33245340297838527,-0.9849011624120123,460.95163767592095,0.03352606004281962,0.04088299709629284,-3.7384648422006563,481.87856237936046,0.13590592011590985,0.31929619790656116,7.266796201353157,-247.73936652201198,0.02419614264345782,0.061645093062999305,-0.5141384551808994,-863.6527842732817,0.13590592011590985,0.31929619790656116,7.266796201353157,-247.73936652201198,0.02419614264345782,0.061645093062999305,-0.5141384551808994,-863.6527842732817,0.2004859868650528,0.009132662893669312,0.1440175204838666,0.010759631569504404,0.1743922619172562,0.028858931206858007,0.13590592011590985,0.02419614264345782,97.08963968711113,124.42322419162505,169.41760793333927,163.24880756214682,54.948057159844446,107.56501052058847,79.70915271997555,114.34481892370212,148.45909603675526,34.36861838949452,166.39397969573935,166.55200006487559,154.85909160844733,164.9428398034049,32.88347043803838,9.752384873028308,174.04091693273847,163.73888257192257,167.84617076899167,24.621644853318912,-23.44157107385988,-12.029763438164524,-7.213887598120034,-4.197920037575411,-5.164592669084178,5.437073668353569,14.34299577380188,4.765113596995875,-18.835628371528387,1.8592688678125016,-3.275995788186647,3.6219929472592134,-0.11336780758811496,-1.3036075676095455,-0.788290651687363,0.3368870311641897,-1.0006000612050892,0.498952919955111,-0.5148382192967227,0.679598329382514,-1138.6462775560794,-1424.180250121155,-738.8814591390069,635.1991030797506,726.9273850571675,-542.9593304323155,535.9850212770401,320.606555981141,-672.6235226333314,-45.275988926840824,115.67197859024449,-135.51362621720412,592.4014338000775,-489.208595269111,-38.07520197716934,-368.90539854779274,798.2426353090765,-572.7374421011197,476.59419079070403,-333.19398545086705,277.0896396871111,332.66641549548604,343.24880756214685,234.9480571598444,162.51306768043295,262.8039149604574,328.4590960367552,145.63138161050549,159.2374019147661,172.68540184989058,197.82631024144325,212.8834704380384,170.24761512697168,176.2066981942332,192.46781562231058,204.6216448533189,-23.441571073859926,-11.411807635695356,-4.197920037575322,-5.164592669084156,0.2724809992693912,-14.0705147745324,-18.83562837152834,-1.8592688678124685,1.4167269203741788,-2.20526602688499,-2.0918982192968754,-0.788290651687374,-0.33688703116415936,0.6637130300408857,0.1647601100858189,0.6795983293824973,-1138.6462775560792,285.5339725650931,635.1991030797461,726.9273850571786,183.96805462485435,-352.0169666522078,-672.6235226333225,45.275988926840824,-70.39598966339928,65.11763655380045,-527.2837972462771,-38.07520197717044,368.90539854778945,-429.33723676128704,143.4002053398414,-333.19398545086705
40,-,stance,0.20100502512562815,0.1941958626267532,0.34471801964258786,2.441970293868248,58.203883228383575,0.019759176001099416,-0.15965374824699993,-11.548347892074347,1692.1073201368088,0.19407583642652995,0.07144096837194773,10.754562336180362,1205.409506055185,0.00968887938921266,-0.0710144466961547,-13.865811989343339,423.5162124604439,0.2052986078827236,0.020015447646831604,-0.5920836437217357,1765.449433083838,0.002969825191616371,-0.163277770167813,14.12794015945941,1260.8262398465472,0.2101772319551529,0.0020130316619106662,-0.9615738163224017,1211.3566677303686,0.0015328890098046943,-0.1258992182752787,21.84910434689603,395.6913259394779,0.1599349874998958,0.3305043966452893,4.01633194461805,353.5298647218671,0.02508829576211495,0.0,2.103583249386591,47.148501180282494,0.15008487140100132,0.3811343085049624,35.16901896409319,583.2599579580176,0.011214226544588327,0.019249026798937637,6.268404525539395,1735.7788756981781,0.1390632980738795,0.3113250444688857,10.483346806342468,1543.0833801666681,0.014722220299678068,0.032201915747918336,4.206229657564814,1120.54593255865,0.13684829233300477,0.11861445402447954,16.21447289885264,5763.3962437231585,0.002460092352809584,0.12817400054617584,19.186320580203237,2259.79093458505,0.13970107210751603,0.13699631423752995,17.197125642364547,1164.7301744713855,0.0005801928740371692,0.04592499174060498,3.191630628845739,165.54176205231917,0.22222775268904502,0.32014170886652327,2.737824747487332,-1009.0972413543926,0.01211509490531465,-0.07577397665451034,-7.75123679022678,-978.6343505166232,0.1971988644076145,0.39250351211468654,0.5898352248214306,-1767.7052530296949,0.02984677061787487,-0.07944978376774849,-11.36182280747817,1017.21632884505,0.18273951132774102,0.2934600946311338,0.047591533387705776,483.0624017723693,0.03505630893043399,-0.06314215589856514,-4.114044482656293,692.7231547472204,0.1645447733234807,0.3532315052772961,14.75712271503461,206.416846606549,0.03764609846869452,-0.028506336106662457,-3.284565276721119,556.8519500806202,0.15192186652847983,0.34207415018203935,1.9268013133575164,72.44724222481027,0.03365113938013835,0.02589918705528974,1.2419703900027366,510.70085689287663,0.1376640143873917,0.36067444975223156,-0.8800686311897661,-1260.7609888564357,0.024401722050573074,0.03633814029926424,-2.802466790867984,-92.28354323544391,0.1376640143873917,0.36067444975223156,-0.8800686311897661,-1260.7609888564357,0.024401722050573074,0.03633814029926424,-2.802466790867984,-92.28354323544391,0.20093688472278992,0.008487692397933285,0.14512650428305948,0.01081300556664562,0.17604946377729214,0.02878618905883824,0.1376640143873917,0.024401722050573074,89.3171334121417,120.22601882596881,165.50277611930397,163.58833846686892,54.626546985237646,107.71799696604582,82.5839188490469,113.14435349251907,146.61627160971747,35.31560312330617,164.4979041149988,168.28740282807803,154.33729821686234,164.58933088725948,32.97246082949524,9.040533484874054,175.59687231908325,162.3363073867686,168.42179009389613,24.604496715377955,-24.461341349510292,-15.752178159160112,-12.434468589963664,3.7253053996134176,0.2103707018803365,1.3130878888095607,16.18471318160508,10.523296698530087,-25.18455128944527,1.721856638729655,-1.601114007777389,2.109312937435256,2.4253749445631008,-4.088277176607371,-0.5671533363432512,-1.365077898732075,2.988456958425287,-2.517971942084549,2.379984185579211,-1.4853913031878736,-34.76779440103358,-832.6324769073268,-463.51325909183515,1261.3779415981378,1142.663188607691,-901.4724271673916,-499.2353840155287,3720.4382775989907,-2980.012132143158,56.836034342276484,213.83779942293117,-286.5629763209555,453.7416527856508,-502.36139120369626,64.50888097377683,-190.09663220220298,431.0092517744774,-253.4217918389674,518.4128268540567,-505.9036545873668,269.3171334121417,329.09111458617286,343.588338466869,234.62654698523767,162.3445439512835,259.7606251022366,326.6162716097175,144.68439687669382,160.18649276169504,171.89908993361706,197.5617917167547,212.97246082949525,170.95946651512594,175.36259419604272,193.0262868092741,204.60449671537796,-24.461341349510313,-8.70916319035007,3.7253053996134176,0.21037070188042487,1.5234585906899192,-14.661254590915272,-25.184551289445228,-1.7218566387296328,-0.12074263095224383,-2.2300555683875,-4.655430512950601,-0.5671533363432733,1.3650778987320584,-1.6233790596932285,0.894592882391321,-1.485391303187846,-34.76779440103323,797.8646825062892,1261.3779415981244,1142.6631886076887,241.19076144029492,740.4261454558126,-2980.012132143163,-56.836034342278715,-270.6738337652143,15.889142555732422,-437.8525102299184,64.5088809737735,190.09663220219997,-240.91261957227306,12.509172266681155,-505.9036545873668
41,stance,stance,0.20603015075376885,0.19604780898384008,0.35973949164171765,0.2557576498983177,-658.3824907796817,0.018865593999106298,-0.18733152127485694,1.1728315088212102,2470.560954392712,0.19463323340681613,0.15750419198687807,3.990568811386709,-1039.5787753321843,0.00904730130854918,-0.15088321974807087,-2.304535688592807,2475.1471668444374,0.2054895672583547,0.032716943025309475,0.3777343752347388,-143.9436843071946,0.002241454276795868,-0.09555497861199716,11.639127805170453,-737.4200830112599,0.2101772319551529,0.0,0.6615972613865555,181.43503894287207,0.001151727282826448,-0.03792559183433556,12.526972218390245,-1529.8187860227936,0.1617352669496018,0.3567284180894279,4.316776920158215,-502.87073807292677,0.02519453465756641,0.010570770097420043,-0.5779373414743709,-328.0633354169308,0.15241664813767822,0.540561143454247,26.707281801400637,-3563.6175769513497,0.011379967548759737,0.09490154363848607,12.06651476445155,-696.8339671277326,0.14084820993062092,0.3862525686144844,21.16361763469515,145.36988452083622,0.014933723421815384,0.06745445010415771,12.176968342924335,114.78581327284087,0.13736136554146458,0.27413856856280244,58.139241185104865,3710.0314773148125,0.0036215757860956904,0.2466745271473174,29.95474816626801,-929.2393509606283,0.14057610701455192,0.23162010093482518,23.58638268379035,3075.232558695329,0.0009351899492007487,0.042679472498971846,6.519852705879308,1188.0247779608262,0.22396487738786094,0.3071144375502415,-4.947645789908778,-649.3964972767737,0.011746632260699982,-0.14087832057151614,-12.641360529938282,492.2534698158325,0.19924568774100201,0.3461058627995828,-7.635817953349346,-171.87110809850472,0.02911276933494235,-0.12060583006046649,2.31802620199393,2007.3441752010247,0.1838626893322583,0.34613599236608417,12.06782634214362,15.828025900360275,0.03473125216570137,-0.0721461885378839,0.6793972443462234,572.8477642414131,0.16669916980762017,0.44107990570746397,7.241407804604403,-2261.8043937102384,0.03735960262842655,-0.03301070629870467,-1.6518384186862918,86.31773842021936,0.15377483486835006,0.3518182402985613,-0.2567881752279904,23.164101509096813,0.03378635338005871,0.053365111568682136,1.3942070863709615,-651.903999613119,0.13953078895764082,0.31045128704033237,-5.40416851077181,4.306565350930318,0.02456135008365143,0.03347959767739146,-1.441611251517018,282.64864626105907,0.13953078895764082,0.31045128704033237,-5.40416851077181,4.306565350930318,0.02456135008365143,0.03347959767739146,-1.441611251517018,282.64864626105907,0.20158696040104096,0.007826519216819448,0.1465875195147835,0.011212998272687593,0.17784634134912203,0.028549659975580066,0.13953078895764082,0.02456135008365143,81.80149790847558,113.88514001409155,161.0032927583659,166.9130651360181,55.99835912022118,106.92499239426826,90.05468704378292,112.75234678875663,140.11631768194985,35.089447783707534,164.97475627980552,168.64219854449018,155.83883210696683,162.52608690886592,32.92867837616397,8.578785411073238,177.459363158967,160.01305528211572,171.16434499275127,22.78445115509278,-23.790996143217,-20.397929035223076,-11.872312312610834,8.479245204616912,6.319459477726772,-3.622950725288547,9.325554728419688,42.15645307035252,-48.78549904633396,2.4304852933630183,-1.1268721758958842,0.7419630344857948,4.446849808348069,-6.352465770661763,-0.13996018963935558,-1.573631885440863,3.3311512129102563,-2.0479997618435535,4.6953409450656505,-4.404860510691519,440.09373375940487,-146.73035356603742,-68.83474057458737,655.6588279000428,824.5882529712286,-795.727097871218,-2254.0605449096806,5115.093400139932,-2832.171700130242,190.00572330001347,-68.84369427142116,-218.68513584094168,272.6512283034301,-90.4359257089801,-84.69219578210624,16.698790046025987,-178.64792187148595,397.47740217425337,115.51822261887527,-351.04649296766894,261.80149790847554,327.916357894384,346.91306513601813,235.99835912022118,162.92335151448944,252.86866447070648,320.11631768194985,144.91055221629247,159.93579593648693,171.29359739199674,195.45476528502994,212.928678376164,171.42121458892677,173.96185142995975,193.948796147844,202.78445115509277,-23.790996143217043,-3.393067107993967,8.479245204616868,6.319459477726772,2.6965087524381812,-6.629045975981529,-48.78549904633396,-2.4304852933630077,-1.3036131174671675,-2.0455761519530062,-6.492425960301075,-0.13996018963939977,1.573631885440863,-1.7575193274693932,0.29048043437407156,-4.404860510691535,440.0937337594091,586.8240873254246,655.658827900034,824.5882529712154,28.861155100010677,2282.9217000097,-2832.171700130249,-190.00572330001899,-121.16202902859342,97.52310681234383,-175.12812149108626,-84.69219578209746,-16.69879004602572,161.94913182546023,-235.5282703487888,-351.0464929676684
42,stance,swing,0.21105527638190955,0.1978113349045594,0.347288448284782,-4.174939161203922,-735.6769494167471,0.01787644714406568,-0.14786649690206316,13.28141044353077,1269.197009727896,0.19565879312991566,0.11154718758186435,0.3065344433946028,551.1657923660621,0.008172465120387828,-0.09417560939557987,11.010038933716302,559.6484210877481,0.2056274213804654,0.023811773026075206,-2.0387538377638905,-109.11829869833544,0.0020094736477772046,-0.046301611321878926,6.716683043768365,-747.5246649170554,0.2101772319551529,0.008662250369313226,0.8618939117466622,144.37247652826792,0.001151727282826448,0.0,6.4740411707875705,-977.7394797943484,0.16352019773195034,0.37388908931019593,-1.037645322446535,-1425.6595625769976,0.02519453465756641,-0.005808415492204726,-1.1935356995272823,158.4107609841176,0.15551764671209928,0.6495492009813504,-0.6462330655685747,-4872.319400439989,0.012168010902764065,0.14052053196930483,-0.734951928005648,-2340.2920133103876,0.14294523343683913,0.5240247191894397,11.944350670873483,-3527.3753126988563,0.01540015447157915,0.1545835071340924,5.359855921613464,-2495.179220825534,0.13960345382609826,0.7029284357843267,53.501221414579355,-6066.505736186459,0.00493923332916453,0.42922674593580373,9.847231625825074,-5913.622666226476,0.14202891231791628,0.37404538643642765,48.103985528749725,1171.068842087508,0.0010091322961373883,0.11145114958863815,15.131578146039958,30.341710427389263,0.22531432995085648,0.2704166255508572,-3.7887732150933013,-367.49357661747274,0.010699232387007956,-0.2028228262016286,-2.8039657368013335,2135.608978728223,0.20067731529002236,0.31576162313630124,-1.137512595264042,515.9116145361633,0.028634651722794807,-0.0561530380190658,8.81249051112507,-314.1089450913262,0.18621826501986247,0.41474478148684846,0.2066671705772561,-3139.3929251690392,0.034331221608445206,-0.056314042890060395,1.6432194795689572,64.22561746385503,0.1689777371999376,0.4260094731627674,-7.974579734314494,-2055.1079000028667,0.037314332576245224,-0.045107727249238234,-2.4170503177239406,120.82619064820713,0.15545772824002316,0.33949336450135603,2.1596063536499464,-242.44471474851264,0.03418747215972309,0.03991131857660592,-5.309828601083879,-878.3156139207125,0.14078412782498298,0.3063611983876908,-0.8367865673613207,-216.7171814828468,0.024738200419190073,0.021849585007635938,0.038223121303460575,232.78756820389503,0.14078412782498298,0.3063611983876908,-0.8367865673613207,-216.7171814828468,0.024738200419190073,0.021849585007635938,0.038223121303460575,232.78756820389503,0.20231869534252334,0.00730252829876429,0.14872308880498064,0.011742213131442308,0.17957158392094752,0.02831751847890106,0.14078412782498298,0.024738200419190073,77.49313007261708,109.21908971851292,158.9503375559648,169.32370279813932,58.43645236298988,107.14603481364114,93.29875932459214,130.6029532449224,121.68077460711652,36.05412060595218,165.4493045773162,168.31320846988586,157.1611575266319,160.24212792952326,32.780080890690584,8.14587217705213,177.64034818349646,160.98258906598534,170.8590652201832,22.372125353282872,-20.038288748913264,-17.226855079421792,-13.126275027899215,10.31484135840781,8.497689827219308,-6.684169376227796,-6.469161641607764,61.93127056928311,-53.64858847668385,3.6314618980262705,-2.293010432615792,-0.08852762378023538,5.165588294346315,-4.997180952577019,-1.4183311833995942,-1.1972508630936232,1.1930004572043247,1.4767758184607065,3.540971347577956,-5.0134967601493665,921.5230217001426,1000.3884800489803,-168.74464629362424,89.87918794479063,313.35105102819585,-556.3995722902877,-3355.315298766898,1280.892546470154,1283.9798863963233,192.4743695030092,-298.93295066925305,-61.40745371449498,-76.464586640199,547.3754699410366,-303.0448484200834,236.1357026489951,-666.5769564501248,764.8287472987214,-476.936188711368,142.54869521378026,257.4931300726171,328.2740403541041,349.3237027981394,238.43645236298988,165.58248717663108,252.28372785203894,301.6807746071165,143.9458793940478,158.49657481673162,170.18336634684576,193.02220882021385,212.78008089069058,171.85412782294787,174.21377963945142,193.23119057346605,202.37212535328288,-20.038288748913242,-2.811433669491539,10.31484135840772,8.497689827219263,1.8135204509915337,8.282682092599275,-53.64858847668388,-3.631461898026304,-1.3384514654104678,-1.2499238416302767,-6.415512135976591,-1.418331183399528,1.1972508630936092,0.004250405889284497,-1.4725254125713778,-5.013496760149334,921.5230217001513,-78.8654583488292,89.87918794478621,313.35105102819375,-243.04852126208533,3112.266777504809,1283.9798863963213,-192.47436950301466,106.45858116625156,167.86603488075093,244.33062152094993,-303.04484842007355,-236.1357026489951,430.4412538011297,-334.3874934975741,142.54869521378512
43,stance,swing,0.21608040201005024,0.19953814514750623,0.31778030409192953,-7.137980535194609,-440.164536522877,0.017379498552854408,-0.053850009279572994,13.928580350307588,-944.0513257283653,0.1957543106689454,0.1605849401616982,9.529923508533054,-819.2355031098916,0.008100812771910187,-0.040229562122781524,3.3200715585202323,-971.5313141585239,0.2057288815601243,0.012226954706074421,-0.7189319433414955,263.35299631185484,0.0017761114494403013,-0.028050626413320203,4.126317102486489,-390.60174870647694,0.2102642897478093,0.008662250369313177,2.1125769249872364,147.6350260366002,0.001151727282826448,0.027140148575589697,2.7004447832711778,-912.8613524288415,0.1654929462391515,0.3462998218839351,-10.01145988966084,-1045.5818664273486,0.025136158622468874,-0.001424563566170719,1.0141306081147488,89.45910751822773,0.1589447808108576,0.5340663387751658,-22.260752373875576,-1919.246016906182,0.012792234201717573,0.08751509210074088,-11.45400798238649,-1044.8081761154442,0.1461147900229771,0.5062962939498962,-14.28739053313251,-3026.322280780514,0.01648732650859018,0.1213223488138407,-12.90020975582472,-613.0703388940258,0.14442597293628193,0.8118392862972676,-2.8306657112413904,-9287.518328483684,0.007935412428666577,0.34564167916565974,-29.478645464148762,-1535.8964496782473,0.1443353571294909,0.7150772419272842,35.35591878517233,-7252.088262800952,0.002055302005367965,0.19475563477073005,6.824794519219903,-851.6466020826604,0.22668263241852282,0.26903631478548473,-8.641048569983877,-1251.8495679135444,0.009708211896864521,-0.16905888074037373,8.82204629145087,1153.227357061999,0.20241917139061308,0.33467357540999443,-2.4507766012271093,-797.1993115736993,0.028548417194047215,-0.032038086230063885,-0.8388476180193946,-1150.607995885344,0.18803097859343265,0.34821304935681036,-19.48386134799744,-1450.6972996608765,0.03416528188539926,-0.05563141989899993,1.3248808369477807,348.8690797100029,0.17098067205046205,0.3609333757143536,-13.412942949193228,-561.978813593603,0.0369062586359719,-0.05730266929090505,-0.4375048443324528,157.84214521265957,0.157186828481429,0.37352282676740495,-2.693418474208014,-1748.2697795300053,0.03418747215972309,0.0,-7.433085515847244,81.08833763687664,0.14260979597661258,0.30204137179046986,-7.582230636227554,-665.2058800369357,0.02478094390282365,0.03386374965029056,0.8979622982708687,52.34993725356674,0.14260979597661258,0.30204137179046986,-7.582230636227554,-665.2058800369357,0.02478094390282365,0.03386374965029056,0.8979622982708687,52.34993725356674,0.20282140678109634,0.007102037514257836,0.1518627694277518,0.012881286753362234,0.18131834648517872,0.028049430945804938,0.14260979597661258,0.02478094390282365,67.81443691351959,100.1925077354938,155.4604970924432,172.16143208558262,62.055087165339174,101.87828565963952,85.1043100602107,169.71195304584714,89.11710971892089,37.828790840868116,163.4958952214755,167.8079436822865,159.71721399154924,158.31608864575705,32.83406761806357,7.9285798830720715,177.7520412317316,161.55465889881341,173.52014849277185,19.24457149361105,-14.529458236682915,-10.343773456841376,-13.56823840601409,9.382553626172596,9.468716271979993,-9.214906225693442,-24.396207068232517,55.02974499467566,-35.88117858003927,4.364901067262606,-4.131223438903449,0.12480269564665004,3.678361500406371,-0.8512047662292413,-3.1856370581829037,0.7995912567600899,-3.3681146810608396,5.638721316535547,-0.09798758469683679,-2.97221030753795,943.8262627482874,1110.4407558887651,221.8182272531096,-388.4327203936005,1.0953388274044131,-525.3770047618208,-2246.227908100761,-3778.6222111804814,4953.174108708506,29.749362538303945,-132.41769149052956,-122.13092715663244,-208.48906276732555,735.1199746761617,-301.8316557999704,388.812217137447,-758.7557244873688,493.145326992627,-640.2909939125663,517.0891742698674,247.81443691351956,327.6219291780258,352.16143208558265,242.05508716533916,163.9333728249787,258.829062764768,269.11710971892086,142.17120915913188,158.67531393765637,170.86737025536988,191.15015626382063,212.83406761806359,172.07142011692792,174.3193788851963,192.76471998638291,199.24457149361106,-14.52945823668287,-4.185684779841496,9.382553626172507,9.468716271979972,0.25381004628657267,24.650017114519024,-35.88117858003929,-4.36490106726265,-0.23367762835911277,-0.3584803240057628,-4.036841824412134,-3.1856370581828486,-0.7995912567600899,2.5685234243007495,-3.0701978922347095,-2.972210307537917,943.8262627482918,-166.61449314046442,-388.43272039359596,1.0953388274022922,-524.2816659344186,1721.9462421663486,4953.17410870851,-29.749362538297316,102.66832895222784,224.79925610886906,433.28831887619015,-301.8316557999803,-388.8122171374412,369.94350734992753,-123.20181964269938,517.0891742698581
44,stance,swing,0.22110552763819097,0.20100510680498082,0.27554995044362984,-8.598703347363509,215.5146989497846,0.017335241020652883,-0.007880764738167194,3.7934574211350984,-1745.538559513122,0.19727271212651565,0.2073253132957648,-7.926988200925953,-1751.168787807466,0.007768147913123691,-0.06080805604361759,1.2459051230778302,391.4686547186981,0.20575030534736063,0.016586326359326477,0.6080099442648129,707.0038000236518,0.0017275578044272516,-0.004831087678798452,2.7910373281253635,-193.59968782387534,0.2102642897478093,0.0298941792636574,2.3456630176421482,-138.6490325336662,0.0014244925951439336,0.027140148575589846,-2.700444783271178,-750.69399872515,0.1670005979518894,0.27327140197692074,-11.546005789053098,723.2233318649874,0.02518021743579585,0.004383851926033999,-0.29444919180639667,-509.88055873076183,0.16088514760431202,0.4258230464700371,-19.9351377580931,902.094939051334,0.013047559567093123,0.02540487385486725,-11.235536612583022,566.7514574458444,0.1480336384011597,0.380432854534841,-18.470948633453425,920.9151889293945,0.01661947456016047,0.024933157829320787,-0.8016550220451127,2041.41451363793,0.147762642633106,0.6744795341638101,-39.840671334000774,-3543.2406248793054,0.008413019049422432,0.13295895232626717,-5.588913597071951,3636.7919016379647,0.14921561826693425,0.7293812536240908,-24.781323645129508,-6486.638218728277,0.002966475359159809,0.18004204927929074,6.572315813550873,-764.3407772399136,0.22801821251151463,0.18357191630478772,-16.37017590769179,-2.069388545342191,0.00900014815846148,-0.11415904437800135,8.786258957289162,-644.5772455743919,0.20404086881173086,0.2911307025209533,-9.149565977914321,-649.2846384364158,0.028312660906412254,-0.06458366734589392,-2.751408945009091,404.63071159226854,0.18971789365661434,0.21892707949692358,-14.373205187823576,2433.022991906985,0.03377211186071656,-0.04299865759410274,5.1494413862021675,293.87181656971234,0.1726052083126447,0.2912060264372067,-13.622608011637162,969.1822785125366,0.036738426352216025,-0.04950476086061969,-0.8306970995062496,174.91926149628023,0.15921172649899207,0.31242383209725527,-15.410944194390385,-577.2382237225888,0.03418747215972309,-0.0347930584670853,-4.494870433879085,930.5257276238859,0.14381971950126912,0.23015787541052915,-7.522272798888341,1318.6945465541362,0.025078539611655307,0.030874331723926115,0.5643531439523749,87.73461706378977,0.14381971950126912,0.23015787541052915,-7.522272798888341,1318.6945465541362,0.025078539611655307,0.030874331723926115,0.5643531439523749,87.73461706378977,0.2035731035066666,0.00706385983333694,0.15457952897148028,0.013245349194326336,0.18290227154879427,0.02784822650819745,0.14381971950126912,0.025078539611655307,68.68783137260888,104.15907049146995,148.36978807186202,176.1589728092769,63.24967108215743,101.21772797780686,76.35874832351215,163.17169467772064,104.93695605873147,38.849650223516626,162.01556456523778,168.96872525170096,159.3825266227792,160.16664438516753,30.616888951597904,7.622475048845279,177.36511558767498,163.34585015252648,172.1830533353721,19.483505875581184,-10.552597666015862,-6.066646477524606,-10.896946110782526,6.410994922291205,8.508698257645483,-11.964340278356671,-29.044316496891888,23.95516794435348,-3.8679441680554385,3.930450466250432,-3.6238415028723763,-1.3159741278669987,3.070220829348059,2.3909594964296637,-4.451815161288757,2.71040961064958,-6.432685216035596,6.433010260597682,-2.8941140183775116,0.1833793631659061,550.9067796606963,443.15196692512916,1117.765374052976,-1010.0105613174177,-264.3192149517898,-373.2941447236011,303.0504670406221,-5308.71980046881,4915.450318391121,-79.74297801588702,238.89534594016305,-372.25993576620846,-52.42301117003649,318.447036077832,-52.91645706587075,231.83717225813092,-18.715284564997482,-516.5548266764862,-218.88598922595747,522.3189282093152,248.6878313726089,324.5287608811389,356.1589728092769,243.24967108215742,164.4673990599643,268.1086507364521,284.9369560587315,141.15034977648338,159.1347852112456,170.16605995954467,190.7835333367654,210.6168889515979,172.37752495115473,175.01240936347972,191.66655921095327,199.4835058755812,-10.552597666015796,-4.485951188491189,6.410994922291161,8.508698257645417,-3.455642020711188,25.588674476180746,-3.8679441680554163,-3.9304504662503987,-0.3066089633780226,1.0093651644890203,-2.060855664859083,-4.45181516128879,-2.710409610649536,3.72227560538606,-2.710734655211578,0.18337936316584535,550.906779660694,107.75481273556281,-1010.0105613174044,-264.3192149517854,-637.6133596753931,-940.6638267160043,4915.450318391125,79.74297801589476,-159.1523679242771,213.107567841927,265.53057901195905,-52.91645706587734,-231.83717225813257,-213.1218876931307,303.4329389833467,522.318928209313
45,stance,swing,0.22613065326633167,0.2023074913831206,0.2313611749726984,-4.97200366132743,402.5240367668952,0.017300294887144185,-0.01572480906715999,-3.614520750326784,-590.9968610777499,0.1978379821593551,0.08091671703681434,-8.0697628010897,1698.5578465932044,0.00748967653026579,-0.027707902594361136,7.254429897401615,424.6627655734047,0.20589557830745422,0.01833760741225344,6.386633886041932,1067.5248422633613,0.0017275578044272516,0.0,2.1805915967189,-10.85962907770673,0.21056473376050938,0.032236753059183984,0.7191193115835576,216.78243247309248,0.0014244925951439336,0.0,-4.844218520499164,16.144959281190896,0.16823939249017583,0.23025956269747194,-2.7428836900127345,868.6584673760518,0.02518021743579585,-0.004383851926033999,-4.11029711782255,-405.5349038845904,0.16322440941859667,0.333713195477748,-13.194471579389818,1128.9260240099889,0.013047559567093123,-0.02540487385486725,-5.758013435192081,1249.1556341767782,0.1499382357971966,0.32065861924182176,-5.031961498666245,1774.0905284959238,0.016737911009387374,0.11326551442142752,7.616519024455958,-1041.5922344572516,0.15120466172184785,0.4114305291716322,-38.4411242527419,4061.109769120468,0.009271683306317502,0.2894716932654392,7.0720269141222,-2309.7452283425114,0.1516658219900345,0.4660187128305055,-29.836425121644446,1855.374619103214,0.0038647698373206335,0.2608090600325478,-0.8570223374626353,-3236.0203200355495,0.228527576300983,0.10451193380365789,-8.661846444811436,1497.528867460338,0.00856088481768863,-0.08075477061686467,2.3438830193464373,-1389.7155885653456,0.20534510809936637,0.24271813844603152,-8.976250354356909,101.36275243854791,0.027899335110168885,-0.05969043743618537,3.2277926994908372,718.1337546320584,0.19023125074918062,0.2037587258610962,4.968631032977257,1044.5192074447002,0.033733134572895715,-0.0038782401381741902,4.278366430613228,-311.9276977057505,0.1739073657834993,0.2240227424315682,-3.6724175370069414,1710.097950282657,0.036408723350940544,-0.06565138385880705,1.3204776832683514,627.248446900216,0.1603267664924567,0.2186389655172505,-8.494807657349604,1445.486542017566,0.033837793180154396,-0.04517457722491538,1.9189318472068748,653.5725606473447,0.1449229404531003,0.22644064014335094,5.670980886929578,1190.728033267633,0.025091238694018886,0.039535640544284274,1.779717243635589,-343.72357305690485,0.1449229404531003,0.22644064014335094,5.670980886929578,1190.728033267633,0.025091238694018886,0.039535640544284274,1.779717243635589,-343.72357305690485,0.20415144640260985,0.00698550545424529,0.1568545042835703,0.013620428231182896,0.18387683464643104,0.027588518287644512,0.1449229404531003,0.025091238694018886,65.50699855099056,101.0761774325981,148.14456195829007,176.28625916010233,67.54245134953513,96.93444791328656,64.84998343771846,175.24809186478535,94.87500768988859,39.8343325122626,161.2717626052098,168.2022797847578,159.97187274438815,161.1311049073014,29.588647446080184,10.483485182935809,171.9161407957682,167.39074695802498,169.6710822530053,20.538544810265655,-8.992706682304064,-5.889984844528525,-2.3344155512103257,-0.7683062865652575,6.812241749851456,-12.966606172664303,-21.35047373114084,1.6757771507680927,13.520332157559878,3.5634641022788176,-1.730265188248547,-3.616503191450918,3.1514970665366584,2.3492679581710765,-3.7174607472871317,3.1296130885000966,-3.5562079932718693,0.4472155207919738,-2.297846772897412,2.277226156877272,154.95492649796358,-79.81948859722051,1630.6767587255094,-1395.9023436303146,-411.83443511060574,24.29878012431772,1311.8965110116621,-1915.442869992102,1310.7993932708087,-3.4967272429573986,230.84398282194107,-342.71497919268313,10.230724469286482,-151.8166031800709,256.95360232448377,69.06417028759313,777.0770960119441,-1308.7729869766472,352.8774623572428,109.75425831986067,245.50699855099057,324.43082111839243,356.28625916010236,247.54245134953513,164.47689926282172,279.6269158251032,274.8750076898886,140.1656674877374,158.89390488252764,170.69162509776982,190.71975235338164,209.5886474460802,169.51651481706418,177.60037402129595,190.20962706327094,200.53854481026565,-8.992706682304043,-3.102721837775539,-0.7683062865652133,6.812241749851478,-6.154364422812848,15.196109308328037,13.5203321575599,-3.5634641022787843,-1.8331989140302374,1.7833042774206365,-1.3681927891160663,-3.717460747287143,-3.129613088500113,0.42659490477180034,-0.020620616020173423,2.277226156877283,154.95492649795705,234.77441509517317,-1395.9023436303057,-411.83443511059266,-387.5356549862925,-1699.432165997946,1310.7993932708064,3.4967272429518754,-227.34725557898477,115.36772361368514,105.13699914441186,256.9536023244827,-69.06417028760052,-846.1412662995403,462.6317206770979,109.75425831986837
46,stance,swing,0.23115577889447236,0.20333034474440492,0.22558006440013814,-4.553235641163562,-233.26296827510956,0.017177202738570874,-0.04420760644999412,-2.1462095243699193,744.4951546593312,0.19808594546356906,0.12622216956622018,9.14394493066402,881.2053006280826,0.00748967653026579,0.012100787146348303,5.513872616277872,-677.9298231195104,0.20593460290929283,0.08077360159592872,11.336902831333758,-886.8168857824048,0.0017275578044272516,0.017084405755562325,2.6818953273443915,-275.4151079226404,0.2105882772157408,0.03712150902831626,4.524380931944583,116.23997819650496,0.0014244925951439336,-0.021545464695758482,-2.5381838859727774,656.0614198437428,0.16931476441116047,0.2457047317255365,-2.8157699360274613,-519.9012465063324,0.025136158622468874,-0.03692566684605188,-4.370176869038456,618.4861710778338,0.16423904906639994,0.2932152919033054,-8.589147567037948,338.8204272243944,0.012792234201717573,-0.032464607905857104,1.3187913690931248,534.2657859130018,0.1512563380920323,0.32986037716131095,-0.6408930706803432,1627.9189889529748,0.01775782143876778,0.10148108772335043,-11.269918684932051,-4252.854464509632,0.15189762282578573,0.28813657684982164,0.9745022249988615,8352.042847177168,0.011322282298321315,0.20403459970437965,-28.802433479911233,-4941.392234316184,0.15389922342100967,0.4295176845623379,-6.134342548614818,9926.642455594198,0.0055876719424014926,0.17142875945554567,-25.950501473238536,-2490.1921808628485,0.22906858370552124,0.09651818319110506,-1.3196345261808748,789.6488398545421,0.00818854242361862,-0.0906024311182382,-5.18073188256354,-536.2046724779286,0.20648024708757037,0.20091713112038145,-8.130844847878665,-38.554013618385085,0.027712757012581246,-0.03214353971282022,4.4660157246598295,-134.78058097383766,0.19176572004717812,0.268863069778102,-3.87552471099243,-1666.9017947925167,0.033733134572895715,0.0,2.0144896504659853,-263.6512865526109,0.17485669316120317,0.2542973074723129,3.5643060615553477,-408.39662588190066,0.03607861344911244,-0.036233628365460395,5.4733073919532,140.4574171183243,0.16140910303685388,0.2270488807671086,-0.883441259540492,-491.87128544486956,0.033733456308216406,-0.01550731125897603,2.0736980148379396,-333.60034801102483,0.146095504829343,0.2871526581937409,4.444843113349162,-1340.4324478496253,0.02547588273270339,0.048760937187600356,-2.890155127976313,-627.2857331802595,0.146095504829343,0.2871526581937409,4.444843113349162,-1340.4324478496253,0.02547588273270339,0.048760937187600356,-2.890155127976313,-627.2857331802595,0.20448479258325192,0.006954732417101962,0.15812139956327761,0.014519233700735407,0.18494597531127832,0.027487064416521306,0.146095504829343,0.02547588273270339,61.570840520704564,97.8552218618086,147.44167907013804,176.27393958875794,67.64795750482617,91.42134383813845,63.37871145118198,166.44962912161827,109.24096077016439,40.83847511449868,161.41321135220707,165.64551266464503,162.2103388449929,161.55752035538026,28.334941668276052,10.273229131718567,172.36371453458415,166.25959660968635,169.7085178313263,21.394941892684642,-8.995261721312712,-6.86885239307456,5.4917650321874,-7.618174360425507,4.369658708795178,-11.720131432886141,-15.859426938985752,4.704485833880119,9.305919080897397,3.895307478884026,-1.3038014745111624,-4.760345778044714,3.1730421807981743,0.8651644895947822,-1.8693668967210841,3.404521874846495,1.3771348443859441,-6.720487095951519,0.6523931409917582,1.2864372357273186,326.92187871665715,374.7990654349854,754.1915177080822,-802.0687044264081,-408.1648821393947,938.4860053550248,209.3620164609043,-460.93657718748403,1329.2900285805486,18.833526170218953,72.38283084017233,-61.30946730769541,-132.32875732820114,-269.856654619198,372.2785222447077,148.90989958705526,561.1522165152613,-786.6415782751199,232.21420890946922,-155.63474673667073,241.5708405207046,323.71561865889595,356.27393958875797,247.64795750482614,159.06930134296465,275.6905898917826,289.2409607701644,139.16152488550134,157.74831353329427,172.10280086864924,189.89246202365632,208.33494166827606,169.72677086828142,177.3630563336973,191.10345972401095,201.39494189268464,-8.995261721312712,-2.126409328238195,-7.618174360425463,4.369658708795244,-7.3504727240910075,8.508954214894878,9.305919080897397,-3.8953074788840483,-2.5915060043728415,2.168839773671784,-1.0042024071263018,-1.8693668967211283,-3.4045218748465254,-4.7816567192324255,1.9388303767190491,1.2864372357273353,326.9218787166572,-47.87718671833039,-802.0687044264125,-408.1648821393903,530.3211232156301,320.95910675472135,1329.2900285805465,-18.833526170221162,-91.21635701039787,-29.906889702698066,102.42186762551188,372.2785222447099,-148.9098995870523,-710.062116102318,76.57946217280175,-155.63474673667625
47,stance,swing,0.23618090452261306,0.20457462770875012,0.18560001274994908,-7.316355101278277,401.4613777841945,0.01685599733488294,-0.037294754035701864,3.8678426130835715,635.5912520715032,0.19910654667760858,0.1728156610635883,0.7865718785895117,-1474.0198678604227,0.007611292481485371,0.027707902594361136,0.4410648409241322,-756.7064113904918,0.20670737329836808,0.13227632933520564,-2.5260986343842364,-2437.590561218576,0.001899260374834913,0.026953721882858172,-0.5873994376794927,-465.0624500564286,0.21093781425325628,0.07770791820435562,1.8873602984831037,-1089.2068141387413,0.0012079552615182204,-0.0255093857886711,1.749363588483168,505.0985933085819,0.1707087867788747,0.20196036736051257,-7.968021845855266,181.95704686416417,0.024809105206187287,-0.04830522749425964,2.105644300045118,913.0664269693694,0.16617129677440878,0.2473901043517386,-9.78924115502405,762.7654319059651,0.0127212821007026,-0.012150689240866014,-0.3885080491317682,-320.58743625788657,0.1532534154671595,0.3142174828530746,11.329033365182728,1299.7997241160092,0.01775782143876778,0.0,-35.1257369002639,-1471.6149027942927,0.1541005067153134,0.421224521382676,45.49900486461646,1832.28509015439,0.011322282298321315,0.0,-42.590206596593156,549.5065529018704,0.15598258263890222,0.404367028924829,69.92882568834736,6090.900284938846,0.0055876719424014926,0.0,-25.884079431561585,1162.6141780759865,0.2294976082928534,0.09124927524907625,-0.7256772000421786,159.60392194719833,0.007650307620520408,-0.13282242772805597,-3.0451086638488185,1031.7672996521849,0.20736437574881744,0.16100110479900986,-9.363727878159773,640.8765822749709,0.027576284459788783,-0.014805857288850453,1.8732139962361891,-546.0109641429727,0.19293339215398567,0.16480872876569494,-11.784150824233947,1025.577777156368,0.033733134572895715,0.01636788700218745,1.6286047567176443,-362.4878935147716,0.1764631176173919,0.2598449139044862,-7.776906239337596,-1518.2600391933115,0.03604456628194094,-0.010643269366815157,2.73211001611583,-521.9799566216627,0.1626086647916236,0.20976015888870286,-13.438237661820649,-951.5645111675126,0.033681940805692326,-0.024333391146142143,-1.433835469486838,-71.45915580227822,0.1478088968168565,0.27111243022726206,-7.800702006031465,-1066.9096186417796,0.025581298364246025,0.010488855338492217,-4.52466198430671,234.6052743585404,0.1478088968168565,0.27111243022726206,-7.800702006031465,-1066.9096186417796,0.025581298364246025,0.010488855338492217,-4.52466198430671,234.6052743585404,0.20533159048449579,0.006893626363180361,0.1600433176749317,0.014439632597276094,0.18611267590358807,0.02737792201751403,0.1478088968168565,0.025581298364246025,59.39642859069678,96.3213431092505,152.3558776907283,170.719207790718,69.42502289209662,89.2747157801538,61.201169985828294,169.32894196305918,108.16962672336297,41.995889171201156,161.10919639254493,164.88360744122994,162.33364742944846,160.9835987744946,28.69406079108086,10.684266648840733,176.6100540711993,159.413482146401,172.02512855798008,21.267068575578858,-5.707059660026107,-2.1231600662874706,5.245398697112099,-8.829298290850756,2.7100821303600573,-3.5345860183424573,-19.24633286218703,-2.956751263176465,26.880030937263868,3.752745772331269,-1.0027995516639012,-4.232678742282027,1.8215598069567491,-0.362859223931413,0.02403193858932315,4.626194993897635,2.0835127757257252,-7.458729989510728,0.03596437192137118,0.7130578479660099,507.2424971891427,849.89986162558,-510.74942583577166,168.09206139932544,-134.90721799406987,1542.6355761182215,-545.5915704461469,-1293.307376123676,2699.232960055639,-56.5446304825962,80.43070445825708,82.18289535543009,-222.57390152956182,-197.26667830936387,313.7716105078336,299.966328204875,-219.56447119893565,220.49554215860076,-53.11793804908358,-247.77946111546171,239.3964285906968,323.07508548144625,350.71920779071803,249.42502289209665,158.69973867225045,277.4985686864222,288.16962672336297,138.00411082879884,156.89491443625394,172.01130699502397,189.67765956557548,208.69406079108086,169.31573335115925,172.70567927995995,193.29219713355894,201.26706857557886,-5.707059660026085,-3.583899593738658,-8.829298290850756,2.7100821303601235,-0.8245038879824002,18.42182897420463,26.880030937263868,-3.752745772331258,-2.749946220667401,1.482732521614626,-0.3388272853420788,0.024031938589334195,-4.626194993897622,-6.709707769623347,0.749022219887381,0.7130578479659657,507.2424971891361,-342.65736443642857,168.092061399321,-134.9072179940786,1407.7283581241604,1953.319928570282,2699.232960055639,56.54463048259841,-23.88607397566305,-106.06896933107559,116.50493219847303,313.7716105078413,-299.96632820487474,-80.4018570059435,-300.8973991645398,-247.77946111546063
48,stance,swing,0.24120603015075376,0.20519567150571094,0.15204885735211535,-0.5184479247395017,630.9025023495092,0.016802381089970855,-0.005334816368752241,4.241642255243171,-273.5601154878931,0.19982278627827849,0.13412741457717003,-5.6703250980839295,-618.3370259574446,0.007768147913123691,0.016533599617947616,-2.0912169454356038,302.0375119105397,0.20726401325437027,0.055385675622217835,-13.161494768852904,-359.68210093758415,0.0019984494816419063,0.01118089381908502,-1.992099145584533,267.17484002159404,0.21136926131829714,0.056089954239201704,-6.422421220203558,-743.096919155726,0.001168116858574375,-0.003963921092912593,2.5381838859727632,-141.2217858603096,0.17134451684694452,0.16562411015915202,-0.9870558971916427,994.8165960779232,0.024650678949159732,-0.015763412574241673,4.806370135678813,273.9050135787769,0.16672538177345259,0.19483095868698344,-0.9231633267770015,1124.2186311480734,0.012670116721909874,-0.03636921141471909,-1.9031929149057318,398.7208361971843,0.15441430274382198,0.4437200089721925,12.422420739530788,-3273.4557452509207,0.01775782143876778,-0.2515413936863366,-26.060018210502815,5874.1924250258735,0.1561310351009885,0.7454130076499865,19.389427754188688,-9588.70757752201,0.011322282298321315,-0.2240076776483149,-23.27975455627435,5918.255486528263,0.1579632136614602,1.1323199527869336,55.08073569197653,-15727.856308903836,0.0055876719424014926,-0.08871274236919355,-14.265936869459791,2877.764419311573,0.22998566184872804,0.08922494499972639,0.28442499087639295,223.43803347002395,0.00685364365248238,-0.12120653829259814,5.1887887169558935,1119.4739520059231,0.20809834864333931,0.10680931324942908,-1.689874171748311,1865.3766637388617,0.027563954426763654,-0.013317268393863565,-1.0215316536614973,-241.3540910557401,0.1934220891805017,0.15042939315263532,6.43178963228764,2049.3471697281816,0.03389763594980212,0.01636788700218736,-1.628604756717644,-346.73444017457865,0.17746819983361006,0.1761374457704276,-11.69458880470907,644.7543554048664,0.03597164591778766,-0.00877523624369329,0.22727767716262628,-252.67979863465186,0.16351724533724285,0.09199121582418769,-10.446903683334577,2277.7815647309144,0.033488899613280304,-0.029917717987486946,1.355515544463285,512.1736649565937,0.14882025287182804,0.20875364305774638,-6.2778666217440895,463.8506459533743,0.025581298364246025,0.0032869473955731763,-0.5323131746241512,638.0987544078616,0.14882025287182804,0.20875364305774638,-6.2778666217440895,463.8506459533743,0.025581298364246025,0.0032869473955731763,-0.5323131746241512,638.0987544078616,0.2059129330891642,0.006934273835827707,0.16131569002533355,0.01439771427011204,0.18688529961920833,0.027226179654060354,0.14882025287182804,0.025581298364246025,59.25898830033578,97.04788715989771,153.64555651294734,168.5655446274907,68.91573276351195,88.63080484130178,52.61022823469987,177.21789532498698,107.71841404512689,43.41727984937606,159.92579946697532,164.0638481850314,162.50221701842406,161.8087316387292,28.282123841463978,13.303042367523378,175.05021782190386,159.71339998314082,170.9560233187021,20.97731650872984,-3.897347176698219,1.6728547589413088,0.35860497353643495,-5.928806909176007,3.0138072716688495,3.783743703980387,-21.34275930527868,-8.29357824776485,36.433888528692734,3.3270197353403463,-0.49545268598596653,-3.9343870307539603,0.9361185473352444,-1.1174151919063597,1.284116625970707,6.419258841729658,-0.8295432581159188,-4.504451496367595,0.11854451738287868,-1.2038086046290777,71.63090769349982,459.42218951306876,-889.27325399344,501.48197217387536,40.96234810178481,824.8846459089118,504.0044208361918,-1243.3533062839979,1057.801534820167,-100.6732993091268,113.69506350493135,25.704185879921862,-55.19129054505998,-74.42200651307715,90.88734698241285,134.81598723324848,-254.809839463721,375.97346178223046,58.84034581907663,-314.81995537084333,239.2589883003358,322.211101140438,348.56554462749074,248.91573276351195,157.54653760481375,284.9363093701139,287.7184140451269,136.58272015062394,156.65692068364865,172.59307249861726,190.09085548019317,208.28212384146397,166.69695763247663,171.64673981057277,191.93333982743195,200.97731650872984,-3.8973471766982852,-5.570201935639483,-5.928806909176007,3.013807271668828,6.797550975649282,28.14031028092784,36.433888528692734,-3.3270197353403463,-2.8315670493543794,1.1028199813996689,0.16670143406438037,1.2841166259707402,-6.419258841729685,-5.589715583613766,-1.0852640872461714,-1.2038086046290501,71.6309076934932,-387.79128181955576,501.4819721738666,40.962348101767226,865.8469940107011,361.8425731745074,1057.801534820167,100.67329930912022,-13.021764195802387,-38.72595007571985,16.465340469331316,90.88734698240846,-134.81598723324953,119.99385223047152,-255.97960955176777,-314.8199553708356
49,stance,swing,0.24623115577889448,0.20610275692836938,0.1803894808430194,-0.9756264344490122,-395.9430083301599,0.016802381089970855,0.0053348163687522996,1.1184947187328758,-432.6233863736822,0.20045456089446456,0.11582746912304606,-5.427870593344632,-5.518369454067711,0.007777459311816504,0.0066906468613399,3.476617724447157,802.6058221875792,0.20726401325437027,0.0,-6.140994121194143,910.9597521439764,0.0020116311669865217,0.006932624942310018,2.0977748338943285,487.2571082830353,0.21150153238631358,0.013160971267636162,-5.580950446800607,212.08436118104973,0.001168116858574375,0.0,0.3300491577262815,-239.57367118118404,0.1723733507000722,0.19204020758974225,2.0301348986465175,-28.579933692897306,0.024650678949159732,0.0,4.8584585068670085,-150.87893240491636,0.16812939686171516,0.2381120809670451,1.5094385550068878,-308.37617952676055,0.012355762387991853,-0.0312782562248433,3.6187365357645738,499.03025122312715,0.1577129130447695,0.43906593249660064,-21.570019350907074,-3540.145863631467,0.015229767230864888,-0.2619097307588234,23.911372898991363,4805.96846501072,0.1615920947318962,0.6160931420277893,-50.86991551248958,-5420.753972789116,0.009070948854619648,-0.2339673824751201,16.889748041882104,4194.072643939708,0.16736268266691165,0.9579422620100226,-88.14008193882756,-11390.567063119108,0.0046960865919573325,-0.14337624994432013,3.0381760389066095,2721.003576221701,0.23039434140842854,0.09410781787094956,1.5199311765409862,315.4792158848207,0.006432151456775698,-0.08067379740689098,8.205885828673072,282.40628544045956,0.20843783618348508,0.14401744478143882,9.383776280019822,324.05506030670136,0.02744244256638312,-0.025072507074393183,-0.5524552606054304,267.0723027513642,0.1944452453514996,0.2294498305977318,8.812303142883545,-753.6489364226537,0.03389763594980212,0.0,-1.8561634862429603,-16.144959281191404,0.17823334320302434,0.1423113580782639,-1.296962968936901,1575.0284006381548,0.0359563729528586,-0.008359071606386742,0.1926145524509765,60.14276979344908,0.16353319962402751,0.10476615202101822,9.454039370650952,1633.6797192276954,0.03338126022290351,-0.010710119342490979,3.7136385501774427,44.47321058343439,0.14990692338025094,0.20801829332531113,-3.138886468811603,39.26245294012139,0.025614333011437715,0.005138974186490675,1.8883908238125307,256.36181879398725,0.14990692338025094,0.20801829332531113,-3.138886468811603,39.26245294012139,0.025614333011437715,0.005138974186490675,1.8883908238125307,256.36181879398725,0.20633071586587948,0.006939897106837064,0.16543408760107295,0.01320064880291869,0.18749181485845268,0.027120699360026795,0.14990692338025094,0.025614333011437715,57.95984277290119,98.21572989242897,151.00216814989116,168.74194473058105,70.95637261959672,93.61895089473714,42.37021607810236,159.37200550714564,142.83310192908587,43.738437154474994,161.02682729422187,162.47194543118047,162.82675906550833,160.25305034489733,29.68298070971695,15.445474410092322,172.8289286223381,161.05190592849144,168.48570561157723,22.187985427500863,-4.98715103999093,2.4941483710298233,-3.6920209410129643,-3.7892784700077664,3.121764020830258,4.755711930490864,-14.18096179850669,-15.452764391658912,37.5112021414867,2.740953819475719,0.13986440315953447,-3.9743452158506503,1.2668734698204656,-1.1108190883844529,0.937472611779406,5.981129538955415,-0.47739013345741166,-3.6801022329053805,0.6273246314095811,-2.4509618040022785,-329.11584717939746,37.37564220567061,-458.7186161606486,92.22712677558721,-7.122942650040233,-113.63621726578431,1698.6852571840673,-317.7383202234721,-1501.706096876414,-141.04982920059578,87.10605419155891,124.72913433633585,1.7713464807488797,68.8783491273222,-141.43505493537444,-187.06429784867942,363.82239197518544,-29.01989779184285,67.33311672772808,-215.0713130623863,237.9598427729012,319.74411288047224,348.7419447305811,250.9563726195967,164.5753235143339,302.2051074362315,322.83310192908584,136.26156284552502,155.23473555130315,172.76279012012267,189.93603105461432,209.68298070971696,164.55452558990768,171.72559696756957,190.67369103907805,202.18798542750088,-4.987151039990974,-7.481299411020642,-3.789278470007855,3.1217640208301476,7.877475951321166,22.058437749827835,37.5112021414867,-2.740953819475774,-2.8808182226352645,1.09352699321543,-0.1733464766050799,0.9374726117793729,-5.981129538955412,-5.503739405498,-1.8236371725927083,-2.450961804002245,-329.1158471793887,-366.4914893850747,92.22712677558279,-7.1229426500359025,-120.759159915829,-1819.444417099882,-1501.706096876414,141.04982920059908,53.943775009031356,-70.78535932731765,-72.55670580806213,-141.43505493537555,187.06429784868763,-176.75809412650224,-147.73819633466374,-215.0713130623918
50,stance,swing,0.25125628140703515,0.20700863111217344,0.14224356655363288,-4.497774641625504,51.56692537163058,0.01685599733488294,0.0059063365833368865,-0.10633147715561513,68.32710827429361,0.20098688144534427,0.07957595132747561,-5.725786097622298,470.1986351395563,0.007835390595147207,0.05147448127068263,5.975173227303832,-348.6640051694671,0.20726401325437027,-0.006332858259129923,-4.006120375446168,-107.79463575499538,0.002068124104177685,0.03226405797882687,2.904957219069055,-307.7516343350946,0.21150153238631358,0.0,-4.290920102806088,-619.9403360015722,0.001168116858574375,-0.0006468441308394343,0.1304082962121357,-4.94975368260045,0.17327456918452985,0.18602747597469477,-1.2742914116931212,-746.8628334453444,0.024650678949159732,0.03306531613798924,3.2899989557299154,-802.8575045782006,0.1691184680143274,0.2100011954207209,-4.022421412473067,-445.40325887632457,0.012355762387991853,0.0,3.112186494371895,-360.0642853085735,0.15882702568348628,0.22693589489272586,-23.156934673850547,1754.2076196351552,0.015125562838176607,-0.011226088168837065,22.24117239261968,-3610.812685981702,0.1623229259756396,0.23415757536366255,-35.09051167082719,5071.567959698235,0.008970851318671882,-0.05426146617211397,18.871729302415893,-1932.389430639802,0.16759077408367143,0.24648998355249177,-59.397325243893135,8788.730438081288,0.004146704606277682,-0.05817830981736853,13.080832740808379,123.97688131628178,0.23093146906351145,0.10450063521621861,3.455070376653464,304.8526260577074,0.006042851718744788,-0.03873532393407537,8.027042841985619,-347.3962716462678,0.2095457601486804,0.20111862259636132,1.5669606052034395,-1763.1376837180057,0.02731196943104111,-0.018869582570802526,1.662612092583351,211.93521606068225,0.19572811762872008,0.23899525388513265,-1.142571537789231,-1628.963004795717,0.03389763594980212,-0.0022870224072895043,-1.790865654016049,51.7813214821114,0.17889846473891924,0.16310264206251912,4.134842357483334,-127.8919407262426,0.03588763514787423,-0.006839411595944795,0.8317276248354772,171.85246495845527,0.16457017148820785,0.18700668688600566,5.971987967194916,-1319.3190917456684,0.03338126022290351,0.007405282516808709,1.802482485000311,-148.38075163854094,0.15091088898565025,0.17720704538124807,-5.8832691047579475,130.37147835258077,0.0256329463460198,0.022265749644945217,2.044187516772688,-190.29053046546792,0.15091088898565025,0.17720704538124807,-5.8832691047579475,130.37147835258077,0.0256329463460198,0.022265749644945217,2.044187516772688,-190.29053046546792,0.20669026454955042,0.006981907223195551,0.16622675258833092,0.013049912020055551,0.1884308120089482,0.027025716469397592,0.15091088898565025,0.0256329463460198,56.274716453413625,98.8507099758878,149.4148826259311,168.0091238515947,71.32299281046569,93.61356736668904,45.33981516726856,162.0793184220012,137.51742658788498,44.84339012193041,160.6396805151909,161.2604780365072,163.33438224067862,160.35772181633325,29.564347269359605,16.601361246843304,174.71179492976975,156.83968358850285,173.45272772839618,18.39443250648788,-7.205044133275056,2.0484893539731717,-4.251632374811761,-5.001901112436443,2.9422199083518628,2.641671168645879,-4.270545665237918,-11.486928199759523,21.341364941995206,1.9094335122187902,0.37998504458245874,-2.680827891695317,0.9539210245287003,-0.42517047705890504,-0.13734121257576024,4.539215647270581,2.8269631938959705,-4.796108760607219,0.7952592583650658,-3.3653293389244032,-259.35509257835304,196.80514152943613,-127.984811890016,-328.175422217771,-37.282858636805415,-198.54383886432706,1513.1426668760937,1297.7193514481316,-3046.68871582536,-200.07177923790002,37.342861092054676,318.3431780650199,-92.07428503938773,92.59711875536799,-156.1370936351614,-214.36385482880777,351.51671079877565,119.54596811663973,42.970164969906214,-299.66898905650197,236.2747164534136,317.42400647752584,348.0091238515947,251.3229928104657,164.93656017715475,299.59674500988615,317.51742658788504,135.1566098780696,154.51692936287873,173.2564513263715,189.92206908569287,209.56434726935962,163.3986387531567,168.68684382338694,191.84716023488406,198.39443250648787,-7.205044133275034,-9.25353348724825,-5.001901112436488,2.9422199083518845,5.583891076997742,9.854436742235682,21.341364941995206,-1.9094335122187571,-2.289418556801304,0.39140933489396873,-0.5625116896347315,-0.13734121257573814,-4.539215647270526,-7.3661788411665405,-2.570070080559365,-3.3653293389244308,-259.3550925783529,-456.160234107809,-328.17542221774903,-37.282858636792206,-235.8266975011412,-1748.969364377233,-3046.68871582536,200.07177923790547,162.72891814583764,-155.61425991918665,-63.53997487979014,-156.13709363515812,214.36385482880752,-137.15285596996375,-256.6988240865947,-299.66898905650527
51,stance,swing,0.2562814070351759,0.20753234051182298,0.13518571560055181,-0.45736587795021016,65.86621378806461,0.016861741256637558,0.004266158306886816,1.8051993245046738,176.68103823072445,0.20125431919926332,0.058281880202218694,-0.7022561698314826,762.5790005054337,0.008294790781873618,0.06674263909554952,-0.027543131527401826,-601.5395567746245,0.2072003664376956,-0.04026251633614256,-7.2243572946111865,351.60962129697305,0.002335893056220964,0.03612817488270266,-0.9952064157046253,-98.83660696211685,0.21150153238631358,-0.029963853886194058,-11.811506587519952,-685.1540398879149,0.0011616159125357878,0.0013106361428355403,0.2803028895594426,25.24281162438772,0.17424297357418975,0.1792332587285048,-5.47602423145748,-813.12055317441,0.024982993684214902,0.03306531613798924,-3.210461137135042,-654.709792190254,0.17023996163981286,0.19768573511304424,-2.966976107066746,354.21966090370205,0.012355762387991853,0.0,0.0,-343.6210357866261,0.15999367580751048,0.20633292069910672,-3.939792017890362,2149.693871034136,0.015116942224142907,-0.03838035997872514,-12.37820183449324,-3615.631937683958,0.16394543719786267,0.26342468302449945,0.100616745784361,3705.715590393739,0.008525607486055686,-0.04430176134531132,-2.531251261030561,-3835.1828764540915,0.16983996893377087,0.36098421935782776,0.18886718761791363,4637.2107613001845,0.004111379960626993,-0.011910594257803202,4.284174846105427,-1250.2089715894765,0.23144459904879255,0.12883214326445186,4.583776664558159,-285.631548668651,0.006042851718744788,0.0,4.714466013132677,-694.7925432925134,0.21045912887289575,0.15976579257242823,-8.336200440764232,-803.2396889491595,0.027252798520445404,-0.00836283780219863,1.5775469108587221,-82.63571826082553,0.19684720770210395,0.21796669956467415,-7.559184342500616,-1245.5109002974893,0.033874650799980116,-0.0179986497891061,-1.3357481949654566,356.38226514919415,0.179872565736316,0.18386756267608653,-2.5823091068890935,-1302.2419754622056,0.03588763514787423,0.0,1.9197750042947557,54.372717948716186,0.16541266381383662,0.16478613159081662,-3.8054489886020537,-843.2105812111381,0.03345568517282119,0.007405282516808709,2.2223747146142108,61.541005297005356,0.15168789871071575,0.14888996061417573,-1.8286203547153084,26.3427568872192,0.025838109389778874,0.025683572345010244,-0.024076819056501962,-185.9187141243063,0.15168789871071575,0.14888996061417573,-1.8286203547153084,26.3427568872192,0.025838109389778874,0.025683572345010244,-0.024076819056501962,-185.9187141243063,0.20687213963377388,0.007163510251816982,0.16765240343062932,0.013018537148606468,0.18928734398077676,0.027058621791607434,0.15168789871071575,0.025838109389778874,53.76534245613881,98.8271888904294,150.20854501109244,164.72960855461696,72.41064434351563,92.50749764261995,43.973816405299495,157.77269932477589,143.17162625606022,45.30480660808061,160.636932630917,160.82125274966614,163.69001998602224,160.5156564692424,29.03133155607164,17.71841448217922,176.12378028509332,155.92978167303457,170.61213431203586,19.615889247656998,-7.593734884999514,4.4720894919286875,-4.978300457495543,-7.0875239194326145,2.747061923977941,2.760296464517719,1.026502190197836,-2.410358849466578,6.891215047764358,0.7301821688435495,0.5151695397631006,-0.7749162905740545,0.34150377093214274,-0.18019477928527305,-0.6317444096795094,3.826718937660855,3.0554411308519067,-2.47863521665774,1.0591855858810022,-5.462710437735979,68.0890613539608,519.4935361814353,186.3286991453052,-637.7331739727765,164.71396234089335,369.0888631721522,819.9263375731983,290.3736484492481,-576.4971605094042,-247.2171594223888,62.10642434707884,327.87910129177504,-116.87281512202159,24.49732863149141,-50.392879725936055,-110.7761918243157,-239.53378133824287,733.390439383493,74.8440936999764,-457.9245599209097,233.7653424561388,314.93815356570946,344.729608554617,252.4106443435156,164.9181419861356,300.9443255808361,323.1716262560602,134.6951933919194,154.0582607610024,173.2370080113363,189.54698802531402,209.03133155607165,162.2815855178208,166.15780523272747,190.22802355969287,199.615889247657,-7.593734884999558,-12.06582437692829,-7.087523919432482,2.747061923977963,5.507358388495616,4.48085619829778,6.891215047764358,-0.7301821688435495,-1.2453517086067385,-0.4704354180326839,-0.8119391889647825,-0.6317444096795094,-3.826718937660855,-6.882160068512717,-4.403524851854978,-5.462710437735979,68.08906135395753,-451.4044748274712,-637.7331739727676,164.71396234088897,533.8028255130412,-286.12351206015177,-576.4971605094087,247.21715942238328,185.11073507531762,-142.76836621646186,-25.89555109443586,-50.39287972594045,110.77619182430749,350.30997316256355,-383.0804662209251,-457.92455992091027
52,stance,swing,0.2613065326633166,0.2083672815202192,0.1376469245641835,-3.8358026437555055,-526.7246357638218,0.016898873297766223,0.02404904336227841,1.6693573492838343,-402.6358956071505,0.20157262898506506,0.07251810037439535,1.93832446022129,267.6782048028142,0.008506170887564793,0.051197665878447436,-0.07045045887332557,-63.29346046148635,0.2068593648489819,-0.07893946423512206,-0.4723553372856192,1500.343981607587,0.0024312213391797233,0.022261983449132102,1.9116244857814442,383.74107316896453,0.21120038812615083,-0.11870860891979902,-11.176890352935915,1717.6484220020225,0.0011812890811154358,0.0021702703370946744,0.38410489545221443,31.25522428971521,0.17507590846823343,0.13099205656306157,-9.446357272742503,-67.07801789112888,0.024982993684214902,0.0007993750612550114,-3.289998955729952,312.59885074749167,0.1711052593219962,0.1801823400733163,-0.46242482047604583,338.59670954381147,0.012355762387991853,0.0,-0.3412912522273776,-33.958479596623924,0.1609007233789547,0.18733999521543562,-1.5519711458691856,-83.67041253341144,0.01473983057708389,-0.1356301267064581,-14.096837031339852,1588.0692771014417,0.16497041022714212,0.23516879893938478,2.1528610969492465,-367.69865115807636,0.008525607486055686,-0.07970117733825037,-19.67282221973595,-567.5531124678769,0.17121875618777022,0.24838814624211905,-12.792191964494094,2.7032553068267733,0.004027000141375137,-0.015121276188168073,0.5159184534769027,-276.5709826055815,0.23222626447320444,0.15056874239770784,0.5844015458127378,-939.6515446771855,0.006042851718744788,0.008646244037107524,1.0442032109050523,-536.3911038783992,0.21115144650619225,0.1173377136439566,-6.505800087752972,560.375503549606,0.027227920809913486,-0.0030148397481017312,0.8321023613187692,-97.27058319815576,0.19791873772484747,0.16302355195045276,-13.660269028216312,-361.5464149423558,0.03371674499714779,-0.015711627381816765,1.7908656540160688,377.9710213242685,0.18074637994169399,0.13714978671689998,-8.953016692388134,-284.02823862462986,0.03588763514787423,0.012454809552746297,1.378187101706999,-162.23260469390098,0.16622631351424622,0.1487609684075929,-2.502490235932136,46.477348138469246,0.03345568517282119,0.029740706784288314,2.4209850507993624,-495.8049879948432,0.15240727049936056,0.1588289513640087,-5.618517779258256,-967.7747214389329,0.025891072701246035,0.022023771563975347,0.17565772657864692,-99.162861912967,0.15240727049936056,0.1588289513640087,-5.618517779258256,-967.7747214389329,0.025891072701246035,0.022023771563975347,0.17565772657864692,-99.162861912967,0.20699991587010425,0.007254388651406544,0.16865421151681934,0.012926238855344293,0.1901127354432575,0.02703698509129125,0.15240727049936056,0.025891072701246035,51.00669605301302,99.97521593154987,147.09443821100538,163.93704191045774,72.54417811943013,94.30577393738281,43.62921355063776,158.97340737421004,144.2473311319652,45.149477677508486,160.97212245186822,161.08338135513583,163.2868651037681,160.8116388638603,28.69651454785902,18.871646985537478,176.63897600384402,156.55019388477314,170.20341368727927,17.735769438566052,-6.5207319588633865,7.2695299186107345,-2.378982132145369,-11.411279745328697,4.597636615295522,6.351106979421294,3.9699200390153675,-8.56860007464144,15.547423630342877,-0.5751610548404043,1.0041702138998367,0.6144394579707783,-0.22068013247654697,-0.17896616920471894,-0.6438023153489891,3.425887086222177,0.41958850707944867,2.574649424151536,1.5474612050985002,-7.967586222551656,353.17415860918015,492.13767972669376,608.3964266229387,-747.3599477404589,402.7360555633477,345.30073989776446,664.8517710366398,-1193.8029890738155,1276.9880134982889,-155.56601473333131,10.81482799124036,195.55787682255092,-116.23742593923018,106.86645651195366,-41.435720653181264,-148.16490626267895,-389.3959385441322,872.2182835637017,187.9503714084474,-522.6078101653376,231.00669605301303,311.0314801214631,343.9370419104578,252.54417811943014,166.84995205681298,303.2207385061752,324.24733113196515,134.8505223224915,153.8783998706233,172.79501851548747,189.50815341171935,208.696514547859,161.12835301446253,164.4893770106185,187.93918312584535,197.73576943856605,-6.520731958863397,-13.79026187747411,-11.411279745328653,4.5976366152954995,10.948743594716772,6.9788235557014815,15.547423630342832,0.5751610548403822,-0.4290091590594105,-1.0434486170302772,-0.822768484553686,-0.6438023153490112,-3.4258870862222044,-3.8454755933015647,-6.420125017453101,-7.96758622255169,353.174158609191,-138.96352111750247,-747.3599477404765,402.7360555633455,748.03679546111,83.1850244244778,1276.9880134982843,155.5660147333335,144.75118674210194,-50.80669008044899,65.4307358587768,-41.435720653181264,148.16490626267895,537.5608448068067,-334.6574387568904,-522.6078101653379
53,stance,swing,0.2663316582914573,0.20891572668834743,0.09663493526130076,-5.751080810249891,161.74788305266108,0.01710344018490166,0.02104361910370916,-2.2413925911450527,-255.62541476212644,0.20198314432865422,0.07776252804363856,1.9879770442671345,-369.28331806205176,0.008809340187687156,0.06603459428275228,-0.6636583120448483,-247.36650372103273,0.2064070049880964,-0.04500980615810855,7.854476691394611,492.60768947672926,0.0025596315833479183,0.05534048127246579,2.86148778699851,-586.3920054859735,0.21030848104038596,-0.14229441019710704,5.4512916235555355,2316.894872550695,0.0011834276747176437,0.005170986850897971,0.5944257467425079,-57.868306707627944,0.17555947665522553,0.08429499468084209,-6.15017516503666,1101.026564928937,0.02499102760442852,0.0,-0.06876414469796108,328.46416292795914,0.17205083942949442,0.1930382494801192,0.43600589839867304,-418.07241556657084,0.012355762387991853,-0.003430062836456033,-0.34129125222737383,67.91695919324748,0.16187648982977615,0.19073522074062255,-4.780700686567858,-573.891780083988,0.013753825372821729,-0.1800571140625418,3.5822934127573225,2765.532716225228,0.1663089427148414,0.28506147796871284,-3.59484708495005,-1896.4920644781364,0.007724590628384834,-0.242018567573812,-8.235302642617224,4351.998683282526,0.17233633221258612,0.23241947599607893,0.2160355826613986,881.7273085494458,0.00395940733562028,-0.006725484172608235,1.5045669807227167,47.45611299106591,0.23295785274123182,0.13470552563442909,-4.859957452800425,-830.9247519198449,0.006129748643740843,0.01049450463221151,-0.6763993524793397,-226.09468092678256,0.2116384023768551,0.09438086706737368,-2.704285832225516,524.9348943191619,0.027222498623479557,0.0,0.5999531098722386,-82.79418495121718,0.19848563535989744,0.08067756360270208,-11.192816653479042,1025.987926237489,0.03371674499714779,0.0,2.4629555369367138,-88.67609563622518,0.18125095555256623,0.09388749541590488,-5.436864268945656,881.9323830899257,0.03601280911322846,0.013851126650321505,0.2892965651600835,-57.99880868798812,0.16690774892346066,0.13963547595330789,-3.338339962084778,-138.42531485307148,0.033754586748542675,0.031736790565043346,-2.760589988851516,-555.0901733461031,0.15328416957869573,0.0924224452447464,-11.554999464654268,591.761229819664,0.02605945382760777,0.027448976632232815,-1.0206884965737515,-278.6310495807952,0.15328416957869573,0.0924224452447464,-11.554999464654268,591.761229819664,0.02605945382760777,0.027448976632232815,-1.0206884965737515,-278.6310495807952,0.20690358926137098,0.007413959907663595,0.16962641616838475,0.012556922665849443,0.19075412742211784,0.02714930699229118,0.15328416957869573,0.02605945382760777,50.10960308329974,104.81680745914838,144.72254406142363,160.5702515627278,74.48076683741694,97.69518666439754,45.8541114583293,158.31399527293348,148.00784677055168,44.69374728383494,161.58434637348805,161.31036574292892,163.46422770278713,159.48784484480728,29.459468052153625,19.785887500868114,176.18005552862041,157.0595261789453,173.56477433989227,13.409756451673886,-4.044245853751496,9.418196825865275,1.1362364934887257,-14.598679173105518,6.794660472353267,6.230655659470102,7.708429537299699,-14.408378840158111,19.72526543468175,-0.8332953661647949,0.6238612783685307,1.1904895066374994,-0.8267115651405146,0.8938399595283243,-1.048183813229067,2.3376244023575588,-0.8580858896921094,6.287377683479906,2.948134042247295,-10.715050238392603,363.1519248416043,65.41691450879496,558.6650195405442,-260.9300092077458,213.83749295070794,-286.36335948492524,307.2686984244817,-664.4619723327583,284.6674073740647,30.665569159969323,-129.13771624256506,82.05476267794037,-137.78105994471386,225.6105406988201,-71.41209634944589,-246.23669921956144,-48.03479843433298,502.2693191565539,-27.294141130092004,-180.70368037256665,230.10960308329976,305.2927956241514,340.57025156272783,254.48076683741692,172.1759535018145,306.32184204348516,328.0078467705516,135.30625271616506,153.721906342677,172.41154059974807,188.9473128969609,209.45946805215362,160.2141124991319,164.0340569705115,186.97453079156617,193.40975645167387,-4.0442458537514305,-13.462442679616748,-14.598679173105563,6.794660472353267,13.025316131823304,5.316886594523682,19.725265434681702,0.833295366164817,0.20943408779628633,-0.9810554188412131,-0.15434385370069847,-1.048183813229067,-2.3376244023575588,-1.4795385126654494,-7.766916196145311,-10.715050238392607,363.1519248416042,297.73501033280706,-260.93000920774597,213.83749295070572,-72.52586653421073,-379.7945649587068,284.6674073740734,-30.66556915996822,98.47214708259247,16.417384404665295,154.19844434937036,-71.41209634944532,246.23669921956417,294.271497653884,-207.99782150266117,-180.70368037256029
54,stance,swing,0.271356783919598,0.20933848689972975,0.0798471174259934,-2.2101957789046334,418.4452783675035,0.017110366957099984,0.0015224846573029115,-0.8997422965666939,455.85273887291504,0.20235416193022726,0.0924977691609998,-1.7730656710556285,-674.0240852794561,0.00916983515171306,0.04452773309407707,-2.556545973657585,82.00185149919066,0.2064070049880964,0.0,4.478475712731782,-781.5204307937604,0.0029874070806115427,0.051020654675247905,-3.981762504027361,-633.4193262559381,0.20977029355130553,-0.06392175843180345,12.108485250588755,-1055.0152952915137,0.001233258798209888,0.008144398445059604,-0.19748612673500354,-171.32113546705023,0.1759230943444228,0.0691812508843009,1.6192363446337967,1055.6305189130549,0.024982993684214902,0.0001082781296172087,0.011148410380204352,-2.1066748253979783,0.17304534223134413,0.18456430890144368,-4.664157640240595,-554.8944203756203,0.012321289394660637,-0.003430062836456033,0.34129125222737383,198.21386498564758,0.16281766027082026,0.1392927521343514,-7.319727729627884,526.1653415622749,0.012930211340274417,-0.09962717783452506,13.697461624190199,383.9275045693963,0.16783534970421463,0.19903968250772583,-16.90736065659995,-44.63167727383163,0.006093260073253545,-0.16246803806807208,24.065858014259483,2427.886806823845,0.17355463031838408,0.25055935812816327,-3.930610974047365,-946.083427993582,0.00395940733562028,0.0,0.9928643126835973,-35.88804459155818,0.2335800888514399,0.10172494890222597,-7.766600986045035,-17.673696765126426,0.006148324127108723,0.0018482605951040804,-1.228105140117898,6.767459837258482,0.21209999793400505,0.09015896156128798,-1.2300725066558447,149.0891909603245,0.027227920809913486,0.003014839748101698,0.0,-119.39066886457529,0.19872956750979925,0.05053293231749707,-3.3488325836183876,1225.3390227659957,0.03371674499714779,0.009041694597446798,0.8996486124459625,-334.57911286357484,0.1816899728604468,0.08250793476769717,-0.08937465128331543,702.6972346726836,0.036026842450892535,0.015362312720184335,0.795284501827719,-102.8821683524665,0.1676296851318674,0.11520981300975579,-3.893699430435373,416.58096436277424,0.033774647892067855,0.001996083780755364,-3.157810661221799,279.6284575733387,0.15333613929579018,0.04269830347803565,0.32883126415547775,1800.3773559630038,0.026166941813127773,0.011765595719012976,-2.6246543295097595,-25.52245872511131,0.15333613929579018,0.04269830347803565,0.32883126415547775,1800.3773559630038,0.026166941813127773,0.011765595719012976,-2.6246543295097595,-25.52245872511131,0.20696748684233973,0.007625216996908619,0.17063521537383716,0.012057432365604756,0.19117757526389145,0.02717690368170969,0.15333613929579018,0.026166941813127773,48.66582002990265,105.41928387090164,150.7911659160333,152.45537024296775,77.19533786805917,99.39748513356224,50.317600412931924,146.73567210361944,159.53955048507007,44.460852431623906,161.42698180284717,161.8328159289137,163.17894718079933,161.07636742556073,28.024035230255098,20.452145649126283,175.3803634225596,160.1576741297179,173.17334386171683,10.836472936879359,-2.870963870003026,7.926986345834807,3.235741682332486,-14.033691898170375,6.74675714746345,3.4730832660049473,7.058047661371981,-15.246609846829994,18.408402598926454,-0.2669643798658369,-0.29369628100032036,1.4391104396586247,-1.6054144032776974,2.088476450883935,-1.3615118263986996,0.9511463905481817,-0.06317328623043256,7.622582279996321,1.2731482289166698,-9.783703613230726,159.25211775945678,-306.16783171465534,589.7545916827224,-124.33464220861693,-230.82050538494065,-491.1402927789351,-436.9177118590086,675.6009056751805,-960.6439919800367,117.97184857461606,-148.94396069880406,16.689489607975446,-119.417280085334,134.26376128737982,-0.56385868582554,-238.84647892146324,255.46321506757704,11.568556749646625,-398.877404848904,370.69211195313306,228.66582002990265,303.24653615900104,332.45537024296783,257.19533786805914,176.5928230016214,306.27522258868953,339.53955048507004,135.53914756837608,154.1121657655289,172.27934983661518,189.10040265581583,208.0240352302551,159.5478543508737,164.1674909283141,184.0098167985962,190.83647293687935,-2.8709638700030373,-10.797950215837846,-14.033691898170332,6.746757147463406,10.21984041346842,3.1617927520963716,18.408402598926497,0.26696437986582583,0.5606606608661462,-0.8784497787924344,0.7269646244852188,-1.361511826398716,-0.9511463905481817,-0.8879731043177933,-8.510555384314026,-9.783703613230696,159.25211775944805,465.41994947410535,-124.33464220861251,-230.82050538494286,-721.9607981638693,-285.0430863048738,-960.6439919800364,-117.97184857461828,30.97211212419021,14.282622516214754,133.69990260154876,-0.5638586858222481,238.84647892146324,-16.616736146118182,-28.185292895764764,370.6921119531305
55,stance,swing,0.27638190954773867,0.20971821028056847,0.07442191235773651,-1.5456006256518475,90.47515865077507,0.01711874153824139,0.012000982957310186,2.340041970391801,257.69480330741237,0.2029127701493678,0.05994277255564222,-4.786134365576675,458.4348137694736,0.00925685509315527,0.04034066489925885,0.16048089900229773,11.018095768080023,0.2064070049880964,0.0,0.0,-703.1819563139248,0.0030724019820941306,0.015322767664150428,-3.5045355924581827,831.9035167723048,0.209666051307403,-0.020601091095711982,-5.151877173344146,-6872.196998051977,0.0012652809254217606,0.0031862016575813436,-1.1273947102127784,-175.31076743724228,0.1762547656088366,0.10056872678771449,4.459176783838308,-236.9729531446023,0.024992115826836733,0.00011204432542918994,-0.08993675600849362,-10.35626429641697,0.17390575710689588,0.14616229329679642,-5.140822447084971,327.970119716693,0.012321289394660637,0.0,1.6508078933570325,191.93112678965338,0.16327641698690532,0.11717011793029174,0.5073931984801541,1023.6575337314382,0.012752547203630518,-0.04239418316615729,7.4408612978769,-1036.3628336738918,0.16830934153401453,0.11513825528931564,-4.043406655541324,2352.6897014420033,0.00609174602468561,-0.00015064783250957992,16.165569787773283,-2393.0614212150317,0.17485451671638677,0.19291584811620574,-9.29234057807816,15.883955320499494,0.00395940733562028,0.003253051633257107,1.1438831154809244,110.60974990220855,0.23398021403673158,0.05664923431739321,-5.0375825459172745,634.3701263984282,0.006148324127108723,-0.0018482605951041008,-0.6083846807480984,-155.26007031610655,0.21254452259355147,0.08201832931203851,-1.2059020034785297,64.56119398475677,0.027252798520445404,0.0,-0.5999531098722419,-92.11575497500718,0.19899350402640495,0.04702095472211512,1.122148399445591,771.2667037675498,0.03380761629963469,0.009041694597446899,-0.8996486124459625,-273.15928797689304,0.18208018102761847,0.09298925771456502,1.625419496608984,-32.289918562367816,0.03616720421594388,0.021843935713916705,-0.7446950765732525,-295.39123248356293,0.1680656364913979,0.10050281836099241,0.8484033983451315,329.554786620652,0.033774647892067855,0.0,0.049746268166975624,338.9136429246088,0.15371329825686694,0.0957272820704296,6.539245318893586,-148.27821436825104,0.02617770102076368,0.0010705411597728076,-1.277195619439193,239.9558555521413,0.15371329825686694,0.0957272820704296,6.539245318893586,-148.27821436825104,0.02617770102076368,0.0010705411597728076,-1.277195619439193,239.9558555521413,0.20717600918135892,0.007678319884728137,0.1713201595906078,0.012023421157086756,0.1915628927387619,0.027221382012660705,0.15371329825686694,0.02617770102076368,49.119739522467945,109.65315900370854,148.4746782790992,150.99190223966016,79.49733489509391,98.17931226212711,50.60182589962612,145.1198025199897,161.95501873760523,44.55390499258674,161.25980046341996,162.12840182267038,162.36978463590944,161.79504621631943,27.89306186909401,20.176187547491324,175.9000401043952,163.18381516079754,172.73513794844095,8.004819238874981,-2.443722057174034,6.3411331905420925,7.063418319445761,-15.848273567161975,4.474856398132748,1.2945723149581705,3.3172967547970806,-7.618419989151243,10.070551947445157,0.35235135317808525,-0.87306294976016,1.3582230705367508,-2.0268852343398565,2.243224495079886,-1.0538507346946504,-0.06284272248127817,1.709383608474505,6.403644585486405,-1.0606840969376876,-6.989501374542003,191.68648811058398,71.43044533030029,-1785.5968026238015,-5573.680144124314,-424.4344784599186,-232.97376006149784,-679.8560161202618,1580.4414860903507,-1557.9937084915173,112.15286510998364,-67.48369031570898,-51.23598468806677,6.611072100084931,-117.20060677685852,117.15634457056845,-116.41473906980053,325.92158267706367,-493.76961337834,-265.9096556370671,550.1724254081468,229.11973952246794,299.46658051875943,330.9919022396602,259.4973348950939,177.67664715722105,307.0748212575949,341.95501873760526,135.44609500741328,154.18629454399328,172.05789272132293,189.68810808541343,207.893061869094,159.8238124525087,163.9237723481135,180.73995718731592,188.00481923887497,-2.4437220571740563,-8.784855247716171,-15.848273567161975,4.474856398132726,5.769428713090918,2.4521319582937826,10.070551947445114,-0.35235135317808525,0.520711596582119,-0.837511473954632,1.1893737603852246,-1.0538507346946173,0.06284272248127817,-1.646540885993271,-8.050185471479631,-6.989501374542033,191.6864881105818,120.25604278028172,-5573.680144124325,-424.4344784599031,-657.4082385214231,22.447777598842134,-1557.9937084915214,-112.15286510998253,-44.66917479427794,6.566809893793234,-0.044262206278506154,117.15634457057119,116.41473906979887,-209.506843607256,284.2627697710708,550.1724254081422
56,stance,swing,0.2814070351758794,0.21008644581789795,0.0643134427963267,-1.3008977020124277,107.94378087542688,0.017230979851143302,0.02504049440998417,1.6901552241108002,-197.90625317489148,0.2029566018554096,0.044395916240631536,2.834319391954125,769.010883821802,0.00957526896979606,0.046140606450884074,-2.4458113428226107,-444.25670576334755,0.2064070049880964,0.0,-2.5886796271066115,-408.9932063633994,0.0031414047455778776,0.015799191434462387,4.379076860518359,732.5821881689196,0.20956324740964008,-0.11569941846541261,-56.958821262495974,-3185.963489007822,0.0012652809254217606,-0.0031862016575813085,-1.9594033874107932,-87.69733078374232,0.17693383531716364,0.11399709795805243,-0.7624013754124414,-848.7103075251779,0.024984119757837306,-0.0007956088654430225,-0.09293464787524189,7.205573628403276,0.17451431000317122,0.13289775164430864,-1.36797553253516,-2.7218984469110095,0.012321289394660637,0.013160971267634635,2.2702473003645807,-188.33300076044995,0.1639952493957478,0.14439218126480519,2.96828768475836,-402.4121779265924,0.012504139147649723,-0.024844652227722547,3.281754753095879,-766.1678049645586,0.1689925180990821,0.1584024296882153,6.737761970957717,260.61245472483046,0.00609174602468561,0.0,0.014989459334703137,-1675.5522117745622,0.17549348306327056,0.15716900055953917,-3.7709732321327984,308.7303991876493,0.00399210132188417,0.011496312718401172,2.1045200905952335,-67.63731209252282,0.23414942788980567,0.05109597859149993,-1.3910218262618803,84.30427929515955,0.006129748643740843,-0.004266158306886816,-2.788507856862677,-295.2141226531081,0.21292430275121146,0.07803934343587571,-0.5812162857035197,-63.162958481141345,0.027227920809913486,-0.003014839748101698,-0.92578648216087,2.3210709359219472,0.19920213991906674,0.06181080567875922,4.402591574849398,88.2752681252361,0.03380761629963469,0.0,-1.845670864708723,-67.52545325226015,0.18262453826461328,0.0988438091054758,-0.4138964458799747,-443.3711566110971,0.036246379493243455,0.007877940091307475,-2.173471603534703,-26.212254906855385,0.16863976370835979,0.1237364803298073,-0.5815910221876361,-824.6420137237259,0.033774647892067855,0.0024960462748958192,0.2483566043521357,-29.661235815651448,0.1542982225326789,0.10841936195937778,-1.161402046078191,-1084.042664345533,0.02617770102076368,-0.0010705411597727958,-0.2130376907947878,148.27821436828043,0.1542982225326789,0.10841936195937778,-1.161402046078191,-1084.042664345533,0.02617770102076368,-0.0010705411597727958,-0.2130376907947878,148.27821436828043,0.207253325017761,0.00780323362298475,0.17198587917568706,0.01197867912934349,0.1919730658442893,0.02722733569322734,0.1542982225326789,0.02617770102076368,47.036938119803025,108.83282002138677,148.93208314887383,149.2720349495424,79.18270684414654,99.82143767753053,51.07435366005844,145.8289148174263,162.10087604419238,44.82813608192332,160.78930482344364,162.7514243039066,161.60793722560084,162.11230340937658,27.910894155748956,20.12446273421617,176.80985888498455,163.59399918337314,173.23242757254408,6.239251624882035,-0.9444665020574715,8.644880268752393,-14.709954826449318,-70.05057776876612,2.4810839971125387,1.1316384412662914,0.2253238812688941,0.6372241842286991,2.7501743728811596,0.8602000936013277,-0.9719243243742755,0.9241759201805702,-1.5389714675984523,0.9105809053878775,-0.18406112719701453,-0.2188509870377454,3.212420509518929,2.6600736028271084,-1.3993106217071019,-4.254332503601147,331.3397787753627,558.5172398687298,-4202.4296986597965,-10234.392467483915,-297.6465140727014,67.44634913350404,-389.33398705840665,995.9368353549838,-836.8030132357876,93.92703439327768,-30.203678726279303,-80.39378213677846,129.82888406183088,-219.1857757207367,106.02731812868038,54.821871112350244,189.5133350390474,-726.8702507432467,-35.528016717281915,518.0630613091323,227.03693811980304,298.20411809841625,329.27203494954244,259.18270684414654,179.0041445216771,307.9297908616186,342.1008760441924,135.17186391807667,154.382559094633,171.63113479072643,190.02319756512557,207.91089415574896,159.87553726578383,163.06567838079928,179.47167919742614,186.23925162488203,-0.9444665020575046,-9.589346770809897,-70.05057776876619,2.4810839971126493,3.612722438378786,3.387398557109859,2.7501743728811596,-0.8602000936013277,0.11172423077290357,-0.8124516894075782,0.7265197781909625,-0.1840611271970035,0.21885098703772882,-2.993569522481156,-5.653643125308308,-4.254332503601162,331.33977877536597,-227.17746109335934,-10234.392467483909,-297.6465140726948,-230.20016493919732,159.13382211921373,-836.8030132357701,-93.92703439327768,-63.7233556670028,16.670426469771265,-113.1584575920596,106.02731812867708,-54.821871112353534,-244.33520615139216,482.5350445918458,518.063061309141
57,stance,swing,0.2864321608040201,0.21036457653982804,0.06134756359379246,-0.4607385063008189,-148.5858261790422,0.01737040479864324,0.028987467621740412,0.3510344007948932,-259.158289801161,0.20335896026233896,0.08842839458533204,2.9426182356474997,-678.9831605321901,0.009720579781103855,0.01575964637842849,-4.304410616207244,212.606369102398,0.2064070049880964,-0.02601688067443842,-4.110484486064333,363.7276623279265,0.0032311878256565674,0.0593335903829281,3.8580994645159157,-952.3754877596465,0.20850324308161997,-0.5930515560454227,-37.17161073121184,11326.658379035993,0.001233258798209888,-0.016506294698306112,-2.0087749190946145,220.5856330427646,0.17740046508580196,0.0929064014066849,-4.070575050585627,-473.85269058884813,0.024984119757837306,-0.0008219722361310341,-0.017518930597405096,1.7151688843694906,0.17524141290231607,0.13241379548237264,-5.168178210370509,-854.3964652396782,0.012453560462677066,0.0228165557825587,-0.24198608413493494,-441.15262294545516,0.16472759468805914,0.1470021549630392,-3.5369502982695353,-1110.2362761123777,0.012502852206366974,-0.009411723336047811,-0.2593176464905567,-454.6688994799393,0.16990132575198655,0.1828544560024588,-1.4241860050405042,-1658.7733857317721,0.00609174602468561,0.0,-0.6741509335791736,-68.56946909493045,0.17643410466170878,0.15501661965255936,-6.189522495790214,-531.9447149770741,0.0040749481669609955,0.024404007317631402,0.46411113465154635,-451.005522460608,0.23449374145976173,0.04266911546048983,-4.190303357021195,-210.55562369724285,0.006105448164225438,-0.029873465186688916,-3.5753607878145246,282.5461089908317,0.21332883760295726,0.07617695960647547,-1.8407056063040736,-430.9175390593733,0.027222498623479557,-0.009304386755385669,-0.576625763782574,183.78407458888168,0.19961471815382967,0.09126810622813941,2.009337023819827,-893.6029887596587,0.03380761629963469,-0.009507761329274016,-1.5782963838254644,207.29307418887092,0.18307358614425642,0.08882949443938938,-2.8305720271206547,-494.0432112604014,0.036246379493243455,0.0,-1.0081348243808455,186.05853767466036,0.1693092192082804,0.09465768245960911,-7.43945603606421,-562.8923274559479,0.03379973378427786,0.002496046274895847,-0.2483566043521357,-49.42296426607533,0.1548029400856044,0.08405489969778442,-4.355655830307799,-256.61350118471677,0.026166941813127773,-0.0010705411597728076,0.2130376907947878,182.87988229655855,0.1548029400856044,0.08405489969778442,-4.355655830307799,-256.61350118471677,0.026166941813127773,-0.0010705411597728076,0.2130376907947878,182.87988229655855,0.20715844621797083,0.007888857800903388,0.1727409806179745,0.01202144532370559,0.19243717377578162,0.027224769696331464,0.1548029400856044,0.026166941813127773,47.51692840508485,112.35764826791107,158.7837592498784,136.37552088729535,80.22376124444871,99.50762195726095,50.8280246466495,146.0598486816452,162.84350987341492,44.93515445090721,160.71379755579113,162.7381025813749,161.53377124135065,162.32710371732634,27.7520704532498,20.005008925186598,177.70353895065077,164.6855672031846,171.67334724762264,5.932537673355378,0.8863259707190725,11.954371782187643,-35.17205603894434,-118.70648932076959,1.4834341461457865,1.9724250700687669,-0.5956076377497368,2.3909954415521555,1.6604714124120792,1.2963416485879153,-1.1766175098232698,0.5502453606193759,-0.722072329195822,0.040352377283527745,0.011750452528272637,0.4881308565373196,3.614040242032779,-0.901584065199524,-1.4177495915837386,-1.7828374417868826,325.93485482845074,549.9093604620809,-2217.1481177813594,-3911.725331503892,-155.296187965763,100.07098262161199,-112.27440344500886,211.98178529276342,-154.93258719190115,59.54364650953779,-23.28223529420267,-71.28026511381958,132.82361897936033,-111.60511709300744,13.800352012133251,133.40208577169165,-80.80911622148898,-627.8164911002191,37.69712294033928,403.1001505681086,227.51692840508485,295.15928013717377,316.3755208872954,260.2237612444487,179.73138320170966,308.90335855506015,342.8435098734149,135.06484554909278,154.35104799330168,171.61294541192683,190.07917417057618,207.7520704532498,159.9949910748134,162.29145212416265,177.60588492097804,185.93253767335537,0.8863259707190836,-11.068045811468536,-118.70648932076955,1.4834341461458307,3.455859216214553,4.051466853964279,1.6604714124122117,-1.2963416485879153,-0.11972413876464563,-0.6699694993840658,0.05210282981175619,0.011750452528272637,-0.4881308565373527,-4.102171098570087,-3.2005870333706072,-1.7828374417868247,325.93485482845733,-223.9745056336237,-3911.7253315038847,-155.29618796578058,-55.225205344150986,57.04919810086222,-154.93258719190555,-59.5436465095356,-36.26141121532411,35.01885389848228,-97.80476508089123,13.800352012133802,-133.40208577168562,-187.0192175917624,440.7972735084566,403.1001505681085
58,stance,swing,0.2914572864321608,0.21070300424597627,0.059682905044559705,-2.7942225882339473,-446.63370611942156,0.017522311184025113,0.028568478337571014,-0.9144507035390415,-254.96358329041425,0.20384532943918177,0.0739699688602042,-3.9896319701783938,-756.7250545304703,0.009733657375609411,0.0028801982477964865,-0.3090639146578212,509.4144802295698,0.2061455288004136,-0.04131140186999302,1.066874768148907,817.9864127267941,0.003737722236863583,0.05457406042457183,-5.19253608178958,-894.7402203025956,0.20360293026345497,-0.48928344591477535,56.876941340880066,8347.354097455162,0.0010993885163935596,-0.023374894311798403,0.25753764819486624,380.57173936090953,0.17786756799461775,0.07308679594211676,-5.524739974295305,227.46495172030322,0.0249758587303385,-0.0009716785196882987,-0.07569676964037275,-8.687703262163943,0.17584510191756691,0.08095626209284659,-9.954874680672571,67.74917093282174,0.01255060151307831,0.010728950321554903,-2.163447402604788,-92.76826487664655,0.16547265798834115,0.10884494208621713,-8.18986584400918,-250.9925944602881,0.012409548963367836,-0.027450859730140185,-1.2877819250944347,133.05609051942304,0.17083025132523746,0.14408900250187867,-9.933327332879076,-633.2515379954657,0.00609174602468561,-0.006775386267127327,-0.6741509335791661,134.1560357822542,0.17705143903967818,0.09496274432044195,-9.117151272103357,719.9794254967801,0.004237367727086494,0.016160746232487033,-2.428198728104314,-441.7678465670435,0.23457826322106687,0.008982377013397758,-3.5071587478421966,499.35650617384033,0.005829512812718846,-0.04019943255627878,0.051151529979834,348.99958169029736,0.21368990033519614,0.059539789603674086,-4.91204582398865,-342.7168434942709,0.027134409385236244,-0.0088100735549617,0.9212896443605415,97.22397534802553,0.20011940731834452,0.08200514762669704,-4.578342985549123,-820.5032366332601,0.03371206090939073,-0.01586227521432617,0.23767661457639774,290.4880866510723,0.1835172970026976,0.07039584903391162,-5.379154850507091,-330.93437898427834,0.036246379493243455,-0.0022540681939270846,-0.3035365515280787,89.62689577863529,0.16959109720041615,0.04896807795730317,-6.238800343352904,475.3627849326772,0.03379973378427786,0.0,-0.2483566043521357,24.711482133037393,0.15514299539396317,0.06464392647889768,-3.7404322087386435,90.26076254025399,0.026166941813127773,0.0010705411597727958,1.6249510760047834,108.68950647727382,0.15514299539396317,0.06464392647889768,-3.7404322087386435,90.26076254025399,0.026166941813127773,0.0010705411597727958,1.6249510760047834,108.68950647727382,0.20607419818725664,0.008023269828222917,0.17341340365308827,0.01205302459171135,0.1927731600786141,0.027148173032999157,0.15514299539396317,0.026166941813127773,48.637054932430146,117.64891984676247,115.07047705428998,46.05861213995763,80.7550112670058,100.02409322594562,50.48065113586474,146.89643769151076,163.40201566557587,45.5656080456687,160.29397480717705,162.81963918289156,161.3563705285909,162.11734840045116,27.84705903522062,20.245256797073168,179.12635615067688,163.25122833766707,171.81781015494786,5.5593485596349845,2.331260682148042,14.17160750957729,-36.99285048254323,-109.36440019594065,0.9203182889139262,2.1373769600764554,-0.9030620830025441,2.767694388176056,1.193062943816837,1.4586287017373818,-1.2059166388888736,0.20779134617233797,-0.20406072408730225,-0.2110785628835465,-0.04536412204994761,1.1218734930797496,2.400268587694925,-3.649639875567011,-1.020445064517765,-0.20307470894681715,83.31674074412665,-105.60947274587446,1836.5790950068088,6791.913656750897,-197.0554981573163,107.39687030815765,-41.611969601848934,130.25599112943456,-178.30264937673545,-7.3655398057457075,23.98411232749135,-60.39930851285428,73.32508031966518,-9.245221725457931,-20.299122603094204,101.54264974663695,-356.9656300387244,-435.3495626404097,55.624919594711386,275.23128040165534,228.63705493243015,290.98813508566764,226.0586121399577,260.7550112670058,180.7791044929514,310.2984533570866,343.40201566557585,134.4343919543313,154.14041714715427,171.32077796426267,189.96440743567177,207.8470590352206,159.75474320292682,160.62838705224993,177.37715871458286,185.559348559635,2.331260682148075,-11.840346827429215,-109.36440019594065,0.9203182889138599,3.0576952489903375,3.9607573319928924,1.1930629438167928,-1.4586287017373598,-0.25271206284844183,-0.460503409020824,-0.2564426849335659,-0.04536412204993104,-1.1218734930797054,-4.873159649031519,-1.223519773464553,-0.20307470894683233,83.31674074412223,188.9262134900031,6791.913656750882,-197.0554981573229,-89.65862784915419,-48.046658247305324,-178.30264937675742,7.3655398057457075,-16.61857252174564,43.780735991117446,-29.544344328552135,-20.299122603094204,-101.54264974663201,-104.49336264405308,330.8561999963653,275.23128040164517
59,stance,swing,0.2964824120603015,0.21096440473123065,0.03326492451606423,-4.949519472325176,64.9154136456155,0.017657525183945463,0.019797008289689704,-2.211413672475613,-105.00748631786672,0.20410237703480333,0.048331590864946,-4.662658694307008,39.28109608026915,0.009749526497162112,0.012653476381867458,0.8153329036879514,-94.52072004113053,0.20599181501955374,-0.015294521195554887,4.110484486064288,45.26554403547685,0.003779670844999,0.007147298103635607,-5.134264558625789,445.89730208754236,0.20358582151463728,-0.021424004880796464,46.72139527336301,-5434.382108163865,0.00099833523728729,-0.013917976625995887,1.816066682522583,99.69419140431079,0.1781350057485368,0.037381376539395154,-1.78449513379865,702.3616581517812,0.024974354144574107,-0.001582743790305638,-0.10483253122216872,-38.88026856919299,0.17605504367711855,0.03236480371681874,-4.48728202009089,1027.3675186009425,0.012561389109124854,0.0010733658066310904,-1.1743304547545024,111.62580103480444,0.16582151370400103,0.0646919454755094,-6.059488936061387,422.751843718503,0.012226964168878127,-0.022354255246544698,1.077929494408173,185.09841596223012,0.1713494564303974,0.08302202049613601,-7.788523070321594,723.9504143269099,0.006023651690342621,-0.006775386267127327,0.6741509335791661,134.1560357822542,0.17738850410211524,0.06338695862639458,1.0464516298055961,1242.136491948845,0.004237367727086494,0.0,-3.9757667202936333,6.012412665341768,0.23458401660562503,0.007421288849010314,0.82835499648476,606.6664202877786,0.005701433766674896,-0.02935937945824837,-0.06782730348991274,-72.77349717567355,0.21392722744822032,0.026809664893021484,-5.285095993181183,332.351257627862,0.02713395517066587,-4.5194349752044974e-05,0.40049961659959643,-138.59310311358996,0.20043889049178643,0.045254608885936964,-6.236926660936593,106.78790619238944,0.03364819644823443,-0.007119051635038853,1.34118187397427,-7.932656090275434,0.1837810821144465,0.03476763664534803,-6.15654568525412,191.01761292734562,0.036223725541545695,-0.003050618608322412,-0.10736200248500953,-88.49898580578912,0.16980136069528848,0.03195617147113744,-2.661940609605122,464.90398336596996,0.03379973378427786,0.0,0.0,-49.767862356973524,0.15545262778890992,0.046462616192873264,-3.4485124881946896,100.74752881705746,0.02617770102076368,0.015260625433240162,1.3053945398126199,-312.7666390079115,0.15545262778890992,0.046462616192873264,-3.4485124881946896,100.74752881705746,0.02617770102076368,0.015260625433240162,1.3053945398126199,-312.7666390079115,0.20616110457505626,0.008046264440848466,0.1737499047324338,0.012004745368001241,0.19299753419071275,0.027114124288693735,0.15545262778890992,0.02617770102076368,49.0507605207465,121.48836721400004,121.57617278084535,49.13856608759179,80.48767918860894,101.38404260076935,50.166609713604245,148.18275042889883,163.5223616468752,46.05587740887508,159.72251085916199,163.0107418238908,161.37396348469528,161.85971039846086,27.97719602491598,20.89864487949948,179.82683689475053,161.9690896704581,171.70057743626396,5.604851119027912,1.7236801490520073,10.892970046048196,-16.713974682091912,-50.44605055945375,-0.4970231217669487,3.0517906008040243,-1.0138183875170645,3.7001008800389408,-0.1315150134847672,1.2223161229020285,-0.9355711547731045,-0.05678286564046873,0.014863151403831256,-0.05256442397735638,-0.19226082991488608,1.5086599997196048,0.026445970286789296,-5.2769565540478816,-0.8587051735464358,0.9833060798378064,-147.66733181792185,-788.4855177522973,4238.796505428379,10902.469378516564,-198.16024674018905,46.9844848886356,-86.66123230893322,161.37043192232807,-225.8849614649407,-82.01292166048417,75.4889204153746,-60.900756201807724,63.31894591268615,42.73107822775878,-38.625266693537526,21.97766657477605,-461.4659269054849,-122.16051307141697,-69.54890917803267,199.7589759896115,229.0507605207465,287.56239330674646,229.13856608759184,260.4876791886089,181.87172178937828,311.705112075774,343.5223616468752,133.9441225911249,154.22161173196295,171.21086990807214,189.83690642337686,207.97719602491597,159.10135512050053,159.27451822575,177.3054285552919,185.6048511190279,1.723680149051974,-9.169289896996135,-50.44605055945385,-0.4970231217669708,2.55476747903712,3.5685858665541734,-0.1315150134848556,-1.2223161229020285,-0.28674496812892414,-0.2299621024884112,-0.24482525389228665,-0.19226082991488608,-1.5086599997195884,-5.152355647756555,0.12460090629137056,0.9833060798377622,-147.66733181792068,640.8181859343721,10902.46937851656,-198.16024674017805,-151.17576185154905,-64.51452954260374,-225.8849614649407,82.01292166047978,6.524001245100773,67.42475744691289,4.105811534222354,-38.62526669354082,-21.977666574780443,8.04955374014878,130.2100668115746,199.75897598961168
60,stance,swing,0.3015075376884422,0.21103732509538395,0.009938990749834103,-2.14180637069007,604.8021062829081,0.01772127609145918,0.006343215297615009,-1.9698023248241388,155.67021939712006,0.20433107407099027,0.027109077460133565,-3.5948470849495564,289.54660807867396,0.009860827992512602,0.011074498787373923,-1.2590208999958206,-284.2053484550258,0.20599181501955374,0.0,1.5218048589577216,-621.6927911660176,0.003809554378608665,0.0029734115941616656,-0.7111561613117476,357.2864574414882,0.20338761363148716,-0.019721684373436514,2.260035731192744,-4453.529223981535,0.0009595093543232486,-0.005122967854284927,1.2594893206000042,-166.57645632498628,0.17824326022114434,0.055152171481828736,1.534171162908556,-63.218887901294984,0.02495995175757161,-0.002025271798303064,-0.4664532376724648,-184.83741200155325,0.17617037632678118,0.03585795033313895,0.37042701380930765,664.9821623564692,0.012561389109124854,-0.0010733658066311021,-1.0415800555213213,-84.98475390683483,0.16612282829462768,0.04794555579414263,-3.9411035955819957,537.1647941903791,0.012184883081493014,-0.016617397474781616,0.5725036624656751,-214.77829491791348,0.17166464349102778,0.06581238872980201,-2.6574437718045725,1263.0354519421624,0.006023651690342621,0.0,0.6741509335791736,390.0424545050563,0.17768849390024496,0.10547984612753342,3.3666325665785575,-275.99304526414545,0.004237367727086494,-0.023796708242826037,-2.36777247016118,631.1821494502582,0.23465284903864486,0.017307552857465734,2.5899912047988205,274.98631570157875,0.005534443672434941,-0.04088111399838846,-0.6802404014339738,28.89686707376567,0.2139593442034677,0.006423246958636846,-1.5718321794875094,654.3182862492159,0.02713395517066587,-0.0047849517800913665,-0.4716058643187604,-6.403918606342236,0.20057422750815293,0.01932246761728378,-3.5050976971833956,565.7633710233881,0.03364051265175215,-0.0023830604005143524,0.15795142773945836,-256.2406383836975,0.18386672048657043,0.008521018026332263,-3.459379846212152,590.0926687854544,0.03621572000974273,-0.003333083294278944,-1.192973594802345,-107.6920984847343,0.1699122647528899,0.022214906001472686,-1.5663985004788135,179.17921899711993,0.03379973378427786,0.0,-0.7485361255277512,-268.7781500656894,0.15560995636072572,0.029985509512116724,-2.72789423067776,255.9143834328919,0.026320314933059835,0.014190084273467523,-1.5184322306074063,-518.1115050617678,0.15560995636072572,0.029985509512116724,-2.72789423067776,255.9143834328919,0.026320314933059835,0.014190084273467523,-1.5184322306074063,-518.1115050617678,0.2061869569543538,0.008087791954225924,0.17397792044676522,0.011993448673123719,0.1930958937250752,0.02710744670365556,0.15560995636072572,0.026320314933059835,49.530384336760655,124.18370808679583,122.23411570409098,47.58079195405581,80.50864881245273,101.63735911565676,50.17571896513369,148.48723540458067,163.48305355839514,46.22721016374034,159.6973573335521,162.83774688516004,161.41522784895216,162.21505620164163,27.607401566953786,21.168875512598838,178.8330511852893,160.00568390365825,171.4423673711845,6.216124397847684,0.8471668950332433,6.2471299442275345,5.608119421259751,0.20815637206549276,-1.071241979831701,2.609582838354202,-1.7740292418862988,4.389507774330114,-1.0771376739212704,0.6343782327877886,-0.4472340216489247,-0.40427655535337054,0.43231059161808894,0.2183795097572471,-0.4335577571608792,1.3427545641830274,-2.237579923918008,-4.877383725531006,-1.7194290763572924,1.8045531904462722,-148.0575989391648,-684.1412003004552,2062.4381451766935,5042.518951584381,27.295289402288752,-190.38717182923622,-456.65279831490017,652.6596541631855,-359.09873827523825,-95.45443218677558,49.48424472892069,-6.490647777117408,10.693248163132044,48.553064390212086,-6.7854773183800825,-20.527325491942587,-224.59496471062027,215.64324529962946,-137.3396196683375,62.860364686960075,229.53038433676065,285.34667624996484,227.58079195405585,260.50864881245275,182.1460079281095,311.97028896297576,343.4830535583951,133.77278983625968,154.07543250270757,171.23768561754756,189.82245776859537,207.6074015669538,158.83112448740115,157.66417567269048,177.6584917690322,186.2161243978477,0.8471668950332875,-5.399963049194292,0.20815637206545962,-1.0712419798316568,1.5383408585225011,3.3123701004089323,-1.0771376739213145,-0.6343782327878107,-0.18714421113888605,0.2171323442144845,-0.21517824740369285,-0.43355775716089573,-1.3427545641830274,-4.792259611442084,0.08512411408896593,1.8045531904462584,-148.057598939156,536.0836013612817,5042.518951584399,27.29528940229315,-163.0918824269585,293.5609158879603,-359.09873827522506,95.45443218677336,45.97018745785268,52.4608352349613,41.76758707183365,-6.785477318382833,20.527325491939298,141.16399031825352,-74.47925498138032,62.860364686965994
61,stance,swing,0.3065326633165829,0.21106429408550034,0.011739232348324974,1.1288936561462213,402.44946420668003,0.01772127609145918,0.0,-0.6468888544141153,168.48737817982277,0.20437483007460366,0.01220247443329241,-1.7526425327123145,410.9507360683652,0.009860827992512602,0.0,-2.0410022566640476,-77.27581549713803,0.20599181501955374,0.0,-2.137684269373034,-589.9062373849084,0.003809554378608665,0.0,-1.5434458908721629,-62.13758577851481,0.20338761363148716,0.0012899220658641269,1.9623075951569247,-256.8278972951643,0.000946848123173874,-0.0012597924993627636,0.14193144307549613,-153.86183481251962,0.1786892989292587,0.05280018219676747,-2.419860841349349,-178.80635619611104,0.0249539996541389,-0.006270716028219826,-1.9624949633985707,-114.00280139083026,0.17641542508750185,0.03608768827771628,2.195955792536895,540.6137750991812,0.01255060151307831,-0.009394775454889656,-2.0284485844714295,12.938339192965351,0.16630337858635422,0.02508286411287654,-0.6608477884194216,1042.226101218878,0.012059955149031076,-0.01660044959362338,-1.080646333912551,-462.9837399411567,0.17201088747290796,0.05631404289006008,4.905300567287991,1519.826062957268,0.006023651690342621,0.0,4.594175601971665,390.04245450505124,0.17844860305817084,0.0972224618080884,-1.7273478200852945,97.00025766747386,0.003998204830173671,-0.023796708242825773,2.36777247016118,471.1867215620728,0.23475796186047393,0.03345135120879728,3.5920365613247287,110.60974990211092,0.005290568299354412,-0.03619596640733349,0.22259347112079558,-259.9785879632189,0.21399178269403576,0.011012356556463704,1.2909671852028535,305.6729242198409,0.027085865203026763,-0.0047849517800913136,0.33613862558108193,-86.38298941037573,0.2006330861462315,0.010027496351430713,-0.5508626305508211,564.2719198195605,0.03362424609245036,-0.00553160009996893,-1.2341009238518184,-177.70641093332313,0.18386672048657043,0.0,-0.22596609947069793,449.67253794717897,0.03619022721698008,-0.015040302978195145,-1.1896946505727841,176.4946068302862,0.17002462608223795,0.01621347297386304,-0.8611444387798081,235.92893730194746,0.03379973378427786,-0.007522976135957248,-2.701287940358669,-190.98032664719958,0.1557539896935543,0.01904659377400149,-0.8765086345978033,408.48984158209436,0.026320314933059835,0.0,-3.901756264828228,-96.6553595765751,0.1557539896935543,0.01904659377400149,-0.8765086345978033,408.48984158209436,0.026320314933059835,0.0,-3.901756264828228,-96.6553595765751,0.20620463820278623,0.00808462664643858,0.1743735186268387,0.011917282567352916,0.19317136116051734,0.027051825921524886,0.1557539896935543,0.026320314933059835,49.6012753154627,124.64058495253073,122.74654648432714,47.707236847259104,79.61151081867021,103.16635771731158,49.38157446167743,150.86101571829016,162.53527835601423,46.38511680740082,159.69420562431011,162.62190185750265,161.50059017764374,162.13859029865532,27.65959523448732,21.687616864057155,178.04252961903015,158.81511145968048,170.56536744977012,6.974433845522393,0.23566407931166747,4.017179088254723,4.014046877472709,0.23253186852964225,-0.22269860516103337,1.1383516879473916,-5.603293747465779,10.25949438921664,-3.7405475589645243,0.26297509589926543,-0.43824206202013605,-0.12201550661652263,0.1223329821890772,0.4354060724066814,-0.26045658185840403,1.3023552209061129,-2.230789855950585,-3.1096877570666956,-2.239002858655346,1.61506853900323,-88.26543062626993,-79.43156794873218,331.3764553523814,322.5425926748338,248.4601763272106,-236.6021303397668,-759.6613825227251,1269.2830182528724,-497.7635897427064,-52.6971081746192,-2.4583873297104972,70.48323353033581,-120.96212201846338,79.07830493811625,26.556079054338827,-59.21332338432558,33.48854133434541,345.072512998169,-2.996578978911117,-128.78751952815549,229.60127531546271,284.960690362932,227.70723684725914,259.6115108186702,182.7778685359818,313.3962940743044,342.53527835601426,133.6148831925992,153.92067756828905,171.2987757107864,189.79818553314263,207.6595952344873,158.31238313594284,156.35491275497301,177.53980129529253,186.97443384552238,0.2356640793117227,-3.7815150089430887,0.23253186852970853,-0.22269860516101128,0.9156530827862919,6.518946830252247,-3.7405475589644803,-0.2629750958992875,0.1752669661208485,0.29728247273732694,0.17494949054824974,-0.2604565818584317,-1.3023552209061295,-3.7336220767188406,-0.6239343196521452,1.6150685390032453,-88.26543062627321,-8.833862677541077,322.5425926748448,248.4601763272084,11.858045987448227,771.5194285101481,-497.7635897426976,52.6971081746236,55.1554955043297,-15.327738026010504,105.63438399247045,26.556079054341026,59.21332338432448,213.2884144911037,-131.78409850706961,-128.78751952815412
62,stance,swing,0.31155778894472363,0.21115530733004048,0.021284655635725822,1.9029118625429127,163.50033821709022,0.01772127609145918,-0.00015818022413492084,-0.2764618406048071,-38.82433914904708,0.2044537120049932,0.009494579643929324,0.5353110664913173,508.025566296015,0.009860827992512602,-0.009438086706737197,-2.0356622617761055,-46.27227359805791,0.20599181501955374,-0.02148426401379943,-4.406901044408218,199.61210048923672,0.003809554378608665,-0.012538607409578734,-1.3356545108445625,126.82928174354969,0.20340057767235012,0.0,-0.32114916624610407,-182.47905478554398,0.000946848123173874,-0.0036965211902095824,-0.28686077801829,12.155327311044916,0.1787739153185993,0.030831962021031153,-0.2628776430825175,615.4100529700175,0.02489692948593121,-0.02174883926964557,-1.6122100355702613,-1.137231542898311,0.1765330666612306,0.05792785779582141,5.803731286162912,158.55990610451343,0.012466969255306867,-0.021459783741017417,-0.9115464957930257,-141.83700948183147,0.16637491738118926,0.04130386947836952,6.533530587522352,1397.3406328447652,0.012018044392109864,-0.027478164649782175,-4.080599251515819,-428.941366214311,0.1722306137713299,0.11511189191862625,12.617190026761001,536.0275626474643,0.006023651690342621,0.04617261911529332,4.594175601971665,-914.2409447923675,0.17866560406917048,0.08811956652868616,4.341509528060711,1183.9512518604572,0.003998204830173671,0.0,2.36777247016118,-235.59336078103902,0.2349890435231554,0.05340842282052849,3.7016469827094878,-353.0824293607875,0.0051706651155773165,-0.038643993685616634,-3.2930905317175925,-67.93560233332873,0.21407002115378393,0.019397791533539953,1.5002575111641714,27.12576876920199,0.027085865203026763,-0.0014066741360603775,-1.3397766121617363,-433.35046883552326,0.20067500636595625,0.013786159772551885,2.1659768738674883,449.0759574656132,0.03358491868089819,-0.014786084760834187,-1.6280426519924402,-21.02946197365697,0.18386672048657043,0.006250001951249862,1.0599421432067515,308.1151755660265,0.03606456118584127,-0.01528981345078939,0.5808415492206396,91.51917449348521,0.17007521423001415,0.013560188023786135,0.8047465980332316,507.7086329152284,0.033724125983916484,-0.027148622516167644,-2.6679363933388105,289.8262551793824,0.15580137941373076,0.021176377506108613,1.3775313128608944,281.2224460474424,0.026320314933059835,-0.025023546528826393,-2.4898428796182155,554.363090884256,0.15580137941373076,0.021176377506108613,1.3775313128608944,281.2224460474424,0.026320314933059835,-0.025023546528826393,-2.4898428796182155,554.363090884256,0.2062503530067344,0.00808462664643858,0.17451562344030389,0.011880759930772847,0.19324623086220183,0.02699174185038664,0.15580137941373076,0.026320314933059835,49.55003021696842,125.28868743106696,123.58819100438204,47.8495337902835,79.78059739729844,102.74986101173901,48.201031464388215,151.80109510389764,162.52833184075158,46.33226398444069,159.54967837684865,162.51008697708372,161.9765651121807,162.2157214924545,27.415684056991704,21.775908012001373,177.04521962849665,157.97947280355862,169.9826876013206,7.307151211616028,-0.03992286000464928,5.448822728662384,8.938536057967116,3.4497904693000176,1.4258452194367583,0.23167198066809347,-9.408817005933821,17.146121023102754,-6.07978681706407,0.10475905515342247,-0.471941431997774,0.3040976509816658,-0.7833891271604426,1.0131363433061575,-0.16666249028310084,0.7476457864511095,-1.9010116693014698,-1.4093182682629612,-1.7495454480046404,0.5102062605150556,5.922033702591494,452.46929414684433,839.0768671725718,392.5296067283224,282.7392124412723,-127.38912152816907,-526.6933184966535,914.6361546787513,-232.5927452689891,-35.3334802043282,61.943217407899205,34.18324998912759,-164.3005692181237,128.5215544946826,-25.01397246925144,-206.1787040365707,-61.511648840446455,256.042037479067,112.62216710173678,-204.04968789840322,229.55003021696842,284.2613427859015,227.84953379028354,259.78059739729844,182.53045840903744,314.32942694464924,342.52833184075155,133.6677360155593,154.11805763871067,171.60797066162695,189.6314055494462,207.4156840569917,158.22409198799863,155.26931161649526,177.28983881293667,187.30715121161603,-0.03992286000463823,-5.488745588667067,3.449790469300095,1.4258452194367803,1.657517200104896,11.066334206038595,-6.079786817064026,-0.10475905515340038,0.3671823768443294,0.06308472586261947,0.8464738530231505,-0.16666249028309532,-0.7476457864511205,-2.6486574557525904,-1.239339187489629,0.5102062605150556,5.9220337025848995,-446.547260444242,392.5296067283169,282.73921244127223,155.3500909131098,682.0434094097315,-232.59274526899347,35.33348020433369,-26.609737203569907,-60.7929871926887,103.50758202543498,-25.013972469247584,206.178704036574,164.61451668240483,-91.4275207966666,-204.0496878984034
63,stance,swing,0.3165829145728643,0.2112782102225428,0.030863974685439544,2.772113135714956,36.316836812664164,0.01771968634046285,-0.002778510960852314,-1.0370832177211184,-23.79796827070121,0.20447025298559793,0.017582485151798076,3.353142053177249,121.01262204870062,0.009765972849731325,-0.02045891720377982,-2.506050232523923,93.4394179183582,0.20577589276815877,-0.04429046275787124,-0.13153250566212552,876.9733078372268,0.003683538223738528,-0.013423663425573402,-0.26877974269579274,-52.15418428307068,0.20338761363148716,-0.0019377077456544849,0.12834724555348007,70.32192425931873,0.0009096971564380996,-0.004142815394018925,0.26409553665383617,47.13917961025362,0.17899916789429418,0.05015819583412912,3.765164816640736,371.3527066073761,0.024735418354946484,-0.022473831963599228,-1.9739244261412672,-193.4505427035151,0.176997614613088,0.0944166459275944,3.789522688059632,-334.10371279231947,0.012334925294575624,-0.018556046769392365,-3.4539461672033944,-419.2655765295735,0.16671849285246848,0.09074648810807562,13.382776662281643,283.3197993027819,0.011783792690239298,-0.05761149734755093,-5.391614838578964,114.68327600259272,0.17316779090927606,0.18311997280725523,10.292512252187093,-1085.7951195099836,0.006487698113611898,0.04617261911529281,-4.594175601971665,-1312.9617809895387,0.17933422684237874,0.14085572339663796,10.17165973630113,109.56573405953779,0.003998204830173671,0.0,0.0,-240.68293801401296,0.23529472992902195,0.07065383344708334,0.04346943207060691,-818.582993208274,0.004902186453267815,-0.0692923536607764,-0.46017640157597106,891.552243354452,0.2141867353727648,0.026090321492786932,1.563587976853123,-7.6996168396493605,0.027071727774523643,-0.01825004335960616,-4.019142468243243,-171.7778923982282,0.20077164051580487,0.03179610814909377,3.9624635751337034,100.00180321514077,0.03347564222550731,-0.021893837808435557,-1.445452300471485,66.91022963067645,0.18392953457653274,0.01065268485634919,2.8706688308411055,507.7086329152026,0.036036560750137975,-0.009202699468440012,-0.26990395214580337,-146.66558275418708,0.17016090937895942,0.024301378481734658,4.241454887001347,441.74920342692207,0.03352688330672844,-0.03433640722478933,0.21153874486123514,421.18581995447323,0.15596681760818856,0.032891129581648575,1.9498476070850164,-80.44514930520545,0.026068822003121883,-0.02502354652882612,1.6697320857672724,316.9799886586518,0.15596681760818856,0.032891129581648575,1.9498476070850164,-80.44514930520545,0.026068822003121883,-0.02502354652882612,1.6697320857672724,316.9799886586518,0.20622799240194667,0.0080197236425927,0.1750434586223011,0.011868007856709394,0.19338506123021204,0.026846970418881178,0.15596681760818856,0.026068822003121883,49.438226915736564,127.32310869300153,127.1564073754343,49.271525598169326,80.83101632700412,102.23805569928946,42.46154596504821,162.59227952677574,158.0152465344696,46.40511594331269,159.1131218593168,163.1276186094261,161.02395778653252,162.6112138611134,27.718971940298456,22.541445272099416,177.76095457034026,158.62328114995188,169.29235527290137,7.303872875387572,0.29518200597087807,8.564609180182776,12.446980215890461,4.177553041678585,2.61890151987686,-0.1419409907276658,-10.896693933361759,19.451817551817093,-6.078163089306107,-0.09213525791307585,0.18430283655171106,0.22153474453048597,-1.5289290200031096,1.7270799869260955,-0.5118532900920851,-0.7697925583558903,-2.848997381985219,-0.5364009482318685,-1.1071217822559891,-0.43568209314151235,46.290887137056785,351.54038577789845,116.55325100878527,-188.69624763204757,141.50146160073763,0.5909563606216618,140.01450427336476,-441.8994327398324,443.97734642782683,-36.25959007409117,172.8962162039616,-67.88758514714668,-77.77810423541546,83.62428054558825,-74.59521729288062,-282.3400470539749,-150.72715793937675,213.11965759787486,31.588412343705606,-113.09518082699472,229.43822691573658,282.1151182227351,229.2715255981694,260.83101632700414,183.06907202629355,320.6075260612454,338.0152465344696,133.5948840566873,154.48176219737053,171.3541435879444,190.33018580141186,207.71897194029845,157.45855472790058,155.21950929824084,176.59622814828896,187.30387287538758,0.295182005970867,-8.269427174211822,4.177553041678595,2.6189015198768817,2.476960529149194,13.373654462510808,-6.078163089306107,0.09213525791310899,-0.09216757863864626,-0.3137023231690881,1.2152266968340215,-0.511853290092074,0.7697925583559069,-2.079204823629356,-1.542803875397532,-0.4356820931414985,46.29088713704909,-305.2494986408361,-188.69624763205965,141.50146160073325,142.09241796135493,2.0779136880034015,443.97734642782683,36.25959007408678,-136.63662612987042,-68.74904098271497,9.029063252687303,-74.59521729288336,282.3400470539727,131.61288911459596,-81.50676848327893,-113.09518082699336
64,stance,swing,0.32160804020100503,0.21146549803039666,0.049145089160499374,2.267905197343559,-357.5567829721264,0.017693351358184284,-0.010581127135905002,-0.5156374011143681,207.94558409049458,0.20463042039847862,0.04319449977636413,1.7515183232621832,-502.6376988222504,0.009655210734183156,-0.03462452120446517,-1.0965726344559186,514.1684809417131,0.20554668474058016,-0.022806198744072054,4.406901044408169,291.93293000471726,0.0036746431884018965,-0.01523991135627013,-1.8598171669558279,-125.00225401888899,0.20338110322264505,0.0012899220658641269,0.38560384138524295,321.63145210056825,0.0009052117875555932,-0.0010422946911760416,0.18689982107973832,-123.03540274392032,0.17927801778929406,0.06867281444958143,3.469310363021781,-357.2212064513364,0.02467106182800559,-0.04158727571327648,-3.5564365954045924,283.94434449437756,0.17748197767557827,0.09601351295219979,2.4459050269436062,-93.96142583973976,0.012280476322951164,-0.056172810547081835,-5.125270883024938,560.776331060601,0.16728694238730057,0.17580413744099968,9.380965756394545,-1987.936666411456,0.011439034368516385,-0.08166524845459612,-2.9280035127962893,821.5286093358458,0.17407101550808624,0.2185542261114618,1.7046762628415206,-2061.4092813389207,0.006487698113611898,0.0,-8.601420186867978,34.042373726855104,0.18008123948019197,0.19034730257191404,5.44267268443798,-1799.1189440098249,0.003998204830173671,0.0,-0.051151529979664156,-152.96696409024057,0.23569913230151804,0.05384530153480595,-4.525317773152598,-148.21296337810077,0.0044742595511474,-0.043268882143666615,5.667233522096034,358.87112434553467,0.2143322354401436,0.03511224356221462,1.4228744273485996,-90.97852343205845,0.02690244768182469,-0.041800065776696156,-3.066187591038409,508.8551860281422,0.20099456524182654,0.053609914296508875,3.171020122260867,-336.02395621720206,0.03336488010995914,-0.02931324355954264,-0.9555780325886539,243.78702083193443,0.18397378264593073,0.03510094497477868,6.162541468987705,87.17532286236997,0.0359720717439474,-0.01800241598491808,-0.8931844081078801,108.11156913580527,0.17031944918962957,0.056187875330332517,5.244437084735985,-319.78578123580434,0.03337903646406935,-0.025022604979873814,1.5650869227865671,83.61448311331837,0.15613194353012924,0.04077283586877218,0.5690373499945044,-186.4220789056234,0.026068822003121883,-0.008242319536190415,0.6958856496144794,-277.7455004285761,0.15613194353012924,0.04077283586877218,0.5690373499945044,-186.4220789056234,0.026068822003121883,-0.008242319536190415,0.6958856496144794,-277.7455004285761,0.2062559265980251,0.007982104267081232,0.17563983856809023,0.011775295092651742,0.19357518472486293,0.026693586259011647,0.15613194353012924,0.026068822003121883,49.62446555906896,130.9140852207163,133.26567364153703,51.97605397988968,81.75230651957504,102.96587701479608,40.84191315067991,166.37608324366232,157.50018714002888,46.38818344167982,159.46315711168614,162.857362152164,160.53854695254384,163.49263675605067,27.260113585875473,21.60661337996524,175.83060777801663,157.7629014868898,169.6930206464354,6.768072264726162,0.4253121865989385,8.981891932460373,10.109925515341848,1.5533457694804358,2.8479704616552333,0.23761124057383884,-8.001636058462813,12.704920694059194,-1.6177029333672983,-0.25965893554096275,1.2657089821124003,-0.3781896369293591,-1.5650786169636164,1.8535813739150884,-0.9163631665934621,-2.089942626151666,-3.4158574777374238,0.7325878382483534,-1.4320739671633766,-0.6264287226708258,-10.472217025262541,-176.61006975624522,-550.4972405596297,-384.35938782865145,50.88636228501667,-57.12850113548309,727.273516472663,-1594.0741035001877,860.5584481770535,-32.44651276370724,166.5552658441944,-99.07178518900007,49.0653707421195,-39.01982445102483,-45.0825141825845,-125.08617832954016,122.84668652851994,331.32064364078695,-65.68574199040644,-17.7020367923163,229.62446555906894,278.7103803383527,231.9760539798897,261.7523065195751,184.71818353437112,323.8762703836912,337.5001871400289,133.61181655832019,154.148659446634,171.29129729447,190.75275034192617,207.26011358587547,158.39338662003476,154.2239943980514,176.4610929111616,186.76807226472616,0.4253121865988722,-8.556579745861413,1.5533457694803916,2.847970461655211,3.085581702229072,11.087217760691896,-1.6177029333672541,0.25965893554094066,-1.0060500465714597,-0.6278604096420566,0.9372182073215157,-0.9163631665934842,2.0899426261516325,-1.325914851585791,-2.0585026898341443,-0.6264287226708121,-10.472217025265838,166.13785273096192,-384.3593878286547,50.88636228501888,-6.242138850459811,-733.5156553231119,860.5584481770491,32.44651276370174,-134.10875308048387,-35.03696789149257,-84.10233863360769,-45.082514182587246,125.08617832953577,247.93286485806448,-83.38777878271809,-17.702036792316026
65,stance,swing,0.32663316582914576,0.21177213071661818,0.05365699174416888,-0.8214223715426113,-238.42711806825713,0.017613343354172348,-0.007960796399187694,1.0528221500225547,174.72350852573314,0.20490436856123978,0.03518568438056381,-1.6984931108654902,145.472421791138,0.009417987711998005,-0.031479747700824276,2.661472189000855,420.76634930345085,0.20554668474058016,0.0,2.802466790867709,143.10474300510649,0.003530373285484556,-0.03211529324422502,-1.5250838031871448,371.5671027179412,0.20340057767235012,0.0019377077456545063,3.3608241510868435,867.5398789733129,0.0008992218329086921,-0.002264425232413507,-0.9724411743403432,-143.07677829498763,0.17968934693398847,0.08502563666851903,0.17500193773281653,-631.3499377107005,0.024317455784963804,-0.05821691332444956,0.8797875788273638,661.8314716884257,0.17796257454225584,0.11899860599737949,2.8451867499717913,-489.0095634475762,0.011770374434805955,-0.07006630690029649,2.1819968585313134,690.6071583518269,0.16848536860564436,0.18502755098641316,-6.59648631672805,-1642.2182773695351,0.010963036424363956,-0.08703866833042834,2.864954099469773,755.0844582063124,0.1753643157948184,0.2002523975594314,-10.425168967299633,-1186.840938567817,0.006487698113611898,-0.04027381492358171,-4.252041192656537,1148.3987837897164,0.1812472650591819,0.1955559513809395,-7.90993769093337,-1758.290467305669,0.003998204830173671,-0.000514085728438838,-1.5373564230174999,-248.80202550475553,0.235835888738417,0.02517325281238367,-1.446108089317347,909.729304900836,0.004467323316145536,-0.012335232835690386,3.1465685667208754,-441.7678465670152,0.21453962224273682,0.040390566993777945,0.649230957435446,-57.17851052590289,0.026651626610938756,-0.049065999048434526,1.0949800044014244,670.6496769309366,0.2013104336243125,0.0636656571165398,0.5853383870211053,-393.74311780456236,0.03318103676259733,-0.03149763713093463,1.004668511909776,205.6245131545784,0.18428230789286218,0.07258777499692941,3.7468027289553802,-595.0144577579774,0.03585563194626945,-0.01817942718811724,0.8166444813798825,124.37770882730693,0.17072561164358588,0.07700928888109151,1.0275274373952599,-594.0823007555987,0.03327539983959403,-0.018606890412863966,1.0518853088141873,-163.901165728122,0.15637659485310085,0.03861009792330191,0.07625887436517477,89.91586444938673,0.025985984620848612,-0.018029720904559964,-1.121679978841545,12.94766076302429,0.15637659485310085,0.03861009792330191,0.07625887436517477,89.91586444938673,0.025985984620848612,-0.018029720904559964,-1.121679978841545,12.94766076302429,0.20640594042269705,0.0078652315461409,0.1765497741871778,0.011507353917583858,0.19384507649916918,0.02656950051606562,0.15637659485310085,0.025985984620848612,50.036770117995445,133.81064321926758,134.57135834124335,50.79748523997122,82.16398272300688,102.70513709992485,37.91653479465891,169.88925520398135,157.06332982429146,46.17003268414859,160.09911205590583,162.65733037720946,160.2973667285996,163.8452246068896,26.930933547246905,20.52708642993135,174.33546732383448,158.10504427000254,168.94246941379285,6.760867210107702,0.18993359365668122,6.789633604743118,6.9143446323765705,0.3146446212901115,3.130322246359442,-0.7160967810340311,-3.587412360772148,3.430972290508608,2.57066553558894,-0.41823086357847666,1.8582251063426167,-0.774161589027308,-1.035809716062208,1.3349209472173016,-0.9649438848919313,-2.026940079255797,-1.6143573163719478,2.7934547667509295,-1.7672799932148506,-0.6135920106522297,-13.500371563409539,-493.68606366909495,-396.6549142914033,83.53077781427766,56.67896299146458,-260.8390458312594,600.2086885375867,-1152.7978651856524,348.4290938082689,-29.002040857113165,19.357394597581106,14.153635371744096,68.39024110870344,-81.1482050580611,8.248974837135734,102.35030034021335,499.1693353094123,395.7395872610519,0.5589823336046872,0.5204653745586507,230.03677011799547,276.2261268987279,230.79748523997128,262.1639827230069,184.86911982293174,326.9525850282728,337.06332982429143,133.8299673158514,153.73085525994554,171.07352488273608,190.77615815413645,206.9309335472469,159.47291357006864,153.80838089390312,175.70333662390058,186.7608672101077,0.18993359365663703,-6.599700011086569,0.3146446212900894,3.1303222463594857,2.414225465325477,6.001637826097592,2.570665535588896,0.41823086357845457,-1.4399942427641181,-0.6658326537368542,0.369977062325398,-0.9649438848919478,2.0269400792557692,0.41258276288386553,-2.380872003867064,-0.6135920106522131,-13.500371563399646,480.1856921056821,83.53077781428316,56.67896299146679,-204.16008283979266,-804.3687713773836,348.42909380826444,29.002040857113165,9.644646259536458,-4.508989112212015,-72.89923022090667,8.248974837145632,-102.35030034021003,396.8190349692023,1.0794477081547988,0.5204653745633234
66,stance,swing,0.3316582914572864,0.21200476427908177,0.040889587938965646,-0.12834724555348132,296.6123581566785,0.017613343354172348,0.0,1.2403777599482646,-60.15209136344922,0.2049840453671275,0.026124217255103038,3.2135527131228567,554.1300516336129,0.009338831360305527,-0.007876056993401485,3.132234896232002,-130.69773330343017,0.20554668474058016,0.005359296641532872,5.845139667575059,252.87555160519986,0.0033518764221282804,-0.030567386765186055,1.8745255739279783,298.3834564612065,0.20340057767235012,0.03506704921246534,9.10459759991094,14.989084598177302,0.0008824537450187742,-0.010815572825249775,-1.2510577497241477,147.36470050598496,0.18013254680103796,0.07043162789413233,-2.8759151416083313,-32.25263228226968,0.024085967221729718,-0.03274518949390605,3.0951359843785364,-5.331938053586609,0.17867794356499916,0.1246083546604588,-2.468763952428987,-655.6419491926106,0.011576292334003466,-0.03424319387842557,1.8155045777973962,-380.9446021618286,0.16914651576404843,0.10950779254926093,-7.123740548826803,781.1662111328603,0.010564273882783443,-0.05287173991721166,4.6607850118902165,-164.80535802044537,0.17608360241823126,0.11377865860091342,-10.223373371005806,1039.5601321920572,0.0060829361545809285,-0.04273408233825637,2.9402761326265807,700.9168147981177,0.18204662592623155,0.11085044135650382,-12.228588293508322,754.3014463243496,0.003993038139435592,-0.015450818321783815,-2.5516743993741753,-25.46652930496763,0.23595212981722039,0.039311551893425674,4.61769031630298,540.2222691581661,0.00435028736184398,-0.01164507745300476,1.227355667151188,-118.98984135357284,0.21473817078681473,0.04163717780779695,0.8482160301033483,140.3455582779921,0.026409322063247462,-0.030795241611857795,3.6740101670614114,140.58791909867062,0.20163442109224403,0.05949271215601743,-0.7861971421065675,-5.611585154366337,0.03304832094281407,-0.01921607258557511,1.1109999890653866,-51.59489008161914,0.18470330802278428,0.07275725380850084,0.18249666740003148,-230.82071692883133,0.03578936393301155,-0.009794933759994691,0.356842816287156,-159.99542788816646,0.1710934118919521,0.06651478424887777,-0.7262393047674792,53.50581193649601,0.03319203254032198,-0.014450893333500144,-0.08216097397846708,-144.15808041777169,0.15651998471528805,0.04153925671666338,1.472714379636576,335.3994110256798,0.025887618777950427,-0.019515485152688278,0.8260128934639689,-1.61263161410796,0.15651998471528805,0.04153925671666338,1.472714379636576,335.3994110256798,0.025887618777950427,-0.019515485152688278,0.8260128934639689,-1.61263161410796,0.2064840180147849,0.007796626220406232,0.17721744689490967,0.011260501546506629,0.19410690438771727,0.026446157603198243,0.15651998471528805,0.025887618777950427,49.68621847001407,134.3174694808587,133.63824696985077,49.00699595900615,83.36753113086665,102.69325562868397,38.92312880514083,166.4520089186925,160.68564903571726,46.118783591764874,160.75021429383264,162.32704847407507,159.99946573720342,164.1837928484691,26.620695054654828,20.17986810332587,174.56977571241265,159.76326318866103,167.85865001513213,6.767994405293598,0.2896300603335169,4.020222950861462,6.123443964674505,2.392851074146537,3.4176082806649237,-2.383886707479002,-1.9693879324569568,1.1190125012386427,1.8840970044042245,-0.5511367330998871,1.4602556614850735,-0.23594204525353998,-0.877739510343486,1.038021524085334,-0.8334588968735055,-1.0612963915766642,1.6009197615531185,4.709870122278999,-1.426456054262827,-0.6211979148863168,9.734776554096749,-429.2033649444107,-27.90667104976056,411.0314704487502,-11.765845668746346,-225.71663221153122,175.1762280893738,-55.6921982184718,-356.9665077511807,-21.152769905284647,-105.44792144990778,99.71866525254742,46.89156157527581,-86.96526454473545,66.95572907211013,144.34226723357648,474.51095147297605,173.31928852327277,136.25651640666374,20.59287930946313,229.6862184700141,275.36874898915534,229.0069959590062,263.3675311308666,186.0607867595506,327.1376579544098,340.6856490357173,133.88121640823513,153.13100211440246,170.80395364032736,190.80448790312388,206.62069505465482,159.82013189667413,154.38990760908678,174.62664442042575,186.7679944052936,0.28963006033355004,-3.7305928905279564,2.3928510741465483,3.4176082806649237,1.0337215731859437,3.0031095056428674,1.8840970044042245,0.551136733099865,-0.9091189283851643,-0.6731768831316243,0.20456262721190588,-0.8334588968734281,1.0612963915766642,2.662216153129783,-2.0476539691491715,-0.6211979148862561,9.734776554100046,438.9381414985239,411.03147044874584,-11.765845668755095,-237.48247788028635,-412.6587059696437,-356.96650775117195,21.15276990528794,126.60069135519574,26.882026102657086,-20.009535472623124,66.95572907211672,-144.34226723357375,330.1686842393935,156.8493957161295,20.592879309461342
67,stance,swing,0.33668341708542715,0.2121830813491706,0.05236706967830474,2.15960635365015,132.29172177748882,0.017613343354172348,0.004505311740995925,0.4482785182290926,-168.02129967864815,0.20516692350852725,0.06748269657275346,3.8706531367085337,-706.7614392030492,0.009338831360305527,0.0,1.3479271306749177,-205.46604646417094,0.2056005470183845,0.05874512228718678,5.343929621070734,-1046.2343763291094,0.003223163368246504,-0.013275840239923646,1.4737449049656974,-261.0039606658733,0.20375301032775178,0.09344120121209652,3.511468217400184,-1067.599414823688,0.000790522608534322,-0.014837869953259268,0.5086110920514719,215.84095390061742,0.18039720249071342,0.056121966903611056,-0.149145120380448,376.98293490173694,0.0239883584031155,-0.02711001900908725,0.8262002617058901,-339.33311357568283,0.17921491981522528,0.09418690798301771,-3.7441795735720613,102.59319968174778,0.01142622173251022,-0.05182002973650348,-1.6465921079192414,20.087983401268275,0.16958594943528518,0.11343216858614347,1.2544303780746002,441.35769748592725,0.010431662153839213,-0.04019660790942093,1.2086188429828775,-235.5747176409797,0.17650781990136025,0.09750492649404596,0.02267155724369943,1032.9977468953086,0.006058209848905802,-0.010723301027837053,2.792348905817038,-383.666500608769,0.18236133984668446,0.07265556652155886,-0.32901863239715984,1516.060148667665,0.003842920223924587,-0.026159054566370358,-1.7933014411578792,168.0026565386356,0.23623097971222026,0.07158220071492638,3.983261449960728,-341.63554137158724,0.00435028736184398,0.0,1.9506907641723994,3.5608397490846992,0.21495808634130764,0.048915351215922186,2.0597390808323577,98.88321481231291,0.02634212669524169,-0.01214127375133475,2.5079239149408337,-312.5615644673933,0.2019083503293981,0.05576417830139839,0.5289405462737047,223.9600413914037,0.03298791040495336,-0.020331808095101555,0.48612690304927986,90.65226848129039,0.18501353657435465,0.07442191235773375,1.4269965286656079,-16.387320101756043,0.03575719040094287,-0.014593067225432238,-0.7913497687524507,-121.19905344917625,0.17139410193754445,0.06971040139599119,1.5652742910283879,-80.20278848457856,0.03313016473071463,-0.019432628844808363,-0.396939620007645,-88.64813092613677,0.1567940748201025,0.053411247467388165,3.4471072263820717,27.759635530795848,0.025789849091675865,-0.009728083784319035,-1.1378873317471527,-560.0492485987494,0.1567940748201025,0.053411247467388165,3.4471072263820717,27.759635530795848,0.025789849091675865,-0.009728083784319035,-1.1378873317471527,-560.0492485987494,0.20667589055095853,0.007741465172814675,0.17761344629785372,0.011149474472459064,0.19438318828582127,0.026392921447562067,0.1567940748201025,0.025789849091675865,49.70458636572453,135.6488907642754,138.72844004312384,52.78413564457293,84.62345764231472,101.27361206199998,38.18303621072883,168.4433960187549,159.270637474831,45.95201740091129,161.03616887753245,162.32055967307068,159.773666385521,164.22614830917206,26.69143935379252,20.466629386911578,176.2329667106927,161.44864311839763,168.0737303817187,6.2439638236648,0.2877705439491113,2.4760319470103287,6.633875576600081,4.445614173538875,3.01207254114591,-2.9846056474815907,-1.826847254346273,2.871251705398336,-1.0169375573877661,-0.6308215158928961,0.7984470013184133,0.22803605170181626,-0.5645377404312932,0.4608981879737255,-0.292021984669716,-0.5762640266570317,3.154596969788636,4.535357163969759,-0.39786776802224444,-0.4066283995018456,-86.0305450836343,-266.87387210236466,473.81958052071326,654.6629075394459,-144.45855803600892,-63.697136929749504,-67.62737007573348,341.75276008920935,-482.28108497923535,-22.533198642005342,-75.77808367403425,5.022685870149485,100.29883748476966,-141.87899329080935,134.86875225193367,89.28663989891402,230.20349869408963,-120.91299987813066,213.6936205164427,48.136238156855235,229.70458636572454,274.0556956014491,232.78413564457296,264.62345764231475,185.8970697043147,327.7140334935859,339.270637474831,134.04798259908873,153.0118137215563,170.69125404848558,190.91758766296456,206.69143935379253,159.5333706130884,155.76633732378116,174.3176942053835,186.2439638236648,0.28777054394910023,-2.188261403061184,4.445614173538809,3.012072541145866,0.027466893664297182,1.8543141480107028,-1.016937557387722,0.6308215158929071,-0.167625485425462,-0.39566153712723406,0.1688762033040592,-0.2920219846696663,0.5762640266570317,3.730860996445623,-0.8044961675240473,-0.406628399501847,-86.03054508364308,180.84332701873038,654.6629075394437,-144.4585580360111,-208.15569496576285,-140.52832489001287,-482.28108497923535,22.533198642008646,98.31128231604289,93.2885964458934,-7.010241038885038,134.86875225191991,-89.2866398989107,140.9168587951745,261.8298586733051,48.1362381568448
68,stance,swing,0.3417085427135678,0.21253106648690392,0.06259417440781123,1.2012177974363472,-104.49479996656918,0.01765862286915723,0.0045053117409958755,-0.4482785182290926,-104.80241177737318,0.20566226342313507,0.06502525380493729,-3.8895773291187963,-903.6329981052675,0.009338831360305527,0.005670949345039807,1.067249504632308,-114.45023675197599,0.20613708797964736,0.05906713202917808,-4.6697786874912985,-832.1179128829011,0.0032184508920787974,-0.01575588018261633,-0.7486298096486201,-370.2620829145859,0.20433968522222043,0.07035818707578353,-1.6250447601260511,553.4029691718177,0.000733329423880491,-0.005703903558400846,0.9181980683724954,-49.544144676421475,0.18069658666941596,0.0689326819606605,0.9128580734844767,-116.94841751835462,0.023813504719125828,-0.024441669275756455,-0.3152470666333286,-298.13177407061136,0.17962454565528074,0.08697840919742326,-1.437676518441579,159.6784945074044,0.011055488015043635,-0.05079185827962386,2.0173938582121513,363.76494860801654,0.17028653755888404,0.12211513303242266,-2.6879847951994242,-657.6367651777051,0.010160287873643536,-0.0407248168721577,2.2931999099708382,224.06257866161107,0.17706355142822167,0.11400651344758377,0.1585135324645624,-581.7591851841108,0.005975164284954426,-0.014670274239592855,-0.9156685971097653,-465.2209167468353,0.18277683262494068,0.1075437214329143,3.0081971202369533,-319.6925655355659,0.0037301330684167966,-0.033473948383671924,-0.8632054894381505,123.81841462587822,0.23667154891988296,0.07934433028499051,1.1841672874428297,50.37376440854846,0.00435028736184398,0.007959854850235301,1.263143001312843,797.1899900037347,0.215229782356824,0.062338073092544126,1.8420171839959338,-103.28299586346407,0.026287299211475254,-0.005589976135065667,0.5326879111077313,-292.21257710548645,0.20219486509527315,0.06480869754570287,1.4646575452442083,-214.1164634461821,0.0328439811629638,-0.014330375067491928,2.0220780642542286,93.59788460876514,0.18545126694095246,0.08709892746343148,0.017799982960273394,-213.98596146588685,0.03564269994079615,-0.017748197767556956,-0.8612381229005368,-45.10707734508782,0.17179401894115803,0.08224618415871071,-1.5322974804918814,-708.196960986687,0.032996729737861594,-0.018440236248149815,-0.9730969631858659,-375.2398013072863,0.15705678117224672,0.07618355044914628,1.7517056915038691,-494.2576073709214,0.025789849091675865,-0.03095153873808672,-4.802622770845032,-69.46433981721292,0.15705678117224672,0.07618355044914628,1.7517056915038691,-494.2576073709214,0.025789849091675865,-0.03095153873808672,-4.802622770845032,-69.46433981721292,0.2071675257779767,0.007737308636355512,0.1780896107873486,0.010946915592236844,0.19473304390438959,0.02631847441776944,0.15705678117224672,0.025789849091675865,50.45698840914578,136.02081680493436,139.68690837967785,54.123079983889255,85.19678729406806,100.27921168560881,37.17327253600358,169.75504876687927,158.547677676794,45.654103988999964,161.0487079206077,162.78654039189936,159.54594268895224,164.9049065926776,26.059798416863085,19.833669295855163,176.6987147934524,162.55565480114856,168.09754123920865,6.211849457240031,-0.574998533471847,1.338073482496006,10.8854497990535,8.972377783085648,1.9657634762829341,-3.0240589379287415,-2.6490599935196,4.553713607662834,-2.962949075789063,-0.7776010410597383,0.6986668808415183,-0.18546279027716359,0.13028900709137814,-0.3878980064755543,0.5220059498795874,-0.16394322676346407,3.9145227635037525,3.494664093353071,0.7212185237918594,-0.13741662687772468,-286.5898813392412,-432.58503881102115,1470.7407204352014,1616.735877906978,-186.98948847024258,25.801818270730433,57.50977336787897,-155.10047494197497,-63.59696862541066,-119.44642306004363,100.0371428839196,-112.89706354810562,100.56600885594628,-93.72015334525503,125.46048821352576,77.52414751072534,46.92710513001027,-165.9607359359426,115.33084162937935,102.16287727173462,230.45698840914577,274.43617160421144,234.1230799838893,265.1967872940681,185.4759989796769,328.3027264436733,338.547677676794,134.34589601100004,153.29718809039232,170.51064769849296,190.9647050095407,206.0597984168631,160.16633070414483,156.86504549759727,174.3093906964487,186.21184945724002,-0.5749985334719023,-1.9130720159678642,8.972377783085637,1.9657634762829121,-1.0582954616458293,1.5907645318739034,-2.962949075789063,0.7776010410597494,0.07893416021827525,0.2643969504954388,0.13410794340401652,0.5220059498795266,0.1639432267634972,4.078465990267206,0.5838018969141788,-0.13741662687776887,-286.5898813392335,145.99515747176562,1616.7358779069887,-186.98948847023823,-161.18767019951437,-218.69744356740765,-63.59696862541506,119.44642306004474,19.409280176111956,132.30634372421318,31.740334868262487,125.46048821351312,-77.52414751072259,51.53298296517451,217.49371890110834,102.16287727173338
69,stance,swing,0.34673366834170855,0.2128121685291486,0.06443961035605703,1.1094073590112594,1.7524551644502073,0.01765862286915723,0.0,-0.6050120523977782,-21.96161897602654,0.20582044364727034,0.028391467134373436,-5.211085537716303,105.93032175023727,0.009395825826084822,0.010726125674696609,0.19767349497666142,-13.777280495166563,0.2061941865362657,0.011812673166671011,-3.019064478254942,795.7824329301908,0.003064812813647344,-0.020799757924834433,-2.247482059000006,-447.14639247070943,0.20446012778579986,0.07710909307012609,9.07330710354913,2727.360886977946,0.0007331969446307957,-0.005609748663083395,0.010679989775877046,-35.82279360137139,0.1810899932641874,0.06529641990345508,-1.324506100464419,-186.93476525688624,0.023742713485771214,-0.030278331236557904,-2.1700989751846897,29.98749076648943,0.18008907468153104,0.07973789774742389,-2.1393705835478896,112.41813448678988,0.01091575079502656,-0.03154471457859232,2.0093370238196337,-16.704253482645782,0.17081323720445526,0.08641724602132501,-5.3549843473295,222.13301366671803,0.010022367511907979,-0.017149372633332004,3.460504055662396,-240.5058281835511,0.1776536140063611,0.09909802732283554,-5.824154424506184,-741.2326051509577,0.00591076990679934,-0.019926000496276946,-1.8832381971662515,89.59893106856084,0.18344218126812079,0.10288870340836254,-3.542009240794821,-592.646778971893,0.0035064986321288877,-0.034834486621025174,-0.5488952640133691,169.31699791192423,0.2370284101673458,0.08348337948319608,4.489530438991368,307.87281474548064,0.004430285903052375,0.012694904535807523,9.962650462702431,1400.5099666528965,0.21558459963872015,0.06742808673346934,1.021719021903066,-9.99272306550794,0.026285946030567664,-0.006787626403518333,-0.42888590521482134,-17.953343865808563,0.20255969402332477,0.0704843546355111,-1.622983709466828,-561.8483116133696,0.03284388653492831,-9.415489531330827e-06,1.426809160423808,314.26741178171756,0.18588890267951477,0.07460080665884203,-0.7236161493835155,65.56792354722053,0.03557881655403275,-0.023248726752070837,-1.244687229507104,114.21719750137899,0.1722206967532099,0.05431042671768076,-5.552283105822769,-236.6560197637718,0.03294483572319554,-0.029212497821550776,-4.168193904503001,-142.452233103448,0.157559738643712,0.07101632979406029,-1.5203059130241945,-343.47189066622724,0.025478778350589565,-0.05799564932045022,-1.8360214002618584,524.7018550685775,0.157559738643712,0.07101632979406029,-1.5203059130241945,-343.47189066622724,0.025478778350589565,-0.05799564932045022,-1.8360214002618584,524.7018550685775,0.20732173162462114,0.007713114613380048,0.17861762008493112,0.010819620066326797,0.1951403403176379,0.02626042484939437,0.157559738643712,0.025478778350589565,49.76312694177232,136.38466817167185,139.98278956520818,53.361248335308666,85.53811482698852,99.96324213511242,36.51049244603425,171.5463340886307,157.444530427436,45.54496121696252,161.1799443589927,162.59177323343556,159.77564465416037,163.92031752467472,26.98735901177407,19.877782826970037,177.6561290196885,163.14753177550156,168.01625726774756,6.614557149469353,-2.592529771018149,-1.8715563827486963,21.41518934981825,20.694215961548775,1.1327811997364288,-2.7252908909918365,-1.2488595823072859,1.3124529622629026,-1.6561030712109917,-1.8312880793104254,1.8038454222623332,-0.906607803053019,0.44617591641239246,-0.48101290092331406,0.9688874446119554,0.20287313425478412,3.626226167075173,2.8674100691361577,0.7612361679514223,0.6201341861437328,-425.66483127761995,-765.5370313387702,198.10853082526313,5411.602757358264,-83.6756928990545,74.24439394312955,389.8305070357586,-695.8619834917642,296.6001775000872,-247.88522612085347,319.24143087466047,-267.9854651086754,116.88017852560782,15.715759049662907,64.03332277959159,27.048741852188066,-138.0206000819302,-271.7431644548969,36.80689231014615,151.99695555652292,229.76312694177233,273.3784587701005,233.36124833530872,265.53811482698853,185.5013569621009,328.9908645160667,337.44453042743606,134.45503878303748,153.27509442404477,170.6833211906092,190.90767653644883,206.98735901177406,160.12221717302995,157.77834619271843,174.63081441721692,186.61455714946936,-2.592529771018083,-0.7209733882695635,20.694215961548817,1.1327811997364288,-1.5925096912554522,-0.3436501089481772,-1.6561030712109917,1.8312880793104473,0.027442657048025836,0.9340504601010449,0.48787454368860816,0.968887444611878,-0.2028731342547565,4.248780423231299,1.3813703540951414,0.6201341861437191,-425.66483127761114,339.8722000611459,5411.602757358268,-83.67569289905012,-9.43129895592716,-399.26180599170334,296.6001775000828,247.88522612085347,-71.3562047538202,196.6292603548552,79.74908182925616,64.03332277959763,-27.048741852191363,-82.93931658822946,188.80384786666303,151.99695555653005
70,stance,swing,0.35175879396984927,0.21317870076183917,0.07374399711144203,1.2188304121544398,-210.90984335806718,0.01765862286915723,-0.0015752113986803146,-0.6689983069328779,24.823340973327173,0.20594760480136998,0.012652534832913913,-2.824950979870176,305.0204143181546,0.00944663161834268,0.007657617636262544,0.9287843740276184,315.54446687499944,0.20625580831298074,0.028724775463801644,3.32803470879206,378.1760958647853,0.00300940809886438,-0.03834363956955116,-5.242563402319086,-2.72189844692297,0.2051146509817192,0.1615472031918556,25.785617420556942,765.543259773058,0.000676950040331914,-0.005596566977738765,0.5581699919768015,81.28409060738564,0.18135283209558134,0.05562106286051553,-0.9658832858812223,71.55237150252951,0.023509199882577506,-0.04625170922736147,-0.013865249884689769,594.1848380258874,0.18042593156229003,0.06547719730246951,-0.30784602108690184,320.28914601702735,0.010738455707721098,-0.030597516331687755,1.8495119136629468,102.9940271927375,0.17115505259427424,0.06829619486830685,-0.455492195533907,689.2928169784723,0.009987932369790953,-0.005945881639369646,-0.12394409187390713,-511.25082952428596,0.178059511501818,0.055472298125913325,-7.291060388650623,487.779116204336,0.005774902973434054,-0.03359729129654019,-0.015176827576486604,520.003783776616,0.18381088994562775,0.07194563861085564,-2.94805191465647,561.5127350925015,0.003380037725491919,-0.038990483700389225,0.8384728815359699,440.63061502410994,0.23751057785941257,0.12446523921957732,4.278366430613503,-595.62968137958,0.004477874342103352,0.10808699517890338,15.338620053100808,-1023.871929842025,0.2159074515702257,0.07260660597599207,1.74158780645314,-78.89776868126881,0.026219081860686125,-0.009900387242752332,0.3522522943659359,140.690456368934,0.20290325056899688,0.048497303480709554,-4.182059154387671,4.903145832504461,0.03284388653492831,9.41548953133093e-06,5.180544514321755,373.2170206121505,0.1862010237917951,0.07982640334902426,0.6767740889624926,-88.29391126527678,0.035409044395549205,-0.030257617159588208,0.2866734097766439,310.8370740129843,0.17233985237550659,0.02644434389918515,-3.9107499404292967,536.9783627898895,0.032703136794931434,-0.06033163227330579,-2.404777697893892,685.8438360696914,0.15777051312997598,0.06090409403684275,-1.7002731091617458,-165.70022874273457,0.02520697824423415,-0.04940401512262809,0.47076270723114727,159.13784344599387,0.15777051312997598,0.06090409403684275,-1.7002731091617458,-165.70022874273457,0.02520697824423415,-0.04940401512262809,0.47076270723114727,159.13784344599387,0.20762419121447728,0.007697903156674051,0.17896084353991829,0.010678105731803106,0.19543877821598546,0.026143333695405432,0.15777051312997598,0.02520697824423415,48.634361636856276,135.8932286531224,151.18863106346384,63.92976404719773,85.84875185710675,98.77953065681378,36.01939245006776,171.21566092410438,157.3932291397484,45.182525470255285,161.81339349250663,161.73544591452622,160.22256315368833,163.81952558313964,27.226546385883868,20.485500945479384,179.90899430261246,164.10144498477447,169.16203601915146,6.160012353207106,-4.853037038774579,-6.355766028446442,12.876490309860174,63.360345193721706,1.1248017386039908,-2.277884124429949,1.2688345495533677,-2.4398741661237713,0.017957230744489638,-3.2689098462944575,3.9071234725466626,-2.878784047650797,1.3049641681527684,-0.22995067934326308,1.1655569325890534,0.1079034250173217,2.5273810541376136,0.7635770134043467,1.0911370394717217,1.3901909666551757,-368.2121844209493,-843.9122930839466,-3754.036924791334,7896.797741761558,30.473443108681963,145.9578361722097,408.09454810941213,-550.952463452956,319.2891946244267,-227.50994829475414,336.0320497419983,-314.4055545553134,136.50799905152076,78.8341102145059,-9.458656157945866,-114.27560106711782,-321.0678102204214,-513.3308549914373,70.02201546165611,154.38660503059157,228.63436163685628,272.74113298373385,243.92976404719778,265.8487518571067,184.62828251392054,328.60889006385275,337.39322913974837,134.81747452974471,153.00408103723805,171.26863512271183,191.0460719690235,207.22654638588386,159.51449905452063,159.42349335713305,175.3220483723586,186.1600123532071,-4.853037038774545,1.5027289896718081,63.36034519372173,1.1248017386040128,-1.1530823858260022,-2.4219169353794143,0.01795723074444545,3.2689098462944686,-0.6382136262522825,2.2405704213985147,0.9356062532457904,1.1655569325890534,-0.1079034250173217,3.2449050195312275,2.4813280061268808,1.3901909666552033,-368.21218442096136,475.7001086630159,7896.797741761557,30.47344310867538,176.43127928090266,-231.66326882851607,319.2891946244223,227.50994829475303,-108.52210144723651,205.88345310806815,69.37545405656499,-9.458656157936518,114.27560106711505,-288.92223449918964,224.4086204922475,154.38660503058702
71,stance,swing,0.35678391959798994,0.2135533142287611,0.07668916223700609,-1.0102895591602556,-409.7389319652872,0.017642791598818736,-0.006723601074702245,-0.35553123859549673,184.10100796967853,0.20594760480136998,0.0,-2.145553735523815,192.86328379201754,0.009472786807353792,0.020060641996582158,3.36897466959975,46.32820301820622,0.20648287774695717,0.045260258179656315,0.7817003043056887,-572.735905401158,0.0026794496018930636,-0.0734888373451264,-2.274837822285664,966.3112349451682,0.20608371776762754,0.3362610269450685,16.76720921182102,-3972.610783314729,0.000676950040331914,0.0,0.8276055235184407,149.4713753313146,0.181648998921077,0.05558905019610618,-0.6053867888812127,3.691341729406256,0.023277872187003765,-0.030417680481630162,3.8016079396483096,296.1462796555294,0.18074713696597797,0.07664396788725404,1.0796158085830168,-152.91103467009557,0.010608238068074927,-0.012956655144793987,3.0444528750029183,211.9165729206406,0.1714996311227297,0.08183943501093402,1.572581652454094,201.92384985515278,0.009962609907492204,-0.01839504189839639,-1.677695236038936,125.82255218097758,0.17821112454028987,0.025821038492176512,-0.9218517490857543,1341.3739264220026,0.005573108687738637,-0.020078531426693896,3.3429304840057346,266.69943995040194,0.1841652530129535,0.07326004094950374,2.101334830486564,608.642593132719,0.003114634474336034,-0.026407623490010457,3.8795531281887112,252.76369276484158,0.2382793170941757,0.12648203707730135,-1.4966975145722101,-54.5311846391637,0.005516587362136824,0.16685188999410605,-0.32751968646357943,-2402.25248925846,0.2163143142716447,0.08493148177319927,0.22877662309634958,-484.51656669609434,0.02618644465124352,-0.0032474023395391016,0.9850885306538528,93.39281006827152,0.20304710410855803,0.02845360936528353,-1.5737058619039694,563.3770490972679,0.0328439811629638,0.052056358523752295,5.177733990696653,-1030.8351426497925,0.18669117809005772,0.08140255629665598,-1.6109921419993565,-319.2264870343604,0.03527471989916252,-0.020367586955320666,1.8793034640907074,-9.12581705329511,0.1724864690537042,0.015006407215879041,-0.1555156405977855,744.2714369787741,0.03233848766014724,-0.05338111790088621,2.724708970569228,326.7862803237048,0.15817184009131846,0.05392815784268608,-3.185634845111968,134.5475417232701,0.02498225558553803,-0.053264365830689976,-0.2366460892468557,-54.95065529019629,0.15817184009131846,0.05392815784268608,-3.185634845111968,134.5475417232701,0.02498225558553803,-0.053264365830689976,-0.2366460892468557,-54.95065529019629,0.20801687863617896,0.007617994512099376,0.17925442891260562,0.010507292664929113,0.19583170378490986,0.026190412720198657,0.15817184009131846,0.02498225558553803,47.04858959606352,132.54334478988827,164.22169124531072,78.72693605148594,85.92838499455229,98.06532326167098,37.17949770558891,169.25006071219633,157.56414983843806,43.260025728185404,163.38764600682833,161.80547925229618,159.86781969759332,164.48057427003917,27.19845504505758,20.165263296163445,179.28703257640638,164.85633519893713,168.32427940990635,7.367089518586658,-6.293154740072891,-10.353086966506897,-16.313824969692394,100.05901738628752,1.4390469596226776,-1.25837796463798,2.852593162510899,-4.224757725706467,1.55283355818021,-4.117820222976281,5.181051952332646,-4.066462622704389,1.8181156053723908,0.31128971429784547,0.8738255736778268,-0.9456253689323219,0.3994140040558843,-2.2916940011295086,1.464975016812283,2.1717583573054466,-161.12337502166338,-445.7965542887689,-5615.23002740332,3600.3514562097575,36.3892745714482,322.2001016691388,231.41660282408864,-52.79688999631452,179.96966341280736,-90.52271716491123,108.50393309841584,-78.81088758823013,25.979505625705627,59.07637047035829,-24.226204441337856,-194.986464203508,-356.6531853377006,-535.2818994749628,128.71348124310174,80.6416464058852,227.04858959606352,274.5052448061752,258.726936051486,265.9283849945523,183.99370825622327,326.8142105506344,337.5641498384381,136.7399742718146,153.35232826498626,171.54684901269007,191.67902931509673,207.19845504505759,159.83473670383654,160.54770412743017,175.69136892849303,187.36708951858665,-6.293154740072946,4.059932226434082,100.05901738628755,1.4390469596226114,0.18066899498476385,-2.6719241675262126,1.5528335581801658,4.117820222976292,-1.063231729356354,3.003230893347947,1.1851152879756888,0.8738255736778433,0.9456253689323219,1.3450393729882062,3.6367333741177146,2.171758357305387,-161.1233750216678,284.67317926711866,3600.35145620976,36.3892745714438,358.5893762405958,127.17277341651045,179.96966341281615,90.52271716491339,-17.981215933493615,60.82967165473211,34.85016602902647,-24.22620444133621,194.98646420350363,-325.9267718259681,209.35512764898587,80.64164640587973
72,stance,swing,0.36180904522613067,0.21394944611095482,0.06359033320028364,-2.8991488035771074,42.338571047984374,0.01759104898900947,-0.0051483896760220055,1.1812630796970651,143.70132348661124,0.20594760480136998,-0.008910819292953667,-0.886626519648886,301.7019353896858,0.009648246110770642,0.04151665954178781,1.3943944546126075,-590.5307825765268,0.20671068527961045,0.036581059929185485,-2.4281050439834226,-371.20356148697056,0.0022708268190138603,-0.06120633125081421,4.46910730064747,412.6006539625698,0.20849415879021235,0.3300618686372937,-14.14011909516915,-3360.929358354285,0.000676950040331914,0.002721076474707912,2.060394869678462,105.44560010899902,0.18191151601715025,0.04953677352502593,-0.9287843740278929,150.22642250326737,0.023203494551103834,-0.00804459425602151,2.9624792692663724,-318.70447911308315,0.1811962226968353,0.07632760743898229,-1.8446403393793263,-235.66793334115275,0.010608238068074927,0.0,3.9793267168854745,159.2403807162466,0.17197755947880625,0.08410103559648877,1.573893230146029,102.3135525809921,0.009803057576842245,-0.02280714029302737,1.1406041712515012,100.60770526669417,0.1783190194263625,0.04620745642655897,6.19008460051529,709.5579102102296,0.005573108687738637,0.0,2.6652195538345995,-34.97453072922543,0.18454717176421573,0.0930645816308212,3.1689590716020386,-153.3025406111231,0.003114634474336034,0.0,3.3788115022881575,-311.2658662340858,0.23878175411144575,0.10942305314347464,3.7303143236872325,856.4472106449347,0.006154777759129551,0.10479534003856589,-8.80462104497427,-331.092845674676,0.21676103430161464,0.07490586851967398,-3.1279254266734577,-125.3564736798505,0.02618644465124352,0.0,1.2908735010822365,18.680426327650775,0.20318921649226607,0.0326811641650917,1.4800217410622813,468.5580388152832,0.03336706601757909,0.052046943034221534,-5.179607673113388,-1031.3478290011374,0.18701913993548008,0.06363552755003568,-2.531532313392902,186.0958239547676,0.03520434502916407,-0.011370145158676494,0.19495665547217003,-263.28774532165323,0.17249067053848025,0.02488137263689584,3.5693650040810274,413.8963521959083,0.032166643147686344,-0.03294762251884107,0.8795065264649641,-323.97116617649215,0.15831250466608338,0.02888766343270223,-0.34803650892786975,784.4660469212791,0.024671657984629225,-0.051782367778375395,-0.0815051851326369,113.96551511073497,0.15831250466608338,0.02888766343270223,-0.34803650892786975,784.4660469212791,0.024671657984629225,-0.051782367778375395,-0.0815051851326369,113.96551511073497,0.2087754737455369,0.007546767989781471,0.17959029787667402,0.010460506671619135,0.19609238667422837,0.026291822431571965,0.15831250466608338,0.024671657984629225,44.78785117769534,128.88248483990577,137.6922845798593,138.21308175793027,86.74962443537825,98.24206081383352,38.696192841970245,167.83641282888468,158.4590795783568,42.29196195612594,165.59060481589037,158.599703436557,161.70810752243244,163.94740753306587,27.86221473592832,19.732593173852674,179.4338896575409,162.1659390219725,169.67447026987782,7.860887191837894,-6.472367441002358,-10.836133408233083,-43.55798232735936,99.54478193954857,1.4905230910808587,0.9603078521443246,3.59462955281055,-2.970496176136985,1.8266975665516068,-4.178685898203117,4.997615262480495,-3.670853269643063,1.5660647272050874,0.36378168719300374,0.9220774909675663,-1.851759531801863,-1.0570730698593933,-4.616140569258619,2.384739866035564,2.200659774754528,72.13991294678151,225.82132529878876,-2978.47776942074,-3286.3104427198614,-40.47787022798522,546.7056462397713,-2.9093465535496628,661.8971573844112,-152.76003481907446,29.77922295253257,-128.1462489655605,204.5693028458047,-113.2901599209079,20.345557451360836,-13.257674363239602,-91.65111746878917,-62.277791148788886,-101.74690522576427,80.34756568440913,-6.124719059586629,224.78785117769533,275.9053663377896,318.21308175793035,266.7496244353782,184.9916852492118,326.2954924072415,338.4590795783568,137.70803804387407,152.11743322798367,173.51772979142663,191.8096222689942,207.86221473592832,160.26740682614732,159.7012964836882,177.53535746171573,187.8608871918379,-6.472367441002369,4.363765967230802,99.54478193954861,1.4905230910808365,2.4508309432252275,-1.1437986095853339,1.826697566551651,4.17868589820315,-0.8189293642773448,2.851923905365674,1.2858591781606308,0.9220774909675828,1.8517595318018187,-0.030740928468465864,4.585399640790064,2.2006597747545005,72.13991294678371,-153.68141235201819,-3286.310442719864,-40.47787022797424,506.2277760117751,509.137122565328,-152.76003481906568,-29.7792229525369,98.367026013028,-106.20227683276356,7.087883088122351,-13.2576743632341,91.65111746879192,-27.52405860093453,74.222846624821,-6.124719059579338
73,stance,swing,0.36683417085427134,0.2141924130548946,0.04755198833170872,-0.5847762822960939,722.6826808037104,0.01759104898900947,0.005148389676021948,1.0887031683051092,142.18190757270798,0.20585804882857647,-0.008910819292953568,0.8866265196488861,293.9277459898541,0.00989003966707025,0.03407465661580425,-2.566008069862791,-92.3954020757001,0.20685052659046657,0.020857192410978866,-2.948988755864845,35.10503270955777,0.002064310594347196,-0.02857318608233806,1.8719024185441562,-571.8689993889136,0.20940092247755007,0.194149277244877,-17.010975294251974,376.7405740811784,0.0007042975425902848,0.02070748612742159,1.8873602984832478,-331.40045748543287,0.18214685594142901,0.04625453387421787,0.9044265026089013,385.91299898455986,0.02319702199347591,-0.000644019483978378,0.5985478480595555,-342.20415714303937,0.18151424859853055,0.05810486899901973,-1.2889061345441304,718.5998331332629,0.010608238068074927,0.027036578190738153,4.644858711347094,-176.19631658948705,0.17234486766138787,0.09765745742446184,2.6008585628158167,280.6351871359318,0.00973339241711002,-0.006931683393356256,-0.6665625197907604,-359.78463820784935,0.17867552108729046,0.08803294402499308,6.209383529408967,241.8947421171142,0.005573108687738637,0.006707594742497879,2.9914276626064864,-100.35602287602295,0.18510057544140396,0.10510887583997627,0.5606057791185031,397.7886791948175,0.003114634474336034,0.007550281055598936,0.7512529650320908,-410.9414144983629,0.23937904627149706,0.16397263329526324,7.110812140150693,-420.96210227389236,0.006569806860011851,0.07836323627577227,-3.655085974651256,628.3390705929634,0.21706713707083738,0.05349504532422001,-1.0310874339875666,770.7074095662153,0.02618644465124352,0.009726200686412938,1.172831508821196,-177.2589755722304,0.20337555801976498,0.04332819972771842,3.135420156340051,334.08506965227696,0.03336706601757909,0.0,-5.187570823385061,479.1380207923503,0.1873307311307616,0.05596002048366216,0.2593176464907579,166.20359352398094,0.03516044708349743,-0.01840822358374108,-0.7668045290917194,102.36948200115972,0.17273653310030618,0.05087942233227104,4.004246693029406,-103.33892528366495,0.032007355775535776,-0.04454185632837407,-0.531282649294993,258.4778151893959,0.158462168367024,0.05043030348160198,4.698446028468673,182.29262338500016,0.02446182977872019,-0.0540835134199627,0.9087359721675583,420.08587469171044,0.158462168367024,0.05043030348160198,4.698446028468673,182.29262338500016,0.02446182977872019,-0.0540835134199627,0.9087359721675583,420.08587469171044,0.2090754777378719,0.0075624241982543,0.1799564137460084,0.010445279128147106,0.19639186232669856,0.026292158361097977,0.158462168367024,0.02446182977872019,42.738143739759586,125.51034098651412,125.2968249389077,151.93097781433772,87.1232116147727,98.32685027740871,38.76157795000368,167.62726699345032,159.06121694872738,41.32194524656439,166.35305696445351,158.70265704320389,161.43091488405076,164.33019196173635,27.861233899991063,18.997112428536735,178.8212257263929,161.1241112800069,170.0345833855272,8.665418632322,-5.568130489351474,-8.083525908227628,-46.24827491361923,67.03077173081175,1.032234193512276,4.2361511432993835,2.823353498656129,2.42747501182526,0.01755682633022563,-3.8185315500865085,3.89314995267878,-2.0104897297817423,0.6795210333029725,0.5157676786331289,0.740582615253309,-1.8667421274126088,-0.22649344467565805,-3.3142759631974843,2.2724882397711634,2.110203391882466,177.21029491152376,601.4243620845806,1339.8423462979702,-6900.548261144368,-19.824459898386653,536.0703303860316,-133.3938068903468,1015.6069539659085,-365.96727658792105,65.24618073358388,-222.4792479448493,353.89414750738774,-186.375317760798,51.35330947399133,-61.63907200930846,-17.84720384251837,170.11631731266723,524.8005642590165,-205.72781943944034,22.1470622989602,222.73814373975958,277.22780275324544,331.9309778143378,267.1232116147727,185.4500618921814,326.6884839421777,339.0612169487274,138.67805475343562,152.32499778898207,173.62234074577816,192.19142586172745,207.86123389999105,161.00288757146328,159.82411329785617,178.70000201784924,188.665418632322,-5.568130489351507,2.5153954188761207,67.03077173081175,1.0322341935123203,5.268385336811615,2.4450318381554417,0.017556826330269816,3.8185315500864756,-0.07461840259226017,1.9358713271895265,1.2563502938864657,0.7405826152533809,1.8667421274126366,1.0684156684562027,4.382691631653599,2.1102033918824796,177.21029491152808,-424.2140671730656,-6900.548261144386,-19.824459898384443,516.2458704876383,649.6396773779785,-365.96727658792105,-65.24618073359042,157.23306721126326,-196.6610802961157,-10.285762535330868,-61.639072009309004,17.84720384252824,341.2198071185259,-183.58075714048175,22.14706229896736
74,stance,swing,0.37185929648241206,0.21442735554142425,0.05771318463449372,4.363993717063229,704.2073290165413,0.017642791598818736,0.005793350708954012,2.6102269749001668,402.62657403714445,0.20585804882857647,0.0,2.06742117874162,186.05853767465794,0.009990704971230988,0.015727633714020958,0.4657974488266727,538.5071002737849,0.2069203053038414,0.006942981980794957,-2.0752906448923882,32.01027146163296,0.0019836591196938785,-0.04239324161720452,-1.2783198288893751,161.93431445313854,0.2104454078077488,0.1590972928156651,-10.353781667217591,463.2074576217675,0.0008850654787984635,0.021689521685594907,-1.2702629944967565,-360.5676500898489,0.18237638570432832,0.05862648711908528,2.949738228832022,79.97907080402538,0.02319702199347591,-0.002029037994116403,-0.47675849096519407,-176.97000690146427,0.18178019122948877,0.06337377694105127,5.3774685363318895,1521.9140946425339,0.010879962472001944,0.04668199709896598,2.208509464729818,-631.4058671307869,0.1729590414629717,0.1102403176348388,4.394347372215708,946.2325731139987,0.00973339241711002,-0.02950626109494459,-2.475321840887704,-217.92898558599927,0.17920377263264384,0.10861332104373479,8.621187536365694,701.504073709611,0.005640521700226053,0.030064599624185923,1.65661630884944,-595.2941048586915,0.18560354237567278,0.09869881056668557,7.166835244414292,823.6725704412964,0.003190516696000345,0.007550281055598936,-0.7512529650320908,-641.2960529260179,0.24042972027521725,0.18088850178820554,-0.5004605735378344,-878.9494806823169,0.006942347972956411,0.06806080763001039,-2.489655511376621,908.5547870778372,0.21729867294808922,0.06454318074090443,4.617877684544821,56.264996663610916,0.026284195411910988,0.011787251344936694,-0.4906237408497351,231.40797584035525,0.20362467578601198,0.06419292453031848,4.837660632039954,-89.58028792843022,0.03336706601757909,-8.94471505531662e-05,-0.3641501777128617,481.70145254890974,0.18758155220164754,0.06624173505245537,-0.8611444387800212,-260.27687820403503,0.03501933775696567,-0.019076723340502852,1.2237956705592068,254.54411263935512,0.17300202151669403,0.06512505799397547,2.530782840426099,-321.53823640027383,0.031718986300164995,-0.03828714663235861,3.4772735132930754,412.9175873433964,0.158819341887004,0.07610822653289011,1.4840501582580694,-698.97792823316,0.02412810508593613,-0.04264934293247025,4.140463404733818,264.83512594563666,0.158819341887004,0.07610822653289011,1.4840501582580694,-698.97792823316,0.02412810508593613,-0.04264934293247025,4.140463404733818,264.83512594563666,0.20941277937039773,0.007625555292135516,0.1803845866810211,0.010528283055762856,0.196792664102444,0.02624333975758555,0.158819341887004,0.02412810508593613,41.7637219305274,124.20669344546745,114.86660637097938,162.69042211408052,87.22882018318965,100.17694596151254,40.647074083714536,167.70689000106955,159.0518020599181,39.901880347518386,167.48141757519187,158.49682894083423,161.3648619163713,164.59834473587387,28.15666648421029,18.454716963497027,178.5486958599662,159.8592355693037,171.57139625138282,8.663347075782642,-4.6913594519418105,-4.791667457634257,-30.0922301032591,30.192538108951606,1.291282288081997,6.34794936356175,2.2539882775306768,7.236608888847063,-1.851365514734048,-3.522945388317849,2.761642921326221,-0.11412816906628648,-0.3070540442602272,0.8798953502481952,0.30258933006999117,-2.0311284146412443,0.6526386619262144,0.6582369609827754,0.3171235902622855,2.4232433154475963,124.20766572533653,657.1665906023125,2577.5544281181824,-4928.089942127624,356.8493197178544,85.70288134125711,-84.29735857382754,628.1733358474086,-557.2625997466118,32.07650472834837,-158.92348538259355,263.22891813913327,-91.73869568918052,26.6004930786538,-71.2437348743537,-102.98129187109518,119.17460759804959,631.8300233181316,-301.24363705931427,-5.639481676224548,221.7637219305274,277.5570284850599,342.69042211408055,267.22882018318967,187.40576614470217,326.75869206098764,339.05180205991815,140.0981196524816,152.61670207728972,174.11987313645548,192.75501122008416,208.1566664842103,161.54528303650298,160.09397889646917,180.23474332716546,188.66334707578264,-4.691359451941778,0.10030800569243549,30.19253810895147,1.291282288081997,7.639231651643725,5.385243374112971,-1.8513655147340038,3.522945388317816,0.7613024669916395,0.8754306360579702,1.182484680318109,0.3025893300700022,2.0311284146412993,3.3986038666926133,2.7403669057098377,2.4232433154476407,124.20766572534536,-532.9589248769627,-4928.089942127624,356.8493197178456,442.5522010591158,526.8495596329524,-557.2625997466206,-32.0765047283462,126.84698065424297,-136.3819374848947,-44.64324179570541,-71.2437348743636,102.98129187108968,324.94690458258276,-306.88311873553585,-5.6394816762215
75,stance,swing,0.3768844221105528,0.2147724450612714,0.09141122166902779,6.4926843108350045,-49.702611366874365,0.017649273619250214,0.03138182660969208,5.135201399834217,-202.95854412777356,0.20585804882857647,0.011867283005957279,2.7565615716555065,280.9521205167585,0.010048106337562923,0.03875603801104721,2.8461235911802962,-318.2943300320569,0.2069203053038414,0.0,-2.627277484893658,13.814566775241621,0.0016382478645260434,-0.04142062154856299,3.499382965811887,499.88783566529423,0.2109998902445417,0.09009117003665953,-12.355623961369869,138.27616973271657,0.0009222826851590787,0.007941023871172728,-1.7364351798067064,47.77304637185013,0.18273606686724897,0.07590014421423832,1.7082362594332805,-398.8326950375203,0.0231766296518265,-0.005435562106744169,-1.1800451861260226,-467.1225170316669,0.18215117097984765,0.11214977891190328,14.00671290708944,973.1346242025605,0.011077403868064536,0.04923265321314848,-1.7009288980075752,-707.1622667140927,0.17345281055219028,0.14182175262260985,12.110733669489212,1486.0819794711372,0.009436847079472385,-0.031809289834438814,-2.856803580956592,-539.5324729764162,0.17976711225355915,0.17467804489299038,13.25967572749554,208.72859597247353,0.0058752654678812105,0.023357004881688303,-2.9914276626065193,-878.6418688715581,0.18609252328629527,0.1771373707587132,8.838722064960715,179.10464643688252,0.003190516696000345,0.0,-5.693933496535956,-459.63729630259445,0.24119702116384084,0.15894287878734528,-1.722850982284691,71.49644208235648,0.007253835077398893,0.053341572844851345,5.476117915578303,1189.2925114840552,0.21771581225416306,0.09990587632467067,-0.4656100805844394,-710.7883574533635,0.026304909488881076,0.004795308818576383,3.498539808724274,466.02257176890646,0.2040207130401702,0.09194790457234128,2.235115755049291,-322.675467943204,0.033366167051241874,-0.003659800781033802,-0.3463501947527815,72.46588536485996,0.1879964772116908,0.047305302505973465,-2.356530375660359,186.8601926967624,0.034968721220778806,-0.006108769608271613,1.7914277587410066,-61.28932290635072,0.17339105629622553,0.07631442575363898,0.7727066287050314,-205.63383472460555,0.03162256033199448,-0.009594383832966126,3.618642851643682,-335.2782306153453,0.15922707516634954,0.06534538044901983,-2.3264577728696487,134.91108295422552,0.024033193166333552,-0.012470815884949284,3.570395529410149,-663.1924209119098,0.15922707516634954,0.06534538044901983,-2.3264577728696487,134.91108295422552,0.024033193166333552,-0.012470815884949284,3.570395529410149,-663.1924209119098,0.20963767235955774,0.007564477626624565,0.18083993678782825,0.010551332552648996,0.19725802585540667,0.02625823105610478,0.15922707516634954,0.024033193166333552,40.45371250701171,123.25475674333865,107.15296858048747,170.04598718318564,87.23238510877137,103.44843555792883,40.10599052052275,173.57307317974184,157.00175696643558,39.05355230892846,168.22229238220172,158.43521074487646,161.38494532270863,164.72063137461632,28.183367866668338,18.21832205908144,179.78095647044458,161.43759066669526,170.35310172383865,10.210029079940101,-4.319812240855624,-1.4788365554405398,-20.343205284290647,17.50222959887562,4.6186595173098235,5.097486634166293,1.9761438647483107,8.740774869588188,-5.583072316851827,-3.4961546181433074,2.2959289940597425,0.6350270354356888,-0.2424759082968356,0.7831093176145753,0.024565179330153147,-2.90172998541357,0.9712413050534888,3.0357745224119066,-0.7550860020310031,2.053525184081214,107.55987506288298,700.9721836074615,1667.3606965178408,-2260.7730050624295,907.6022106897323,-508.50495212196086,242.36651267695902,5.194162641492053,-304.4022402828309,-12.31984805624772,-67.63363115595604,139.59219529994638,-12.540697979653075,-66.21239226910642,19.11437416101794,-204.08144719094062,-88.48721768719902,235.69939847864399,-45.06482519886336,-171.39924481844963,220.45371250701172,277.1989557636731,350.0459871831857,267.2323851087714,190.68082066670019,330.5748301461774,337.0017569664356,140.94644769107154,152.72415530886983,174.28894456399334,192.90399924128465,208.18336786666833,161.78167794091857,162.000721470474,180.56313080377873,190.2100290799401,-4.319812240855568,-2.8409756854149846,17.50222959887562,4.618659517309779,9.716146151476115,7.74000228672785,-5.583072316851871,3.4961546181432963,1.200225624083554,0.5651985886478652,0.8076744969447008,0.02456517933012553,2.9017299854135423,4.334213704462074,1.2984391820502108,2.0535251840812583,107.55987506287971,-593.4123085445731,-2260.773005062412,907.6022106897278,399.0972585677759,156.73074589082563,-304.4022402828353,12.319848056249885,79.95347921220592,-59.63871608774925,-47.09801810807859,19.114374161014638,204.0814471909324,19.235328461335364,-216.46407001730864,-171.39924481845406
76,stance,swing,0.38190954773869346,0.2153460612868416,0.12296629328610137,3.8644699847328368,-609.7984678156386,0.017958186841127197,0.05740341502889554,0.5704426118069789,-892.3072905263698,0.20597731800451574,0.02770413639854762,4.891060580920079,215.06726358868457,0.010380212890940002,0.04433189091181269,-2.7331405414452346,-722.086100322108,0.2069203053038414,-0.019461816862357206,-1.9364507778045337,454.09096213846806,0.0015673714659394794,-0.007223563568844082,3.7456785195055082,-310.0913484110783,0.2113508467025896,0.03492016757576774,-8.964071418647585,858.7962462908478,0.0009648747639358773,0.004237911838291443,-0.790131875181683,-18.363492946866145,0.1831392012240694,0.07579469073147994,-1.058630565514889,-330.5615161832927,0.02314239322858401,-0.01388878860844821,-5.171457154600006,-237.54156891600238,0.1829073246858898,0.20414476093189896,15.157716015754543,-1410.1484700573783,0.011374763006807453,0.02958723430492011,-4.898648994708252,-691.5766016343227,0.1743843857104351,0.23195623391111148,19.329844653332565,-12.490903831848177,0.009413701061990035,-0.05821785487340261,-7.897758755223509,-583.5862129088027,0.18095933087277438,0.24187639368188005,10.718962370259886,-273.2152173969674,0.0058752654678812105,0.0,-7.173955237598321,-1617.4135795362374,0.1873838174586749,0.1875301881039786,8.966881942272396,962.1351715745893,0.003190516696000345,-0.049675181221143956,-5.370723279630999,305.5144575293745,0.24202713614242674,0.16357341653911328,0.21809663332001486,93.56991989872564,0.007478444182452401,0.12309716859059598,9.463033046251994,-565.3998297923939,0.21830275210713113,0.05986368244357341,-2.5257238979009946,639.9817115526176,0.026332389470389142,0.046948455452718106,4.193020196526178,-458.7144608702378,0.2045487753294526,0.08665639945543684,1.5946911049725991,33.22207556469225,0.03333028410018177,-0.003570353630480595,0.3641501777128617,105.15663143823241,0.18805698237758697,0.04255801268400971,1.0168474476195883,319.35698901476707,0.0349579430875358,-0.0010724242576787859,0.6078225760230228,-167.6297937376451,0.17376900066999693,0.07289095375985513,0.4641111346511827,19.948159850869203,0.03162256033199448,-0.0019188767665932042,0.10764305484741661,-464.2328303243223,0.15947607937895394,0.052726741378421434,2.8399404392050505,591.0714336378895,0.024002770252921565,-0.006765970777594615,-2.524787056692367,-879.7977435545002,0.15947607937895394,0.052726741378421434,2.8399404392050505,591.0714336378895,0.024002770252921565,-0.006765970777594615,-2.524787056692367,-879.7977435545002,0.2098986328244471,0.007717661490485639,0.18175481199036875,0.01059932789225261,0.19769678766759138,0.02628739857091253,0.15947607937895394,0.024002770252921565,38.967907633305295,122.86041112873077,103.85148422310529,172.25601228146925,88.87115522078946,104.0866275060223,41.245569679726664,174.3919276672503,157.3202853798348,38.474428194092816,168.49213775736342,158.66999207424965,161.22363786311524,165.07699696387652,28.06280714730234,17.002586986281592,179.60159934189437,162.9895711865554,169.90378640310595,10.502456082162608,-3.610355682465607,2.253279111284906,-13.334836168406541,7.471201374655983,10.4129125462702,1.2373468296727308,4.689832626042811,7.288811528460048,-4.910684512551423,-3.646762956722348,2.081907934834205,1.2888084671140698,-0.43309120988488037,0.21444417166421556,0.49469359299479326,-4.082198235655709,-0.2366801087993978,3.0270751366475235,-0.13578922580669003,0.7006378398852998,191.83507382998974,695.0518526361928,1130.7266702169943,-1633.9434490232097,878.0925310724958,-452.85502350447666,995.2070614985041,-885.2668761715171,771.2361457731788,-30.806363691582504,-53.23332853144056,108.30741698595719,-36.76010073707218,-129.9912427815402,142.48361875568648,-141.5160514898247,-230.6079423423516,-131.79962545297445,232.7101450577807,-307.02229126730157,218.9679076333053,276.10749650457456,352.2560122814693,268.87115522078943,192.95778272681176,331.7122130470851,337.3202853798348,141.5255718059072,153.03343404854374,174.36344197429412,193.13980411117888,208.06280714730235,162.99741301371841,163.39581367182404,180.40624248526856,190.5024560821626,-3.610355682465607,-5.863634793750469,7.471201374656028,10.412912546270155,11.650259375942953,6.960426749900153,-4.910684512551423,3.6467629567223367,1.564855021888176,0.27604655477406215,0.7091377646590309,0.49469359299477117,4.082198235655682,3.5919237507261332,0.5648486140786098,0.7006378398852998,191.83507382998195,-503.2167788062152,-1633.943449023214,878.0925310725069,425.2375075680193,-569.9695539304851,771.2361457731876,30.80636369158361,84.03969222302858,-24.26772476292423,12.49237597414795,142.48361875568816,141.5160514898246,-206.1117716624894,-74.31214620952369,-307.0222912673088
77,stance,swing,0.3869346733668342,0.21600828720485032,0.13025011598795094,0.364056493592379,-433.8631551868155,0.018226192363259217,0.037114918185641645,-3.8327110677675287,-123.50148124505162,0.20613648236022017,0.06102367075389799,4.918041607722698,-504.1664363062208,0.0104936529798927,0.011287288850793477,-4.411023145725343,160.20050242873128,0.20672470915447097,-0.019461816862357206,1.9364507778045337,702.2497993115396,0.0015656492356934393,-0.0037756113022763107,0.38288700188143876,-333.05037537965836,0.2113508467025896,0.0,-3.7245059081954826,867.0551573319735,0.0009648747639358773,0.0,-1.9209928978656634,-70.56428508001108,0.1834978225529925,0.06526064104323437,-1.613990033866158,363.5225877874055,0.023037043836666216,-0.057410005871568574,-3.567397637543142,907.5480575152679,0.18420287711986674,0.26448863334159783,-0.16563352564809236,-2287.0285621945072,0.011374763006807453,0.0,-8.651447507397783,-527.489004505696,0.17578402898345774,0.33609154813349074,11.98519694756109,-3298.53076861489,0.00885174301039296,-0.11118374968593171,-8.721991650391821,424.83987540379695,0.1821980307830253,0.2824063099207284,10.51379414561646,-1178.171878445632,0.0058752654678812105,-0.048743047757491116,-19.246840522267266,-885.1203600380492,0.18797724879487798,0.2672567872639638,18.5084222817908,-1028.7098246843357,0.0026912686435265343,-0.053977118388251484,-2.623436435939214,-315.1249962239423,0.2428409750989073,0.16113480475036052,-0.7824497772723688,-59.471616751690235,0.00849099255067122,0.14844743260617832,-0.20629243409402231,-1247.1887829017378,0.21831745730384722,0.07452171654677112,5.966366919944409,664.2550798946482,0.02677675326227523,0.0469362153163271,-1.111655777911302,-321.3984128499543,0.20489163162766202,0.107974950853473,2.5690059617296166,-121.29226914938442,0.03333028410018177,0.0,0.7105003724656392,42.42246517822142,0.1884241959321331,0.05752487484385882,0.8530876043875654,134.77125940377437,0.0349579430875358,0.0,0.10670621363903873,-159.22173757619248,0.17412362869582207,0.08097885926772123,0.9731906473067328,186.99069467707432,0.03160327513836038,-0.008512544085755904,-1.0470137345304316,-22.11076409639136,0.15975699216512765,0.09388749541590488,3.6139586456016284,-265.9630359185189,0.02396519346002607,-0.03784556017331489,-5.271792848022053,-51.74403520200096,0.15975699216512765,0.09388749541590488,3.6139586456016284,-265.9630359185189,0.02396519346002607,-0.03784556017331489,-5.271792848022053,-51.74403520200096,0.21005508135553277,0.007812592335695309,0.18273200164684406,0.010366016793054874,0.19805914680391656,0.026520740266508414,0.15975699216512765,0.02396519346002607,38.07143513175628,124.30191697511793,101.16883740161356,172.6006807550248,93.45966142188992,103.22313266039868,41.57689249954177,176.04201353937236,151.1479151221192,36.709752048891,169.3085792371967,159.62651006075848,161.15325915301506,165.2043696472016,27.997529852937202,15.436472110754547,179.44615222441476,163.2381093618771,170.39777390458445,10.373796847198665,-2.391821549096925,5.506609199697107,-8.97911814643136,1.080687397637261,13.443710080852533,0.5461798652770602,11.978224884833823,-0.15637966479895637,2.168044726094727,-3.8057663135360977,1.7609206671105888,1.723543789063404,-0.611924156910628,-0.5233353334561861,1.4565613477290185,-4.324001859683171,-1.3464264571812108,1.7111551711257256,1.5837094256853959,-1.0321259844343935,217.59410421555106,323.34448533765857,825.3310513298131,-931.0814324519097,158.1394891626288,-90.04100290348977,926.7218944187038,-1285.6141270692488,1338.868365974,38.911098403219206,-117.04690795895895,37.84378192766582,23.084202546670593,-183.01230417354358,200.22012925493485,21.14945990042917,-180.4058382995525,-207.98108753045517,184.10727722718397,-198.34246766426597,218.0714351317563,273.7695181566384,352.6006807550248,273.4596614218899,196.68279408228858,335.1059015827468,331.1479151221192,143.290247951109,153.98166871391228,174.35515865315384,193.20189950013875,207.9975298529372,164.56352788924545,164.0096801136602,180.77157075178312,190.37379684719866,-2.391821549096947,-7.898430748794054,1.0806873976372169,13.4437100808526,13.989889946129594,2.011665061295815,2.1680447260947715,3.8057663135360977,2.0448456464255536,0.32130185736219347,0.9332260142728215,1.4565613477290076,4.324001859683142,2.262738612376744,0.5515834412509746,-1.0321259844344213,217.59410421554887,-105.75038112211843,-931.0814324519097,158.13948916264417,68.09848625913666,-858.6234081595637,1338.8683659739913,-38.91109840321479,78.13580955573539,40.29202762807393,17.207825081390144,200.22012925493368,-21.149459900423693,-222.21627796753282,-14.235190437082002,-198.34246766427037
78,stance,swing,0.39195979899497485,0.21665510767868032,0.1266251525181856,-0.4959637357376895,-28.374859152411986,0.018331201094249225,0.018883705805101115,-0.6707783052287213,449.08527903565516,0.206590621228173,0.0771316902450071,-0.17593877894145943,-602.7886471578614,0.0104936529798927,0.0,-1.1230852406539584,438.8968029996746,0.20672470915447097,0.0,5.121336149949665,290.3482631007169,0.0015294256237055465,-0.0033754529971713135,0.39843856594108784,-4.679428151958034,0.2113508467025896,-0.002512052607101595,-0.24994923440660763,395.4582866889106,0.0009648747639358773,-0.015068549446790685,-1.4993206699556667,340.32119999822464,0.1837950870636999,0.05957368536599085,2.594862779082167,661.8874011085463,0.022565408244950153,-0.04974203119682165,3.949628850578606,644.7636769748945,0.18556550190540336,0.2024801023826719,-7.827495664592363,-542.9814538853026,0.011374763006807453,-0.05736198687495749,-10.200046024916276,552.6292788598525,0.1777621902142893,0.35241047459011793,-13.821218347822251,-4148.471523383366,0.008296276442030917,-0.14587606241502935,-3.6280112637280433,1631.3213620117629,0.183797585243837,0.34754266650214644,-1.1219610312038042,-3483.3215727665083,0.005385385590921499,-0.1934355831383653,-16.069637248031015,2911.9839028689153,0.1900698153206243,0.37354448239333415,-1.3719102656104185,-4421.556238800091,0.002648033094108368,-0.07604137655721657,-8.537808668816362,-29.12990632428236,0.24364658141629972,0.15570959968210452,-0.3796080576517488,-146.57236705394564,0.008970378178494401,0.12102387779568118,-3.0715275859263302,-432.41831183317476,0.21905171408247556,0.1198271690761808,4.15020655330153,-386.6400814463412,0.026804110227337155,0.03577603557421251,0.962885394014061,275.3685000724925,0.20563395071491464,0.11247555484970445,0.3756733245767705,-221.40593120483538,0.03333028410018177,0.0035703536304806343,0.7905066116648376,-53.97189043765897,0.1886351218232539,0.05113175745172397,2.371332466753005,274.66938232070777,0.0349579430875358,0.0,-0.992395892079421,-206.69649370731875,0.17458285855208458,0.08267176428555098,2.34341459874239,120.28553958688903,0.03153700712510246,-0.012441627867401606,-0.11457567978968346,7.643687419521206,0.16041967229770676,0.08904793379652841,0.1669451033405269,-233.46804281560304,0.023622412864245032,-0.05974881347128382,-3.044827611486349,310.67860732260414,0.16041967229770676,0.08904793379652841,0.1669451033405269,-233.46804281560304,0.023622412864245032,-0.05974881347128382,-3.044827611486349,310.67860732260414,0.21033032119097847,0.007829788615445837,0.18419803594957077,0.010053973275763678,0.19866164981445586,0.026537022597149434,0.16041967229770676,0.023622412864245032,37.90907036669678,127.05209752951578,97.81466218458395,173.04231065259708,98.98996421198395,102.53977904399166,47.2779092733893,177.8294512971294,156.42238268545688,35.94585770389231,169.99164945388924,159.5319603515763,160.8483782829306,164.48506111587773,29.197093091833832,14.184524800100574,178.4746326287426,163.2880222891638,171.2921466975092,9.70993884196902,-1.423480263213828,5.502972431261388,-5.040051732930995,-1.8864009615441546,12.002254145894616,0.33241212712509094,14.003620509647915,-5.631933467210849,8.545278964574264,-3.255696641112103,0.9055571010758182,1.6691479839750345,-0.2010891742399488,-1.6248754682709037,2.5069561985720363,-3.8696408497217467,-2.0498041118099835,0.936812950411784,1.714535168436373,-1.2927537949314523,116.0736465240366,-220.62908233796182,737.0370006320676,-400.33427177005933,-666.1040477833432,-221.45794277900717,-381.8678289705868,-693.6387332624142,643.8833952028083,184.65333149323337,-274.19236486220774,10.82983687839857,100.00301402305743,-159.51482286220778,138.22100532971075,87.9915592300994,-158.41107193667537,-89.54129889377735,-198.0701601765815,112.3350885210493,217.90907036669677,270.856972837181,353.0423106525971,278.98996421198393,201.5297432559756,334.2518339825863,336.4223826854569,144.0541422961077,154.0624928422185,174.53053249064217,193.68215420771156,209.19709309183384,165.81547519989942,164.29010782864202,181.00208553947823,189.70993884196903,-1.42348026321385,-6.926452694475282,-1.8864009615441104,12.002254145894726,12.334666273019707,-1.6689542366281631,8.545278964574175,3.255696641112136,2.350139540036274,0.6809915560612391,0.8820807303011436,2.506956198572003,3.8696408497217742,1.3585943239167488,0.4217813735049207,-1.2927537949314964,116.07364652403992,336.7027288619929,-400.3342717700549,-666.104047783352,-887.5619905623505,-505.69416159176586,643.8833952028083,-184.65333149323226,89.53903336896664,78.70919649056367,-21.293817532493755,138.2210053297096,-87.99155923009246,-175.27637054931117,-85.73507165552945,112.33508852105207
79,stance,swing,0.3969849246231156,0.21728090180302304,0.12526555582978324,0.07888202974904442,-91.72424903400453,0.01841597835125018,0.03037342768083042,0.6807088220380202,-5.928518535137922,0.20691167522700415,0.05925544181981298,-1.1401357506477288,107.85056517516705,0.0104936529798927,0.0,0.0,433.94704931704695,0.20672470915447097,0.032008898212513445,4.854523773791619,-660.3400204845994,0.0015317250849680997,0.0002287963956240428,0.33585757321854426,364.52931734996736,0.21132559994271924,-0.0025120526071015672,0.24994923440660763,264.30379645429116,0.0008134320559279318,-0.015068549446790518,1.4993206699556667,358.852481205482,0.18409655305918335,0.0913396639485826,5.0381446506418,-180.7825290412164,0.022537123925140373,-0.017715243554195917,2.9126393169783675,-328.10994326705895,0.18623785302321016,0.1858203352049917,-5.622733564696323,-683.8676632246043,0.010798260626154618,-0.10251302537604227,-3.0973844032786997,1127.4066080961775,0.17932584279843378,0.19718483106995147,-29.707984191969942,-444.78803525477923,0.007385651930844936,-0.14764617444701733,7.673197917565486,1664.161253205517,0.18569092190364986,0.27113031965737366,-24.49446286711203,-2182.3846171076107,0.003931189255435341,-0.21024693969750022,10.019329355812088,3026.9188612620796,0.19173146469832855,0.2534687443935074,-25.929328861928415,-2023.6755658826826,0.001927033703253006,-0.13978424068791284,-2.9161993135701905,1832.3503411445708,0.24440589569872745,0.1573196483920515,-2.2555388933924156,-255.1500146909509,0.009707312930527304,0.11757780862701943,-4.552205115834443,-429.3049074452167,0.21952175046039174,0.11623233517291687,2.0805369556595994,-42.28264162789991,0.027136311408749725,0.05661345545717187,1.6558668358825739,-270.7636444807246,0.2060220392140912,0.11175056215575208,0.34382072349007997,-137.1948676100606,0.033366167051241874,0.007944790066983239,0.1680693127906784,-148.54853989894937,0.18893808294169817,0.08135736194690393,3.613583909118278,-176.17767344946006,0.0349579430875358,-0.009973828061099642,-1.9706454819118893,93.51399047854922,0.17495450069869192,0.10453076478271997,2.182090542652343,-525.5687610808312,0.03147823365225584,-0.00966405845550146,-0.9701927554397667,-232.9180701842144,0.16065194627363547,0.09556533565048303,1.2675461549925684,-177.3149049923901,0.02336470287237498,-0.06844684270081568,-2.149394784478314,448.08787104312995,0.16065194627363547,0.09556533565048303,1.2675461549925684,-177.3149049923901,0.02336470287237498,-0.06844684270081568,-2.149394784478314,448.08787104312995,0.21056072153180436,0.007813697118009728,0.18541652709656115,0.009315851888165656,0.19908236921453934,0.026668445167114252,0.16065194627363547,0.02336470287237498,37.38065188080525,128.5757979778468,97.6782657886616,171.12658811429682,100.33773235768741,105.93881571248407,54.766165458304066,169.86540196811455,161.6449806437529,35.00761985705818,169.76479040274518,160.55068321888604,160.70309922732304,164.4084997087323,29.56530758525525,13.566623727677555,178.58195674878513,164.09517884240321,171.70061678823527,9.219537390469078,-1.22525223729757,3.289231487757807,-1.5717111049030916,-2.9427726201522524,6.749197037803903,-1.679528102351138,8.140357256988755,-7.127623215174932,8.639234627630445,-1.9499539367196945,-0.9947814923085657,1.8323863707558512,0.3931312604065254,-2.126499382322585,2.8457171801884136,-3.4396645809887105,-2.938497531921656,0.8112426194294768,-0.4069454504611387,0.09686988009875777,-20.914960125887813,-353.9990818325681,603.8623462392974,-270.7782245326303,-1115.644861627023,-470.2383894235591,-1521.7253438569946,-45.2055326454273,-474.89119808032797,240.16432596685877,-350.72237526153464,62.40638883950829,62.41798161307894,4.662489893129636,-18.928811051035538,80.15900349344516,-18.135024957410277,59.749095132421246,-363.1655873006097,251.01608390983867,217.38065188080526,268.8048539029584,351.12658811429685,280.3377323576874,206.2765480701715,331.51038261186744,341.6449806437529,144.9923801429418,155.22758974019666,174.67690652131066,193.97380729398756,209.56530758525525,166.43337627232245,165.01533302110758,180.9201541787043,189.21953739046907,-1.225252237297559,-4.514483725055454,-2.9427726201522524,6.7491970378038815,5.069668935452765,-3.0706883215359686,8.63923462763049,1.9499539367197056,2.9447354290282273,1.1123490582723758,0.7192177978658505,2.8457171801883914,3.439664580988752,0.5011670490670959,-0.310075570362381,0.09686988009875777,-20.914960125887813,333.084121706689,-270.7782245326392,-1115.6448616270404,-1585.8832510505777,-64.15790719359524,-474.89119808031484,-240.16432596686428,110.55804929467031,48.15166045516647,-14.266321157908067,-18.92881105102891,-80.159003493452,-52.40040825834703,-112.14950339076387,251.01608390984143
80,stance,swing,0.4020100502512563,0.2179140579885274,0.12741793673676896,-1.417815484823166,-365.6479057528405,0.018636461673956065,0.025725000498950594,-0.730361406084379,-75.9055447036437,0.2071861533067641,0.06567303948472837,0.9079864992009277,221.38728806484207,0.0104936529798927,0.0,3.238191636904321,888.1498702957934,0.20704640662394347,0.04878918365619738,-1.5152469704985998,-966.0502309845386,0.0015317250849680997,0.0,4.062049795589017,727.5765050661464,0.21132559994271924,0.0,2.406370327948089,249.221496155799,0.0008134320559279318,0.0,2.107236930099444,-88.69473877628427,0.18471307363604747,0.11020830497043127,0.7779529394719439,-580.976173302111,0.022387365596164263,-0.020469274242265065,0.6520414810604109,-210.37851386672227,0.18743304296273997,0.1459702173103468,-14.700537506045702,-596.9906306030027,0.010344481344736672,-0.08849147836519582,1.1306736544423392,607.3189301893776,0.17974394731046972,0.053837769143182584,-18.291449857920554,2671.245035434711,0.006812395291809631,-0.06875849540432061,13.097227461955617,-334.05710494224166,0.1865225130795895,0.10136716030001443,-23.05547477097888,1543.558780237866,0.0032723510210973666,-0.09273880569301726,14.351657840030217,-702.9768817734141,0.19261723988739324,0.11294821242420323,-21.710358163928923,1565.3153246733698,0.0012431663535263232,-0.10534991237199248,9.877772649219606,1253.070693586763,0.2452276834101897,0.13304086708519572,-2.9439298133397087,440.9102621248144,0.010152064697358923,0.07527307261141522,-7.386149771305411,35.39400138030619,0.2202198782550677,0.14073708822853867,3.7252553811618303,-241.18630279532226,0.02737308967916803,0.05241791332177614,-1.7583572640836858,-222.03047639642753,0.20675707194261064,0.11593103950789622,-1.0031695659766084,-393.5753295440232,0.03341013123653336,0.00525949245249751,-0.7024435380733536,54.01849828780162,0.18945278375236851,0.08744918367401838,0.6007025828388257,-473.3120395274872,0.0348577036095348,-0.01980548223027033,-0.05255679179249013,224.49137088273608,0.17563341900216217,0.10460232250316256,-2.9386835025725198,-486.660527801539,0.03143988090946928,-0.022192308826595283,-2.4554608072692354,23.909827110967072,0.161380127932385,0.10178709113313719,-1.6151142433166676,-73.1370384066116,0.02293450489740266,-0.08135077110423179,1.4585680773893488,702.2125130314381,0.161380127932385,0.10178709113313719,-1.6151142433166676,-73.1370384066116,0.02293450489740266,-0.08135077110423179,1.4585680773893488,702.2125130314381,0.21086805446548856,0.0078688179486862,0.186205963375248,0.008811951921466851,0.19977849404913062,0.026694562504911173,0.161380127932385,0.02293450489740266,37.1996131565481,128.0929752040356,98.63531132878462,170.47132662372786,102.72710962780053,101.94519004016507,52.24770435229077,170.8393125600258,161.58528275564905,34.55230882078069,169.60028639080235,160.62929031907294,161.32641404037355,163.06587675461924,30.82582367435124,12.187588467233798,176.9247357893248,163.7508563266864,171.56282178010312,9.423469215301468,-1.6336808674941083,1.9451927143511407,1.028916570981568,-4.607790152826883,0.7897429737636835,-4.3936018369308005,-1.2901015391661677,-6.086260428471427,3.7725031044704442,-0.8419848223496929,-2.6192908915024344,2.2963478718092913,0.4262272238814504,-1.578016273365078,2.316716891526452,-3.0640227241594804,-2.2320656691708916,1.5373063688280806,-1.9353702315697705,1.230020917730254,-149.74045452368347,-68.14402608847517,404.1554020308783,-485.7518304660898,-1013.9459398560613,-156.530337217154,-1182.7343540224592,67.44528238690589,-511.12602896982304,191.68880388603176,-256.8822255699168,43.38634581588644,2.7513442245391198,130.2052663508801,-111.14953470740973,-16.501863394445213,134.56146242543383,171.7108557196899,-162.49243240927805,141.8449025094705,217.19961315654808,269.1066379525125,350.4713266237279,282.72710962780053,204.6722996679656,332.4245953156748,341.5852827556491,145.4476911792193,155.84740478841695,175.218114469344,193.8917004289704,210.82582367435126,167.8124115327662,164.737147322091,180.98629099540457,189.42346921530148,-1.6336808674941303,-3.578873581845227,-4.607790152826928,0.7897429737636172,-3.6038588631670727,-2.3137573240009823,3.772503104470488,0.8419848223496708,3.4612757138520607,1.1649278420428137,0.7387006181613635,2.3167168915264855,3.064022724159439,0.8319570549886357,-0.7053493138394448,1.2300209177302373,-149.74045452368458,-81.59642843519181,-485.7518304660898,-1013.9459398560571,-1170.4762770732066,12.25807694922968,-511.1260289698362,-191.68880388603287,65.19342168388825,21.807075868001817,19.05573164346708,-111.14953470740423,16.501863394441102,151.06332581987934,-20.64752989980617,141.84490250947186
81,stance,swing,0.40703517587939697,0.21856148408178452,0.11101615397226408,-3.5959712944000817,140.40148769820394,0.018674521069832598,0.023033112041791485,-0.08216097397849435,48.257768013115665,0.20757170577458936,0.0683809342740936,1.0848621193506693,124.0887401565446,0.0104936529798927,0.03254463956687738,8.926129349706407,133.6153847208796,0.2072150527088046,0.016780285443683398,-4.854523773791619,-15.361947399215099,0.0015317250849680997,0.04105341745681992,7.648184257300369,-321.23062458950614,0.21132559994271924,0.021672573804436854,2.7546878892387414,-273.27114681713664,0.0008134320559279318,0.006109711157223851,0.6079162601437705,-243.31162076070447,0.18520417421466506,0.09915828645583827,-0.800811864957266,-32.364491122521436,0.02233140257597188,-0.011162062840020977,0.7982823936947406,-211.73946309017808,0.18770489038311314,0.038076239666844924,-11.62263939990234,1435.2421365614969,0.009908899034544616,-0.09114947106003894,3.006323437820532,466.82422679091667,0.17986692590540043,0.01335116415617829,-2.8613004187569473,1925.0906413112025,0.006694611776027648,-0.016015747693695424,4.315840078950014,-1386.0242468359422,0.18670968733380075,0.039417005376180446,-8.981309296882326,1807.8439335521152,0.0029991409570130634,-0.06600917246101659,2.9542350666320947,-1202.8647174386917,0.19286662261213963,0.035274189982162904,-10.197516553653447,1907.789807347052,0.0008682406140872595,-0.04051014371083203,9.677475998859503,-635.4887148012037,0.2457429898402872,0.12773241408713001,2.175720022434834,359.4956695371636,0.010463826223104336,0.04334514760887509,-4.196486508997197,1078.1141458104134,0.220936193558166,0.15367208774740737,-0.34344598700693985,-730.5314427636633,0.027663124607963552,0.03894152315482339,-0.5755952384533664,502.90802435298286,0.20718717528954744,0.10166845596503246,-3.6117102267010814,-202.29671265604435,0.03341902627186999,0.000885056015994808,0.710968793070088,204.0771325306259,0.18981696920977875,0.08739457383473129,-1.1433210107559324,-235.3137136802608,0.03475889301486977,-0.010502037023838232,0.28554920032664904,-199.12737884798557,0.17600578032183928,0.07499625721917726,-2.7089700382676143,527.6381496261226,0.03125519537259157,-0.03434205651850868,-0.7298929854803002,303.2959238637293,0.1616749321141695,0.0793330316975518,0.5325005428658236,568.0564772492353,0.022547107182885218,-0.053787867048661515,4.908017406792374,-95.90031240466453,0.1616749321141695,0.0793330316975518,0.5325005428658236,568.0564772492353,0.022547107182885218,-0.053787867048661515,4.908017406792374,-95.90031240466453,0.21116846062697445,0.007878332797655332,0.1864704600898238,0.008560458991528894,0.20022734005563136,0.02668452877888074,0.1616749321141695,0.022547107182885218,36.664255697600055,128.94322268019792,97.63304012902718,170.08799288837494,101.38182772572243,100.91631849322016,50.66965363835336,170.7191051954008,160.90938738518844,34.734734173642046,167.98144638931862,161.69464759521975,161.3543619488169,162.95000306139698,31.2848068316057,11.491350249713127,175.91976243000187,164.17670582448855,169.42409610429786,10.827610251502314,-2.7301814284903587,2.604366903954041,2.4901522320906326,-7.824700564535032,-3.4412144180358415,-3.2526973206139815,-3.7464201703725646,-6.449781181135681,3.5022896128583896,-0.02343329464903644,-3.576512402558968,2.2684300472974206,0.4207829611556621,-0.8179037406052059,1.7286364293601826,-3.6055124542997166,-1.5861210251333853,2.536979862843434,-2.040035223418696,1.5224467897416678,-212.4866592519386,212.73039760303857,120.49366297405062,-545.7107198290169,-656.2804821532588,532.9242928226802,85.19292062228489,-440.6944917874973,232.14538183463281,81.0886588372301,-129.69052121706716,-1.8686630293040658,37.320567225124876,113.17368512480239,-100.02372694078389,-88.26758698895117,138.45623943522784,88.07072774119447,206.05197961470392,-67.398880931704,216.66425569760005,267.72103301740214,350.087992888375,281.3818277257224,202.2981462189426,331.62849258058924,340.90938738518844,145.26526582635796,157.28381943703934,175.58917184181962,194.2348098930027,211.2848068316057,168.50864975028688,164.42841218028872,180.25170635580017,190.8276102515023,-2.7301814284903587,-5.334548332444311,-7.824700564535032,-3.4412144180358193,-6.693911738649734,-2.9474915682773797,3.502289612858301,0.02343329464903644,3.599945697208004,1.3315156499105836,0.9107326887549656,1.7286364293602157,3.6055124542997166,2.0193914291663755,-0.5175884336770145,1.5224467897416816,-212.4866592519342,-425.21705685498154,-545.7107198290124,-656.2804821532457,-123.35618933058744,-208.54910995286025,232.14538183462844,-81.08865883722571,48.60186237985025,50.47052540914113,13.149958184016253,-100.02372694079052,88.26758698895665,226.72382642417574,138.65309868299005,-67.3988809317007
82,swing,swing,0.4120603015075377,0.21902979822945468,0.0912775217176725,-0.006745256700507211,846.8087072403398,0.01886795023719015,0.024899262067005924,-0.24535871248522456,176.8488264911754,0.207873398877358,0.07657617636262459,2.1551095158496225,-110.8334675827645,0.010820734784584937,0.08970984271061755,4.58105982505387,-1410.9408035094907,0.2072150527088046,0.0,-1.669638401646491,494.0245681203074,0.001944322245338151,0.07686617344020505,0.8336013072522577,-1203.4053685000142,0.21154341475482413,0.027685305419484958,-0.3400733586563114,-426.983836509319,0.0008748361881613376,0.006109711157223851,-0.33810599211870185,-120.97533576861048,0.18570963932907097,0.10215994451859942,0.45268167190891295,221.14492724411252,0.02227518406008365,-0.012446335612167134,-1.475993323866011,-311.9836271258983,0.18781571873828615,0.02915977108017201,-0.27599342000044413,1319.7478839668765,0.009428406258706126,-0.05827717245745165,5.8223744262103665,39.62599417104697,0.17987812986480317,0.025080981014971932,1.0561947783730217,207.36764674900456,0.006651433003430782,-0.02538321822894339,-0.8326644660438622,-315.30210605438924,0.1869186638873903,0.011102745255970554,-4.886189006635933,879.657920004111,0.0026089422526449357,-0.06304800100324734,2.2625652024553733,1.3329845134170362,0.19297175435957578,0.010460608869896786,-2.5365912559182666,1205.4467923352754,0.0008360292308043915,-0.008088847056821162,3.4909513949361237,-888.1871565758954,0.24651142626533673,0.1549073999739881,0.6690919910539115,-427.11433848962514,0.010587694321568725,0.03309732880239798,3.449168277040501,921.2694085902597,0.22176432134800647,0.13728536976615735,-3.616769169226778,-253.15519870582776,0.027764461771176308,0.04663303655340057,3.295994739463903,601.1107645535205,0.2077788654698974,0.07963244426466912,-3.036302356489626,703.1260268937037,0.03341902627186999,0.012404907458227069,1.3485829195208858,12.649370522267663,0.1903311211778432,0.0759585202493356,-1.7642593636964692,424.9703773841376,0.03475215549874246,-0.01693564102095726,-2.0538369812194897,-17.543194784778176,0.17638715023049562,0.07737649297283467,2.364212473569439,623.3706737702645,0.03109473461280085,-0.029527916720869688,0.5927394325672531,131.52735303557327,0.16217744483386792,0.10713885538304499,4.093996080796274,122.09392417149542,0.02239392331902415,-0.03202396299576551,0.49474584216658557,-771.9005705292199,0.16217744483386792,0.10713885538304499,4.093996080796274,122.09392417149542,0.02239392331902415,-0.03202396299576551,0.49474584216658557,-771.9005705292199,0.21141541614261034,0.008126960863818644,0.1866587812358253,0.008359998961133977,0.2008250548875746,0.026668665965863744,0.16217744483386792,0.02239392331902415,35.8032649786854,130.04501452179537,99.63735247703195,166.12089797985803,99.3101584709872,99.97228102354528,49.14575657059974,166.46166659540415,163.67501632852859,34.76420539530716,167.2501397969596,162.35496204605224,160.9334277536574,163.21751738733016,31.479747620693406,10.966665501386174,177.2809090850273,165.8622088775035,170.22529413327968,10.226740572857933,-3.769225181583953,4.083186660110331,2.239908158660474,-10.092320000354714,-5.806040766470102,0.9624212065132446,-0.4338912816557631,-10.515350798195037,6.1056225198939,-0.02702342700064308,-3.9227132152920596,2.2775673388514615,0.801308301520898,-0.44059230226153157,1.311453304181886,-3.951134151184119,-0.8405456748469876,2.422439310950642,0.1355039354121875,0.5526452299744319,-98.45438928760221,222.62469867519263,-159.48688698776206,-161.5922009750339,-216.03426714893155,636.2085411300983,520.1022037504105,-426.40125036054866,326.473320591307,-12.574729632342681,-61.48288765735968,-6.274878255628452,109.85805194827091,-25.496765321700295,-4.028791081254022,-10.01624538979315,52.17211124242828,-247.10089686523594,526.0119569733331,-216.7227034758887,215.8032649786854,265.75825045689,346.12089797985806,279.31015847098723,199.2824394945325,330.13668292393277,343.6750163285286,145.23579460469284,157.98565480773325,175.630692761681,194.69726500802358,211.47974762069342,169.0333344986138,166.31424358364114,180.45203470613765,190.22674057285792,-3.7692251815839306,-7.852411841694306,-10.092320000354714,-5.806040766470035,-4.843619559956902,-4.4097282783010945,6.1056225198939,0.027023427000665172,3.949736642292769,1.6721693034412193,0.8708610019203213,1.3114533041818528,3.951134151184133,3.1105884763371456,0.6881491653865918,0.5526452299744484,-98.45438928760548,-321.0790879628069,-161.5922009750295,-216.03426714893598,420.17427398115564,-99.92792976922411,326.4733205913114,12.574729632342681,74.05761728970245,80.3324955453265,-29.525556402953224,-4.028791081257314,10.01624538979346,62.18835663221293,309.28925349744446,-216.7227034758931
83,swing,-,0.41708542713567837,0.21947884610909782,0.11094836244763587,4.914668979372215,480.7879386865662,0.018924764909702005,0.020567195333397258,1.6952141666363416,307.0711597233849,0.20834131558727906,0.09004032639318538,-0.029042077461038977,-359.4583832569915,0.011395259439295896,0.07858544182872552,-5.254180233303612,-1007.2049626395549,0.2072150527088046,0.0,0.1105472625934013,294.5616127514816,0.0023042494411510683,0.04943132004226978,-4.44634205928274,1.7151688843784356,0.21160384421829195,0.01825475110437341,-1.5366069500509159,-268.08835388396255,0.0008748361881613376,0.0027116609851765812,-0.6079162601437772,-24.748768413153226,0.18623090732540476,0.10370785099763641,1.4217502178981458,386.04350096484114,0.022206313775849598,-0.02599616659746839,-2.337231446766562,164.94518157081086,0.18799795340904452,0.03530243645076005,1.641158428910546,135.61020070594037,0.009323198808841582,-0.03263314516847722,3.404574635519498,-776.9621830521327,0.18011899606635492,0.02396618705439966,-0.7772034665056358,163.4444087969492,0.0064395040551337435,-0.024384234789613674,1.1469746914687016,159.13784344599216,0.18682127271325774,-0.00969042182619095,-0.14052618126308228,1075.6159650440306,0.0023654927057241426,-0.04326982369262078,2.967631895912668,-239.2567378003518,0.19297175435957578,0.009780810525697802,1.9175265853945986,357.5754261122167,0.0007869456687925741,-0.005425205068257772,0.7509719126695615,-467.9614583338439,0.24729984813148306,0.13445695671078745,-2.1168863945463423,34.172875707161346,0.010796462693480197,0.07801015541832751,5.062502522060727,-505.6392443699561,0.22231594601812737,0.11732264886070592,-2.8877193408343653,443.1474389305597,0.028131798342168585,0.07206709842581753,5.465718978164957,-266.9231576309753,0.2079875013625592,0.07115285439227227,3.454883008411549,550.9793609656491,0.03354369870863609,0.014438653197109297,0.8380981450526781,-14.336574696577037,0.19058037142333992,0.06966332394833454,3.1277380584313987,1048.9003453558373,0.034588685567422964,-0.03114361472453671,0.10923568490174199,503.1876714537104,0.17678343351754616,0.09875718660178479,3.5560618589210016,-55.836204442482746,0.030958432390472274,-0.028384876291702093,0.5919899596008438,68.29914356426598,0.1627517045300795,0.1204787209517859,1.7595751576547276,-299.48340172403374,0.022225258308555915,-0.048815547026886764,-2.849777271893286,-280.2996106150758,0.1627517045300795,0.1204787209517859,1.7595751576547276,-299.48340172403374,0.022225258308555915,-0.048815547026886764,-2.849777271893286,-280.2996106150758,0.21165976465586836,0.008374777494577577,0.18682817677472757,0.008224291002868329,0.20128646749718918,0.026707389335122667,0.1627517045300795,0.022225258308555915,34.06058177251228,131.1228309786836,100.97798986384772,161.95976092998094,97.80994796013825,102.29265452293222,51.39613140949161,163.10098038111877,165.60549069246008,34.75524200966308,165.9364726937892,162.74374921544856,161.82299268284024,162.84392141618295,31.89762198207601,8.558984484081064,175.48574202985333,166.36648675944357,169.51396126842795,11.04630951790072,-3.719672778114506,4.841801061493675,0.887268945781459,-9.448742785389651,-5.612413082849233,3.1413583691357774,1.4807376562647498,-10.735220883251767,6.78342851327355,-0.14981248693388804,-4.1944308714771585,2.2053659442257776,1.5248839857614047,-1.0741526383107376,1.6881460667345138,-3.7061782371117085,-1.0617781985763148,0.053553763695323525,3.24651710797161,-0.655670833131595,99.31888060387665,140.76326320785375,-113.210235717626,71.76585311364335,-35.28617160484558,268.3984803379203,119.35222352161593,207.07316287108884,-93.31307765962902,-10.126949813630471,-38.32461277118327,10.201249389507208,84.920714192358,-158.69725523426237,112.02685423720646,146.85525360967938,-18.80897507252845,-519.0449238665541,515.6899580440579,-162.30926285973314,214.06058177251228,262.9377507938287,341.959760929981,277.80994796013823,200.10260248307048,328.7064710735788,345.60549069246,145.24475799033692,159.30828529654772,176.56453608109916,194.74154339825893,211.897621982076,171.44101551591893,166.92675754577226,180.5602707863287,191.0463095179007,-3.7196727781145387,-8.561473839608214,-9.448742785389607,-5.6124130828492556,-2.471054713713478,-3.9517923699781288,6.783428513273505,0.14981248693388804,4.344243358411047,2.138877414185225,0.6139934284237761,1.6881460667345138,3.7061782371117116,2.6444000385353523,2.590846274840029,-0.6556708331316254,99.31888060387554,-41.444382603978255,71.76585311364776,-35.286171604858744,233.1123087330814,113.76008521146,-93.31307765963344,10.126949813626075,48.45156258480497,38.25031319530653,-46.670400997042684,112.0268542372153,-146.8552536096821,-165.66422868221937,353.38069518433025,-162.30926285973206
84,swing,stance,0.4221105527638191,0.22014485714852638,0.14067117980181504,4.82529432808907,-481.2353740477062,0.01907465571792781,0.04193659037490874,2.8407835962924923,-278.528512310578,0.2087783267808071,0.07628429618713677,-1.4575375520598155,280.7843322563261,0.01161053822004951,0.03690401122012934,-5.541603116047115,472.5010629353984,0.2072150527088046,0.0011110277647577945,1.2907798169613447,313.33525477940566,0.0024411194316926177,0.03217931857304213,0.8508391854872167,919.209341614988,0.21172687959004396,0.012242019489325103,-3.034428674073002,-89.50571536831683,0.0009020890623842176,0.0,-0.586837332954411,45.778230386784905,0.1867519292888462,0.11644889143214852,4.332515852460054,28.057925771613004,0.022013916054078944,-0.03593609889625302,0.1817471944335845,426.6482599884248,0.1881705170945752,0.045653825642086934,1.0869231700089976,-18.214347826475453,0.009100434950480227,-0.024060341949718227,-1.986290730092422,-647.1313557608831,0.18011899606635492,0.017269890899337455,2.698852153216721,520.4791838478549,0.006406365317103008,-0.01385583439508717,0.7667108449711235,-99.8526580947186,0.18682127271325774,0.009690421826190843,5.924021697324103,517.3657794599015,0.0021740696527191017,-0.03322255481317048,-0.14202512719638755,-268.6196833753075,0.19307005396284913,0.02973223284371172,1.0571316195813747,-361.13626586135734,0.00078150455675155,-0.000541390648081901,-1.212178839574839,-390.6576781266189,0.2478627524634351,0.13363215982779386,1.012537978060556,459.590688452492,0.011371715984064473,0.08397675113466625,-1.6326331739137978,-750.31181435412,0.22294344344710904,0.10826306483314885,0.8369739356029379,767.9295816990989,0.02848875421766693,0.10156488558018369,0.6133499391526112,-1166.5105943459364,0.20849396953414134,0.11435488656026234,2.5011786582404794,-474.35605537011656,0.03356413836430325,0.020828004393429807,1.2044967416658412,-140.3455582780468,0.1910312550868717,0.10739307360040472,8.777452649929966,152.61274442936792,0.03443915434573204,-0.015837794941542777,3.0033255459534454,155.42785857651134,0.177379684769207,0.11311580813786962,1.803044589725395,43.997810512282804,0.03080945947419078,-0.023578268885685368,1.2791629859769569,107.46838080413974,0.16338828625046878,0.12482302782178585,1.0841126463838948,230.2054933072911,0.02190331480619112,-0.06066494060273302,-2.3223356715527497,453.25202083630876,0.16338828625046878,0.12482302782178585,1.0841126463838948,230.2054933072911,0.02190331480619112,-0.06066494060273302,-2.3223356715527497,453.25202083630876,0.21196627905704551,0.008507100608013539,0.18698655382517665,0.008095258106226567,0.20184989859187216,0.026762756198691433,0.16338828625046878,0.02190331480619112,33.291909344775796,132.96711653133204,99.15982744285347,161.1649653705903,96.26899045068203,102.23144717368208,50.77167464528124,160.2920538315109,167.43670914757195,34.48511771897723,164.86873009206758,163.51471119350842,162.24205216361483,162.4108303775558,32.47855845427617,8.294326760920455,175.90670434052745,165.74586580310978,171.70704114682314,10.159470629674074,-2.771045477022385,5.497892823003324,1.1021168449154966,-9.371055144941218,-6.16067565697106,3.659893370713431,0.7656285527323287,-8.434213482907726,5.167802643917735,-0.1288018170873808,-4.30788520294214,2.3800924583439955,1.6547828160169527,-2.035539591048077,2.437351336716617,-2.4752019541019243,-1.029580600199031,-2.7940925872056446,5.318317584096151,-1.0786036429876993,190.63563567422213,138.43477058828455,407.18979097816936,-354.9889258922308,-71.61283268278335,-42.636481536549155,-254.3833277739484,579.1829593355708,-439.0489457809516,-1.2061344196416117,60.3983807464788,11.853785359924512,-55.66018353812205,-106.89594199272068,91.51009384408867,252.86669023126368,163.70734809846348,-308.8755441451167,283.25494971199646,-63.53874769967917,213.2919093447758,260.32479281344376,341.1649653705904,276.26899045068205,198.50043762436408,327.72876297908283,347.43670914757195,145.51488228102278,160.6461521889552,177.13144099544678,194.88938883183195,212.47855845427617,171.70567323907954,167.612377579607,181.86651177649722,190.15947062967408,-2.771045477022374,-8.268938300025743,-9.371055144941174,-6.160675656971126,-2.500782286257607,-3.2664108389899464,5.167802643917691,0.12880181708735872,4.436687020029499,2.0565945616855035,0.40181174566863925,2.4373513367166724,2.4752019541019106,1.4456213539027911,4.23971394110848,-1.0786036429876718,190.635635674232,52.20086508594736,-354.98892589223516,-71.61283268278768,-114.2493142193303,140.13401355461045,-439.04894578093837,1.2061344196405126,-59.19224632683834,-71.04603168675403,-15.385848148631975,91.51009384408867,-252.86669023126703,-89.1593421327991,219.71620201231764,-63.5387476996701
85,swing,stance,0.4271356783919598,0.2208926268106236,0.1594437828304408,0.07813255678218234,-1279.7583485648865,0.019346238179801592,0.049117784240859615,-1.104067364123248,-682.3575688808069,0.20910799193086838,0.07539170777951883,2.7929110105422508,992.9149957930048,0.011766154024422826,0.022890938149859805,-0.505425831942803,603.0123648383944,0.20722621881699313,0.012972661476998496,3.2596453005773913,171.1813119166858,0.002627659678066066,0.057982467635106165,4.791942781068937,-86.88635419166067,0.21172687959004396,-0.012242019489325238,-2.436161878375712,-321.2958755796662,0.0008748361881613376,-0.0031862016575813436,-0.1478335426886505,-340.36780784833667,0.1874012479428133,0.14725072388668237,1.7037394216329511,-654.579290209986,0.021845146952771677,-0.024169561628286627,1.9506907641723994,132.5527257381508,0.18845678582755795,0.04622628740562439,1.4580996567851638,364.1937408291321,0.009081386326934865,-0.052595866073928785,-3.099258085695436,567.124320246827,0.18029256280906183,0.051090329297783905,4.453743104829612,-58.241169508580995,0.006300249438097691,-0.016678598156738028,0.14343038900921365,26.519866717640216,0.1869186638873903,0.04984748467957918,5.059129893710825,-625.2722740551708,0.0020315976824761967,-0.044697211905649806,0.26793658560805883,-87.87444061420105,0.19327057077006535,0.020405248913450358,-1.7119836242672997,510.82203730315143,0.00078150455675155,-0.017607906973532587,-3.175235907698485,42.93515152951743,0.24864288491367195,0.14463321779682323,2.5021154994485717,429.64980553607126,0.011640450142069811,0.06160178181115359,-2.4783197327545814,84.45342441545016,0.2234040170214756,0.12573444720847418,4.830165902372692,124.29381469699061,0.029152550961064908,0.07823141942232621,-6.258005588125911,-526.8924240241677,0.2091367967048734,0.096290328344438,-1.3125145329966783,263.9495767932955,0.033753025385956995,0.02654414808822333,-0.5724099783447834,-304.6102652371311,0.1916596987962083,0.15787892847024412,4.661534484857214,-1196.293010571906,0.034429511748914995,-0.0009594383832959222,1.6713247158214608,-127.96651328647998,0.17792027581038908,0.11687823775480391,3.998250909295705,328.6972021785256,0.030721464863982972,-0.015528966884898451,1.6720741887881825,26.4639372975082,0.16400620732225826,0.13137432543805624,4.073198205969221,280.43011259541044,0.021615560413051058,-0.07215560402741701,1.7055194199289325,945.4309180919372,0.16400620732225826,0.13137432543805624,4.073198205969221,280.43011259541044,0.021615560413051058,-0.07215560402741701,1.7055194199289325,945.4309180919372,0.21223842928713227,0.008653722017612955,0.18726796624737777,0.008007976991406396,0.20246164676147946,0.026885427252506793,0.16400620732225826,0.021615560413051058,32.749835913751,134.38538497414507,99.64333197384785,158.72111896575805,94.7274907450849,104.08388329251787,51.601726064276775,158.3435064391626,168.86614153416338,34.755019139831155,163.1169308762704,164.344692243322,162.6799913066349,161.90107963715988,33.20228679678164,7.7612255396340615,175.4597337205089,164.38556361154914,173.5507429119742,9.762201657351499,-1.803736741187642,6.2331052885116165,4.979628654104787,-13.016470683804046,-6.33214004448525,2.7128510170096534,-1.075878703272431,-4.914286618572638,2.3708762943694945,-0.16193444090013545,-3.5874119695024946,2.3244994654310496,0.9654851562325375,-2.1484837136144677,2.6078455023534994,-1.1648044659432184,0.5835217823127724,-3.0507230618837524,6.093300522162542,-1.2942512120228458,239.00972248312283,393.5175858118102,1122.6965990734657,-1277.2044624021532,83.15637496991856,-177.1790943933027,-28.14940678198545,213.95064009482167,-279.82395273620716,-54.760623353350134,238.3645928604037,-35.789447205734184,-195.52421585120726,103.21332007537983,-55.50362652548315,160.8610304628465,418.90827267613554,396.25089126679745,-260.4239219928837,122.22027293938521,212.749835913751,258.36445093960594,338.72111896575814,274.7274907450849,198.81137403760277,327.209647973326,348.8661415341634,145.24498086016885,162.12804998389845,177.78335774057643,195.10336643394152,213.20228679678164,172.23877446036593,167.69850818087485,183.3129445693257,189.7622016573515,-1.8037367411875758,-8.036842029699192,-13.016470683804046,-6.332140044485316,-3.6192890274755967,-2.543410324203143,2.370876294369583,0.1619344409001244,3.749346410402619,1.4248469449716137,0.459361788739032,2.6078455023534994,1.164804465943188,1.7483262482559605,4.799049310139713,-1.294251212022785,239.00972248312283,-154.50786332867415,-1277.204462402153,83.15637496992069,-94.02271942338413,-65.87331264139874,-279.8239527361984,54.76062335335234,-183.60396950705135,-147.81452230130841,47.709693549885664,-55.50362652548978,-160.8610304628421,258.0472422133066,-138.20364905350408,122.22027293937971
86,swing,stance,0.4321608040201005,0.22174730722722427,0.14145643162877164,-8.036598622311713,-300.9934960678663,0.019568301790700265,0.03084043596160984,-4.017081417584918,-195.4733233986625,0.2095360323866314,0.10435375357952101,8.521507631789412,391.69237239925826,0.011840597899947597,0.03182435461768914,0.5188226612231407,-228.26660674231096,0.20734543121611113,0.033871282041917285,3.011195012103904,574.4324311454325,0.0030238577998846355,0.08033954752850851,-0.022390504881226375,-1015.6969129311465,0.21160384421829195,-0.012242019489325103,-6.263532951255555,-1095.2844777942428,0.000870066935172345,-0.001485764248127131,-4.007619321379882,-390.8720742371841,0.18823183606157667,0.13357190069479113,-2.2461704813086047,-101.32546615849051,0.021771005886960487,-0.01633116659301296,1.5139353928069503,-32.41109897267774,0.1886351028976468,0.06030809354947542,4.747161771306783,534.2564643429611,0.008571833281395519,-0.05520866441901888,3.7134511819359513,430.13452717730235,0.1806324667125638,0.06203112813380562,2.1135137661958106,-316.0385100862524,0.00623874121502524,-0.0124143229477584,1.0332421687665008,108.63357705712734,0.18732225245878115,0.06053594839614854,-0.36012176051676764,-302.6527355321682,0.0017248514426120715,-0.03052972480705935,-1.0251853343742816,-322.77800521343465,0.19327513184137626,0.012526367273186208,6.191021441723565,1469.9743064701465,0.0006045406675703191,-0.03245330931841822,-0.7806697789766768,532.2057189377251,0.24931635264229762,0.15877904926948788,5.330626475910489,111.29954608398015,0.011990829369101189,0.05906901512708269,-0.7838550390851587,532.2430052178227,0.22420710623312384,0.15680744576151728,2.0861580029093676,-439.94081884231406,0.029274999638996838,0.038670357056305595,-4.682051307321401,286.2467722902644,0.20946171152755277,0.10116378572612496,5.153938224002225,634.7802754794378,0.03383091372197383,0.015075140289462174,-1.8569129592098277,-86.78381692139048,0.1926179779860701,0.15424266641303971,-3.245592682450919,-705.9411410409859,0.034429511748914995,0.0009594383832959117,1.7172299350340572,32.010271461687,0.17855434042503418,0.15329923436194678,5.106534058856283,-391.8974469398073,0.03065338945524708,-0.006773503169221337,1.5451322050473892,-91.5564607735569,0.16470863122974572,0.1657596932084109,3.9025057377950363,-516.0234733764307,0.021178132856166834,-0.04352404190998004,7.179482600727962,610.8238405182873,0.16470863122974572,0.1657596932084109,3.9025057377950363,-516.0234733764307,0.021178132856166834,-0.04352404190998004,7.179482600727962,610.8238405182873,0.2125581537620647,0.00882570610642621,0.18761935799438895,0.0077821944987127275,0.20314435334063738,0.026892962798400127,0.16470863122974572,0.021178132856166834,32.326999460395434,136.28013052553067,102.87592927388407,153.17093966098074,91.74998109025876,104.50355809144072,50.26279361670719,156.64894447455785,169.3418010904344,34.54192171701679,162.62776279773135,164.8656547784008,162.93508454800985,160.64394225382534,34.38563390501588,7.4884859911826736,175.52830564382035,163.0163065133676,175.37596429914822,9.647548840121798,-0.3689377133729256,9.45284343417727,12.385499750176383,-22.20728089772659,-5.324933194961834,1.8791989547003503,0.4827199418581049,-6.283955793512548,2.3555016113930587,-0.6791598407391373,-1.912261154093878,2.020399521602951,-0.3102846799750669,-0.9982197912955232,1.8795259445007095,-0.8585081806059905,3.180552793530946,1.1883284305510873,2.700991734921458,0.1497408086644051,267.2698946437667,389.85201517773277,2387.0256181401055,-2509.6077386740726,329.8121331805829,-392.7690307001514,160.33453181769514,-426.66715666715544,203.37572732988966,-150.6462492520008,377.87361072535003,-56.21780879626772,-265.8760382815408,333.51130443353964,-238.64481882907708,-4.94918782913972,414.23764949155475,882.9172762415567,-788.2944881597055,324.5640492388523,212.32699946039543,256.0468689348648,333.1709396609808,271.74998109025876,196.2535391816995,325.99074556499227,349.3418010904344,145.4580782829832,162.83031548525187,177.9646607068511,195.02957615884122,214.38563390501588,172.51151400881733,168.03981965263765,185.02351313927005,189.6475488401218,-0.36893771337291453,-9.821781147550096,-22.207280897726545,-5.324933194961878,-3.4457342402614612,-3.9284541821195775,2.3555016113931027,0.6791598407391373,2.5914209948330154,0.5710214732301526,0.8813061532051754,1.8795259445006984,0.858508180606021,4.039060974137011,2.8507325435858353,0.14974080866437747,267.2698946437568,-122.58212053397588,-2509.6077386740726,329.8121331805916,-62.956897519572905,-223.29142933727024,203.37572732988085,150.646249252003,-227.22736147335144,-171.00955267708807,94.86648560446145,-238.6448188290782,4.949187829142747,419.18683732070184,-463.7304389208592,324.5640492388419
87,swing,stance,0.4371859296482412,0.22231429949030976,0.07867394743032274,-2.9469277052064373,1981.2810654145567,0.01965619231006903,0.008745106677191927,-3.068623378180166,279.8801399640194,0.21015677337387864,0.16103500056132233,6.729517768323758,-722.626751383488,0.012085996784399602,0.02810523625260496,-2.7995625831218174,-366.3843097847098,0.20756663371188677,0.043235927930304195,9.032835563345582,890.4336549516324,0.003435092316543542,0.057757437435294844,-5.416066394118509,-388.4018581808781,0.21160384421829195,-0.07519209940144164,-13.444046077312873,653.1810547063591,0.0008599038841600598,-0.043463782776977315,-4.076196097836246,829.0604379150672,0.18874367910557502,0.12467614618508825,0.6853930280802781,392.0279489201579,0.021681014625203707,-0.008954130544799623,1.6249510760047825,185.64838859361186,0.1890628973205175,0.09393645596147167,6.827511358724494,-506.3290405517603,0.008526525378,-0.015274748667537159,1.2237019864382745,-594.5577008268237,0.18091599123251717,0.07233167368166149,1.277476671801936,-447.8082239424105,0.006175482373296098,-0.006294254752049534,1.2352251333019555,176.4013911300393,0.1875270653788089,0.04622817050353125,2.0173938582116335,122.29899871198415,0.0017247662773801214,-0.05500058210036625,-2.9760634667882835,531.5159227559935,0.19339646390848933,0.08262656993579802,13.061627496035745,-708.8867571684572,0.0004553406440036267,-0.025453834400433896,2.1735652876555593,329.67596703107534,0.2502386542530638,0.19820735323310978,3.6207039023026484,-622.8486658489537,0.012234108585558082,0.05372384171984543,2.870856199082855,204.13306195076308,0.22497997125023458,0.14670085929801566,0.4086501351132348,390.68564283678944,0.029541197765650895,0.0311756273889451,-3.381153605309171,157.2176000210729,0.21015351816945757,0.14808870245501335,5.067186728103227,-157.4786039816931,0.03390453433358978,0.007881706287119455,-1.4446091433838875,106.73197677232247,0.19320987634809816,0.1252599065360639,-2.4333513547507164,249.72486093709088,0.03443915434573204,0.016299153928604225,1.9930359867931908,-137.59569512102053,0.17946097163312222,0.1682001880950683,0.059583100855413816,-321.20265987939234,0.03065338945524708,0.0,0.7519087538780589,26.463937297521582,0.16567213388716692,0.17059548863197638,-1.112967355602969,-618.5980299181551,0.021178132856166834,0.0,7.844452490464509,-183.73746673873595,0.16567213388716692,0.17059548863197638,-1.112967355602969,-618.5980299181551,0.021178132856166834,0.0,7.844452490464509,-183.73746673873595,0.21291038769859177,0.009009296323793058,0.18792921938918156,0.007712625859576711,0.2039525209235239,0.026991752890324117,0.16567213388716692,0.021178132856166834,31.90951670344345,138.57757456113987,105.86425101038331,147.46769113192022,91.39011611951281,104.70702341589994,50.04642020794953,158.25460584173535,167.7961134857279,34.418694493390696,161.98014656418957,165.40840388732852,162.79784646833423,160.89928042003294,34.495628166724096,7.352612795832844,176.8721809892883,163.82588858458786,176.37128142941256,9.322398179455009,0.8823928532220848,10.15121599381548,28.969835871593386,-38.238659012186794,-3.0174452386502315,-1.2345764272129909,0.5355236265536575,-9.202398745880751,4.414853453463872,-1.6759670966991453,0.21031276140556218,1.7594963619509696,-1.7066358315216523,1.2033886927527795,0.2094051121115085,-1.2145450471406027,4.746714239514345,5.822817402855549,-1.829257147784281,1.9676990315837244,141.4148968382721,-138.48324355613798,3085.2378688862646,-2805.339728491856,298.58763323421033,-482.50034017112705,-76.86149172136116,-443.9848164232646,336.93360120769586,-129.35818082683122,312.34266076847206,-41.60110955372776,-228.02688235824317,428.7621985188659,-342.11868654854686,-118.0679687282846,-5.4992982592750925,527.4349532253556,-807.4663626005392,392.600079844193,211.90951670344344,253.33194214230352,327.4676911319203,271.3901161195128,196.09713953541274,326.05071932746324,347.7961134857279,145.5813055066093,163.60115894241977,178.19275505509128,195.394908586757,214.4956281667241,172.64738720416716,169.51956819345546,185.6936796088676,189.322398179455,0.8823928532220517,-9.268823140593428,-38.238659012186794,-3.0174452386502097,-4.252021665863267,-4.787545292416924,4.414853453463872,1.6759670966991562,1.4656543352935498,-0.2938420266574196,1.4127938048642767,0.20940511211149745,1.2145450471406027,5.961259286654992,0.1384418837993991,1.9676990315836802,141.41489683826882,279.898140394398,-2805.3397284918647,298.58763323421914,-183.91270693692113,-107.05121521555556,336.9336012076915,129.35818082683122,-182.98447994164084,-141.38337038792625,86.64351197031688,-342.118686548549,118.06796872828146,112.56867046899758,-414.86628275634484,392.6000798441943
88,swing,stance,0.44221105527638194,0.2225380001662225,0.11183906775735003,11.875773894417584,1976.2101313216078,0.01965619231006903,0.0,-1.2042156893033038,95.13594366269734,0.21115447460332812,0.1719870979847852,1.2589272158749274,2421.818464738405,0.012123062585903427,0.003688047249630556,-3.163431708472451,-442.62543100923125,0.20777996315510916,0.12465354901021498,11.960276971416832,1592.5343091427515,0.003604334558028305,0.025906719446915222,-3.925926768005646,1719.316983036219,0.21084814472682017,-0.1473580604673445,0.3011007643862731,2796.564222834471,0.0004332449977152847,-0.04245255920125541,4.324646386309272,1627.5927340022492,0.1894848626564017,0.1404602728363015,1.693808904823652,247.67411553183962,0.021681014625203707,0.0,3.3797483434965248,273.0381075665625,0.1895791878821842,0.12892629815977213,-0.34157230459032756,-1509.013041729713,0.00841831821941022,-0.042910151992503504,-2.2620030977306453,244.998824935038,0.18135941820685186,0.07487008965945327,-2.3870713990545656,-612.1847897418157,0.006175482373296098,0.0,2.8061204715809738,728.303587528014,0.18778685718745985,0.08081126355405449,0.8690139049303146,-1000.7824008930888,0.0011720817732616545,-0.060439910402921626,4.316683236037736,833.4136111161472,0.19410554962967574,0.1437990054242998,-0.9334685800700049,-2723.2780393074927,0.00034872323641017833,-0.010608432055548187,2.53265652284319,-7.065750078010008,0.2513083863431329,0.19516803321222823,-0.9291591105111836,166.96796226593196,0.012530767476838331,0.08792184124851854,1.2677335232340772,-994.6208431074376,0.2256814867285813,0.16091448229531866,6.012646875640937,491.7128187543749,0.029588322527327945,0.0046889137868665436,-3.101974925200058,25.140274354136057,0.21095004019544236,0.1520902855060571,3.5712386864977645,-327.1871078347222,0.033910126850487596,0.0005564554313325888,-0.7842297755683911,-146.553723913872,0.19387687151909588,0.12978687390298216,-0.7357950850932113,961.8928107539804,0.034593322341162275,0.02098995081337832,0.33435862728510113,-234.17648213743863,0.18024479457674342,0.15389805949617205,1.8783666228824771,747.6458453273866,0.03065338945524708,0.0007833687290506442,1.811101424117959,669.2700845674088,0.16642315875368519,0.15457409164456193,-2.314559889523133,22.036191536183885,0.021178132856166834,0.03531467658715105,5.33287489481101,-527.544933925842,0.16642315875368519,0.15457409164456193,-2.314559889523133,22.036191536183885,0.021178132856166834,0.03531467658715105,5.33287489481101,-527.544933925842,0.21308014566286998,0.008954208612929011,0.18846317511251467,0.0075591240455163715,0.20474745635278016,0.027075676917871678,0.16642315875368519,0.021178132856166834,33.49488461901874,145.10481739186415,114.3349947232661,134.05507250388848,90.40748472669348,104.85464380315611,53.16088448216938,149.52535204858472,172.57589199909546,33.64818631046905,162.7020623401365,165.9412618264295,161.58817682271533,161.6881939846024,34.43211871564722,7.219857230565537,179.98869681811604,168.35839119427158,173.55249540056224,10.857952992716692,1.0523175312328303,8.061052041653264,43.39291551787767,-50.40165002829813,-2.3240524589396068,-2.9700506952607464,-0.28975736187417145,-10.746114752540352,5.741768960214137,-1.9792420601042806,1.226861064684749,1.6022979180478962,-2.6020121408619428,3.3109480330147054,-1.5588528147811829,-2.045120931644032,3.125283464292,6.4891822318109655,-5.414248090209624,4.095470254334703,352.3070539938635,463.84450090026036,3117.6071140357853,-3229.1445609421867,-154.54925488190963,-240.82235861974505,-260.4225391599284,-164.90295153197764,29.95387719025034,-37.93381528121797,126.21235514006523,45.59728372025858,12.680481393737004,97.22780959273514,-243.784114565578,-118.50062958521374,-413.51054254027997,-260.4678197788435,-360.7845871727408,326.24249399651364,213.49488461901873,248.39006722715462,314.05507250388854,270.4074847266935,195.26212852984958,322.10124404768015,352.5758919990955,146.35181368953096,163.64975134939445,177.70848952296492,196.12031270024966,214.43211871564722,172.78014276943446,172.7688395875505,184.41044839327893,190.8579529927167,1.0523175312328084,-7.008734510420456,-50.40165002829817,-2.3240524589395624,-5.294103154200375,-5.004345792326171,5.741768960214137,1.9792420601042806,0.7523809954195315,-0.849916922628409,1.7520952182334895,-1.558852814781216,2.0451209316440306,5.170404395935987,-1.318777835874935,4.095470254334689,352.30705399386574,-111.53744690639911,-3229.1445609421826,-154.54925488190526,-395.37161350165036,-134.94907434171412,29.953877190246008,37.93381528121688,-88.27853985884396,-133.87582357910696,-146.55630497284395,-243.7841145655791,118.50062958521816,-295.00991295507066,-34.54209317622711,326.2424939965181
89,swing,stance,0.4472361809045226,0.2234383102215394,0.1980284589320062,16.914480649784462,-454.53839749963015,0.01965619231006903,-0.0033575635670623,-2.112483240866631,-91.37935094310606,0.2118852869214644,0.1736875353942361,31.069401836046257,3921.9387286654346,0.012123062585903427,-0.0036880472496305153,-7.248059377184413,-576.2967451501893,0.2088194331994266,0.163439716587759,25.038205504478654,4685.095666512341,0.00369546135621103,0.018300887003077557,11.863501274587094,1554.931095666851,0.21012285868595684,-0.07216596106590123,14.662127016500715,3357.6854519859035,0.0004332449977152847,0.0,12.28151982178424,371.4179575975308,0.19015534013910568,0.14169935125869268,3.1745801188525187,712.223879237,0.021681014625203707,0.025013189490341103,4.369052659588307,-59.4995814617803,0.19035863901056546,0.09050356847815182,-8.338448859664481,82.98061635173694,0.008095267569030118,-0.03800844814221686,3.6860017345290923,601.3624469441816,0.181668454445175,0.04834100635448009,-4.875134280377075,161.07673001091055,0.006175482373296098,0.021907961042733935,8.554859178809584,720.6785432485411,0.1883392388818647,0.0549619785932831,-8.040720723628388,-937.7685875323348,0.0011173299919236268,-0.011616830984409387,5.399952725333744,-314.50045103235357,0.1948416800434069,0.0732449761662503,-14.308001039717768,-972.5939731411653,0.00034872323641017833,0.0,2.1025527240574693,36.2422642524583,0.25220014202404095,0.1888690707154095,5.298773874824566,902.2161194616737,0.013117745181020574,0.06646488215435868,-7.1253331788812755,-641.5104490365699,0.22659720222807697,0.20712947111350205,5.35048750952903,-179.99951715924078,0.029588322527327945,0.0,-3.1284875313982576,16.247496551453562,0.211682063752433,0.18398054855046803,1.7788740865482517,-96.60875172648645,0.033910126850487596,0.0,-2.9175108912619883,-456.5052487746111,0.19451426704059044,0.11786498105774021,7.233913074937463,2040.1747448247756,0.03465010862526348,0.019659542142524817,-0.3604964970001463,-93.61652774881046,0.18100768579891288,0.18707824460644984,7.573611697110505,-519.2487366046646,0.030661262507800352,0.01820202436299444,7.478241262093178,446.7921728098071,0.16722564234590623,0.1473335801945581,-0.8914980939327808,371.3899928875125,0.021533054228902018,0.053596732611165564,2.54249335553146,-76.07333296408902,0.16722564234590623,0.1473335801945581,-0.8914980939327808,371.3899928875125,0.021533054228902018,0.053596732611165564,2.54249335553146,-76.07333296408902,0.21356647225709682,0.008976990312474693,0.18907267050402354,0.007483563559172746,0.20553783386499344,0.027243436653466995,0.16722564234590623,0.021533054228902018,33.10629406252867,143.09703479237427,138.22997492534034,111.77928434481403,90.85731744775053,101.6000532964112,49.628758122364275,149.56985435652916,173.25875826526828,32.753503051595324,163.40594893003455,166.30863440961727,161.0786669622211,162.93569503829738,33.51755160823433,5.931714444080109,179.1993433244692,169.10245969624162,172.21415007551968,11.951019108627777,4.423167265220689,14.812969771707513,60.30257068602318,-70.69237319251006,-4.570704081684489,-3.654901639471719,-2.08178832480239,-10.85971484167951,4.715897445325682,-2.0572114713847505,1.4787786422102294,2.217760519943515,-1.5791938074639948,2.1805526082576487,-2.240686491562626,-2.405506148499527,0.590829389863318,3.205050369902365,-5.455232898264064,5.246518066724543,906.894172325738,667.4932565649023,24.006028575235376,-3350.7037711923986,-497.96639632652887,-57.68935821721076,-93.25750879757254,-191.98595795315012,-270.41228779300496,34.93800154113984,-75.63039110721958,225.35572037151638,306.9980990284949,-458.7959804146162,-32.86544941930756,69.3703352726697,-441.3366027710997,-674.128615683096,375.63353056274667,59.28880178898402,213.10629406252866,250.0092592701544,291.7792843448141,270.8573174477506,192.45737074416172,322.82861262179745,353.2587582652683,147.24649694840468,163.84054801837007,177.5319136087528,196.45324664653165,213.51755160823433,174.06828555591989,173.26762888038908,184.16516918414746,191.95101910862778,4.423167265220679,-10.389802506486879,-70.69237319251002,-4.570704081684423,-8.225605721156208,-6.14381739635374,4.715897445325639,2.0572114713847505,0.578432829174521,-1.6393276907690382,-0.060133883304999095,-2.240686491562648,2.4055061484995712,2.9963355383628447,-0.20871483153956458,5.246518066724543,906.8941723257368,239.40091576083898,-3350.70377119239,-497.96639632652676,-555.6557545437375,-462.39824574616375,-270.41228779300934,-34.93800154113765,40.692389566081935,-184.6633308054344,-491.66142983391615,-32.86544941930427,-69.37033527267107,-239.20628333135645,434.9223323517307,59.28880178898844
90,swing,stance,0.45226130653266333,0.22452823593438337,0.2818338481571946,7.307548793918769,-1962.1904900058594,0.019622447952611116,-0.02123098734539337,-2.122601125917439,112.41813448679939,0.21290007797412447,0.4842423928194223,40.675396850703585,-3781.2016644464325,0.012085996784399602,-0.06915677061151965,-8.955358795409053,1117.7401399815458,0.20942257337207157,0.3762938053366347,59.046665579581266,2103.9902132075576,0.00378826307062205,0.14513788803573074,11.701521429651216,-2617.3197528471705,0.21012285868595684,0.0,34.046683196405546,5611.659726876066,0.0004332449977152847,0.08097980081667719,8.057490181259347,-1798.764724348927,0.19090897673940363,0.17236560066396514,8.85183784187896,484.3860647157243,0.021932403464302613,0.04391007698078719,2.781762600162047,164.94518157077084,0.1904887714849797,0.04512279203249055,0.49240373914572566,1879.6573090152647,0.008036323765719597,-0.0058649084293968855,3.7818405901506025,76.40890948494179,0.1818452574666959,0.025873765233552802,-0.7682097909047035,667.6481313832937,0.0063956628862884,0.08597848420914192,10.04912090623971,-558.259507154224,0.1883392388818647,0.0,-8.555796020017814,492.8873365774134,0.0010553297030665848,-0.006169028741275721,1.1558746829487418,-476.220369374896,0.1948416800434069,0.0,-10.70828238048377,1060.1794450846742,0.00034872323641017833,0.010522751100808381,2.896900384676943,-6.720851987159188,0.25320656795836316,0.24842204200443516,8.138339577545878,-742.835915195149,0.013198756242208773,0.016310452516043107,-5.179607673113387,547.4930937767355,0.22776318995585268,0.214688226109681,4.203606502181223,77.44360375754401,0.029588322527327945,-0.02675317195582965,-2.9386835025723834,548.6116821795812,0.21279909093464305,0.1699684170291552,2.6002964580908614,1041.9091678380173,0.033910126850487596,-0.028765262068788024,-5.372222225564502,325.3227938299396,0.19506144419304303,0.2024895178722032,19.768473707115678,6.991177517766895,0.0347909056792781,0.017366870441517537,-0.6065109983310885,448.5912358244197,0.18212497793962232,0.2300147599696448,-3.3402136445011092,-1035.7942179025097,0.03083632437346813,0.07594157236817839,6.301475020196442,-887.6744702246049,0.167903898253128,0.14561431180604148,1.4180028530649482,632.3380241331985,0.021716793485424782,0.06086737362766835,4.568318784619157,385.68928130393783,0.167903898253128,0.14561431180604148,1.4180028530649482,632.3380241331985,0.021716793485424782,0.06086737362766835,4.568318784619157,385.68928130393783,0.21424343649163405,0.008982488201337013,0.18928478492327017,0.007553688611157475,0.20647652820577536,0.027340204859699218,0.167903898253128,0.021716793485424782,32.94811214896652,145.68622588491067,145.47194163858865,101.78994462546719,88.267953713853,102.47973314223592,50.179896689682344,146.76966516125668,173.7981250051499,32.78795084688996,163.32137634310325,166.73341143882786,160.1592596145294,164.327226584673,32.6707751719765,5.376415559707315,178.60010468409533,168.94986869942383,170.17992284482676,14.093897580137376,10.166831825963905,14.76952698200407,43.634182136724256,-84.07706481415153,-7.328739859206251,-3.5498432401573394,-1.2270187568246533,-12.675621867647397,3.0240575251085478,-1.6281063662234767,0.46675663144635804,3.86717952982194,0.4833958895752054,-1.3000668455241713,-1.8891588390958332,-1.3479316324212178,-1.3102602821512328,-0.28597973485334455,-1.639036727769943,4.691337608997862,904.7382007238177,-1736.330735769113,-6082.504460949674,-230.35417494341803,-366.7483280720284,69.01856943800851,459.48222511462905,-674.4025738769932,-82.80940987164901,118.43315494380651,-198.57351039542925,314.9037265986855,175.1683201477388,-439.9577493272573,30.026058032460163,239.6090332395745,-223.03089144608995,-501.4815536139532,753.9738866587543,-133.15373003650058,212.94811214896652,247.26188626405582,281.78994462546723,268.26795371385305,190.74768685608893,320.5677901664066,353.7981250051499,147.21204915311003,163.89067281000678,177.15726137117892,196.9980017566495,212.6707751719765,174.6235844402927,173.22368912438802,184.27382042496416,194.09389758013737,10.166831825963872,-4.602695156040154,-84.07706481415148,-7.328739859206184,-10.87858309936359,-9.651564342538892,3.024057525108504,1.6281063662234987,1.1613497347771407,-2.7058297950448433,-3.1892256846199603,-1.8891588390958332,1.3479316324212027,2.766321146374605,3.0523008812279055,4.691337608997892,904.7382007238143,2641.0689364929444,-230.3541749434237,-366.7483280720394,-297.7297586340199,-757.2119837486598,-82.8094098716491,-118.43315494380651,80.14035545162716,-234.76337114704955,-409.93169129479276,30.026058032464583,-239.60903323958328,119.33860300830659,620.8201566222687,-133.15373003649896
91,swing,stance,0.457286432160804,0.22627081120804385,0.2714711603784255,-2.8060267874602243,-249.72486093704748,0.019442815552828896,-0.024690238199398227,-0.9826527435118709,141.2031427202082,0.2167520446382425,0.5824854936927618,-6.932624942309588,-5713.9546363170475,0.011428019665184641,-0.0936916532336405,3.985509868861198,1031.1427544605522,0.212601280489242,0.7568735415081698,46.18383578797155,-6050.314169055133,0.005154133597776153,0.1359041174518327,-14.441219859555147,-2835.5656718138944,0.21012285868595684,0.2700117595009864,71.0607172363603,783.4779604988105,0.0012471123426065073,0.0809798008166763,-5.796517608858122,-888.4015526864373,0.19188765773371838,0.2306625456494354,8.042781774286901,-516.8624146785991,0.022122321931543273,0.05297060255729616,6.0267931778875,112.66981687743936,0.19081213440787692,0.09545234977609877,10.552579371644581,270.0458835889336,0.008036323765719597,0.0,4.453930473071216,35.96261715174698,0.18192849228671823,0.04062030493835247,1.8348971908117617,-0.559294201390928,0.007039587742232192,0.12290415105519265,2.9442108657018435,-637.744534746948,0.1883392388818647,-0.031025921105387825,-3.0870791499860752,1158.466079415382,0.0010553297030665848,0.0,0.6138183597569317,3.5981260291872594,0.1948416800434069,-0.03437595228082203,-3.6529312398718683,1237.2519892563257,0.0004544795288806136,0.029114576730421345,2.0350064729302417,-453.88588759794453,0.254696845963784,0.2706614282786841,-2.1669137150763786,-442.6440741491827,0.013281669326910453,0.014408523630606393,-1.6228900253462821,273.7651900284168,0.2287548728422446,0.2493767726429613,6.128815185484241,48.024728762531375,0.029319446427269358,-0.029534507563541344,2.385197716637697,584.7980170118985,0.21339028904920843,0.21011418129509962,12.25032300954333,1144.204077279089,0.0336210287392435,-0.053992183171502166,0.3520649261243176,1069.0722228873256,0.19654933757196935,0.3165431087674442,7.304176165568285,-2446.24097820068,0.034824650036736016,0.013563954219599345,4.147958134401026,453.25202083628307,0.18331939192926106,0.1535082582295545,-2.836380442613139,2117.692921142513,0.03142449439089762,0.0815334316011492,-1.443110197450529,-593.9051909251169,0.16868910276606744,0.16158486514998463,5.463657927506357,922.5930715336281,0.022144786627170038,0.09950948421537789,6.4187675394906085,-417.8673410260173,0.16868910276606744,0.16158486514998463,5.463657927506357,922.5930715336281,0.022144786627170038,0.09950948421537789,6.4187675394906085,-417.8673410260173,0.21643674875537128,0.00931802028959905,0.18956184067071705,0.0077416085342884525,0.2075666400204225,0.02743601259137116,0.16868910276606744,0.022144786627170038,40.09735901402539,163.5857334039842,178.90065467089383,57.61097093914739,85.63370582731585,100.7680515096691,49.43109589438269,142.25001653377237,174.72064490882994,31.725074634067926,163.91543884361673,168.4474598356388,161.49868909759908,162.0271763061756,32.386161282901895,5.040516278697297,179.28143735802627,168.77117065699085,170.31987947264187,15.149870949696243,13.516013503650957,-2.637590386775917,-0.8281274139731258,-73.0074905286248,-8.256616926629473,-2.961247675270633,2.5361234853948553,-17.63763015702613,3.8836420697312253,-0.8669285071253965,-0.5169350301056292,5.38262209379963,0.18129182216150908,-2.2411333146293297,-1.9389170641007167,0.002624838832864007,-1.6506871070822946,-1.8349652443081863,2.122394103331407,3.908289624146657,218.6697021219518,-4447.9217983072085,-9258.621871142188,3553.1846079344296,-79.53443176848788,-3.6699594483041866,404.8051067981681,-485.73636448632806,-2.273133528646243,137.7473814861606,-99.32960279564519,81.99102402681656,-100.91885856220074,17.053695858776656,-36.54364001390683,205.0905596703149,-93.58595090762628,-324.30727377564295,555.7448911484865,-109.66608391708405,220.0973590140254,236.51162561004122,237.61097093914748,265.63370582731585,186.40175733698496,316.97066144260225,354.7206449088299,148.27492536593206,164.35948652231536,175.91202668667657,194.41333758907749,212.3861612829019,174.9594837213027,174.24092107932896,185.46975042233808,195.14987094969624,13.516013503650912,16.15360389042696,-73.00749052862481,-8.256616926629517,-11.217864601900107,-13.753988087294994,3.883642069731181,0.8669285071253965,1.38386353723107,-3.9987585565685153,-4.180050378730025,-1.9389170641006945,-0.002624838832908194,4.195718483169938,6.030683727478169,3.9082896241466734,218.66970212196063,4666.59150042916,3553.1846079344245,-79.53443176849663,-83.20439121679208,-488.00949801496563,-2.273133528646243,-137.747381486165,-38.4177786905242,-120.40880271732759,-19.489944155144446,-36.54364001390352,-205.09055967031762,121.77153345575479,446.0788072314021,-109.66608391708868
92,swing,stance,0.4623115577889447,0.22725658930502082,0.25363257391136307,4.797751196561497,1876.9354105683226,0.019374304855129726,-0.031106894315361965,-0.7034740634027775,331.78264185641797,0.21875420353887587,0.4145677702836472,-16.751282911277038,3145.377373124321,0.011144372128785121,-0.029101395045075272,1.4078849680136276,-969.1636353724845,0.21702934263346024,0.840452958984592,-1.7605119988625397,-4102.031461524787,0.005154133597776153,0.0,-16.79662602576493,1095.0887248237204,0.2128365447110924,0.714178062676991,41.920833553177545,-4515.238017538861,0.0012471123426065073,0.022723342436193304,-0.8711686397099111,841.8589535576909,0.19322719327859395,0.2531975782949896,3.657240709430705,-965.5841524833098,0.022464771329200064,0.1044808626881995,3.9141225687795327,-1417.2235417054862,0.19144809158323195,0.15117886611937123,3.2064327199390394,-889.3337096887959,0.008036323765719597,0.038898211902977334,4.1432739283591165,-464.0930067739691,0.1822535017374331,0.044314943030656015,-0.7738308381548636,219.63483290032778,0.007630880484833055,0.11556854316091937,3.639628094712566,-328.75313159865914,0.188027420579298,-0.031025921105387825,3.0870791499860752,993.4929331345427,0.0010553297030665848,0.0,1.19203675359384,87.94901317436747,0.1944961930858107,-0.036712876782632,1.7264109788763407,581.5168243635368,0.0006413320477711981,0.03097507746191643,-1.6647668273627196,-518.7080855432962,0.25592678331794794,0.22664401471723528,3.689655415242515,1791.195609489638,0.013343565524928436,0.0,-2.428198728104161,123.4921596750406,0.23026948917839501,0.2762843586271108,4.686267092759429,171.33045703717806,0.02929149330558381,-0.0027813356077119895,2.938683502572351,-78.0028979589824,0.21491079124916668,0.2930872412456716,14.099834923207384,-1264.2286129051793,0.03336749184373883,-0.025226921102714465,5.3722222255644425,214.72236549778003,0.19824278196960027,0.2758983235563069,-4.816862757212868,-447.5099337016325,0.034927226827213775,0.05905489189278431,3.9487856934908714,-679.0204468122585,0.18366777450474348,0.20150842386297996,17.943132296629766,1055.033938431559,0.03165575584684652,0.06143795229329864,0.33257862898921114,31.432334120199823,0.1695278667470977,0.20052544675585435,10.690295029282355,84.08056161449203,0.022716888804172303,0.12537760015521243,0.368647015513437,-1319.3563780258307,0.1695278667470977,0.20052544675585435,10.690295029282355,84.08056161449203,0.022716888804172303,0.12537760015521243,0.368647015513437,-1319.3563780258307,0.21896917004711233,0.009229980731074377,0.1898904800528735,0.0079657274661181,0.2087575811611585,0.027550403692080613,0.1695278667470977,0.022716888804172303,44.067132872959554,150.1306382216639,149.04284198091096,42.97933663220658,82.97061806325434,99.55425255691148,51.23885838403715,134.94791442249954,176.33809781362916,31.864043168710445,162.99889961373884,170.48303134547882,162.00322637497442,160.35083301822908,32.29996647886835,5.782488754443384,177.6431138127735,168.19564711291835,172.61531212500336,15.763438194861408,12.364517274425742,-29.933204659274598,-49.41729395515742,-48.36666674445861,-8.128080882005127,-3.5867272547131606,2.8413742763227816,-17.5573943750477,3.0012119620065754,-0.24371057239271082,-0.5315308338365125,4.6912099220512555,-0.5308639954720425,-1.1286729172952594,-2.2564316030546974,0.7132800225568302,-2.250822602830898,-3.5453493205382123,3.9463390626671315,3.589165911338721,-3.481896299475469,-3525.7921047371797,-6366.207635454113,5818.594101101402,160.49564065431608,26.92477299963511,66.1184231738547,458.21975289444663,-336.91776241436236,113.27823022184471,-42.06477803200444,-157.7891641555924,-190.09976555475794,313.20393517696704,-36.5284576564746,69.59971230538613,-33.03129670093135,-267.1341936136474,68.71452233250949,-8.865973197716189,224.06713287295955,253.93649465129567,222.97933663220664,262.97061806325434,182.5248706201658,311.28601223612867,356.33809781362913,148.13595683128955,165.1370572175507,174.65402587207188,192.6507994970974,212.29996647886836,174.2175112455566,176.57439743278314,188.37875031986476,195.7634381948614,12.364517274425797,42.29772193370035,-48.36666674445862,-8.128080882005149,-11.714808136718288,-14.55618241304108,3.0012119620065314,0.24371057239268873,0.775241406229157,-3.9159685158220103,-3.385104520350056,-2.256431603054664,-0.713280022556873,3.9901556534676232,7.5355049740058355,3.5891659113387044,-3.4818962994655713,3522.310208437697,5818.594101101396,160.49564065432048,187.42041365395346,121.30199048010626,-336.9177624143491,-113.27823022184471,-71.21345218984906,86.57571196573889,276.6754775204881,-36.5284576564746,-69.59971230538476,-207.28564447886902,59.84854913478278,-8.865973197717823
93,swing,stance,0.46733668341708545,0.22881988230263042,0.3196897653689935,16.057645680563198,182.77734502629704,0.019130183449156915,-0.03176032928887341,2.351846169617972,300.25709203600184,0.22091855489234952,0.41413089156937377,24.679207953412366,4394.803332831732,0.01113554333307333,-0.07954205556516177,-5.754828175083411,447.10910619066215,0.22104804389612237,0.739179953579903,4.957388938476025,2550.474774206596,0.005154133597776153,-0.032906194364901005,-3.4353030271559004,1414.221996157876,0.21730052765758492,0.6913266695831746,25.6814406781806,3594.639761990393,0.0014754876434727726,0.07222433710099876,2.6643763967468486,-628.357713733028,0.19443235701306502,0.267418733683915,-1.6615815672539425,-834.7093093494778,0.02317238085303272,0.09230851782141224,-8.21665950256971,-1270.9960727425173,0.19233151999701634,0.12767780424784805,1.6145521385913173,438.1883636778551,0.008427260568764597,0.04164094400360939,-0.21032085129030265,-305.53310066948177,0.18237386859858412,0.03284311058503722,4.0422824460914475,887.4321094039699,0.00820108063832184,0.15948332788647487,-0.3598407081540413,-1275.3772106537147,0.188027420579298,0.0,6.897774449356104,208.91502737298288,0.0010553297030665848,0.011980268880340154,1.4977280399013322,-206.79903097758012,0.19447270640740055,-0.017025088171511996,2.191458954736566,142.1912291427825,0.0007657868400556544,0.012383251832303488,-3.1781401154446165,14.811974767792625,0.25697467525742457,0.30774339225097086,15.835052209442674,160.05135730827044,0.013281669326910453,-0.00999548368702347,-0.3817627924312959,222.88806083861238,0.23153160006462764,0.29647493437923716,7.850729326561415,-135.92713408675675,0.02929149330558381,0.0,1.6012489934318404,-24.77673312320819,0.2163358894637378,0.3518210649454257,-0.4554921955339029,-2492.3454635384182,0.03336749184373883,0.0,2.510078649720106,-324.84739375872573,0.19932218504489707,0.26813242779043023,2.806588892185024,500.53102399691,0.035418166538171036,0.05325024259639219,-2.6763679642146663,-572.6799759809663,0.18534460221934126,0.3338412461353821,7.766975722528202,-2629.875907669207,0.0320419612481167,0.08487593038496039,-1.1272073419711324,-761.0316198815106,0.17070443388924186,0.26902501619804897,6.308688697501255,-1694.605500903139,0.023404863010639515,0.10321447934616622,-6.84109555624644,-259.2048976512858,0.17070443388924186,0.26902501619804897,6.308688697501255,-1694.605500903139,0.023404863010639515,0.10321447934616622,-6.84109555624644,-259.2048976512858,0.22202175218717182,0.009223837005869793,0.1903275745190728,0.00832436772064828,0.2100355643232117,0.02780094087886006,0.17070443388924186,0.023404863010639515,45.33633453253659,134.09615620698162,133.22847541558852,44.468653741143434,81.89125702944023,99.40994612638086,52.95097749445571,130.92240604171045,177.42781961965494,32.179782249437274,162.8354147395742,171.8575530563911,159.54788380790944,163.04050628551238,30.538859861175613,5.530175687143793,177.304754159636,166.68675874851445,173.44521982803693,17.03309157666883,13.481019570992911,-38.07268691679798,-64.8101136999444,-14.529157854238598,-6.643595412515737,-2.6906469416059573,3.200630250961237,-13.032406509845742,0.4975339047627447,0.2715461684710377,-0.9396966183669823,3.7968013485172873,-1.7292585854240061,0.9066449283552772,-2.3060372415527244,0.7021194348668985,-1.9826599382474352,-4.519731009269479,2.81299231772849,3.819184365878152,609.7317385186464,457.59223857832086,3704.8097319718686,7961.03515685088,305.98549632947095,200.93636527305128,102.36447430239298,856.1892191306866,-451.6318318305531,42.90319834086997,-55.671138011245056,-193.12095869796013,-82.55585059921982,344.4142919070278,-55.969542939482615,-144.34460547704595,236.53219065024564,19.30817437991104,-330.80694316621555,-24.723817169657398,225.3363345325366,271.24017832555495,224.4686537411435,261.8912570294402,181.3012031558211,308.3502256613654,357.4278196196549,147.82021775056273,164.98480301098854,173.1272499545974,193.57936614668796,210.5388598611756,174.46982431285622,177.16507015322023,190.47831140470575,197.03309157666882,13.481019570992967,51.5537064877909,-14.529157854238676,-6.643595412515737,-9.334242354121672,-12.534872605082866,0.4975339047628331,-0.2715461684710377,0.6681504498959003,-3.128650898621387,-1.3993923131974693,-2.306037241552702,-0.7021194348669288,2.1124456743370748,6.632176683606642,3.819184365878152,609.7317385186387,152.1394999403225,7961.035156850878,305.98549632946646,506.9218616025244,404.55738730012916,-451.63183183054,-42.90319834086887,12.767939670380574,205.88889836833192,288.44474896756054,-55.96954293948487,144.34460547705447,-336.22258595596026,-355.53076033587126,-24.723817169655764
94,swing,stance,0.4723618090452261,0.23046955177104084,0.415015947585364,6.634709438031806,-2760.8066802232,0.019055105565794317,-0.007470249394578482,2.3141851530394315,-405.50693917450207,0.22291632305213588,0.6626000110214583,27.4175948056245,-5275.896774619516,0.010344954484914154,-0.08693886414139057,5.901443824201157,1136.6256408496913,0.22445828689054464,0.8902759633913859,23.872400304721168,-3301.047592521397,0.004823418076520869,-0.034525658564380675,-2.5833396322185327,116.83655867807227,0.2197845514405715,0.9722829941159903,78.04786633700034,-609.6120364152679,0.001972985077289907,0.04950099466480467,-7.186321541549346,-502.4885537018912,0.19591481874275388,0.23649826606128177,-4.731797575488615,191.93112678963695,0.02339249512640018,0.02190137020006228,-8.8597073080296,642.6103942993581,0.19273128559577313,0.16740552077858034,7.610335872480267,-51.11949001040025,0.008454825715504613,0.03678443450307481,1.0725894995201244,64.15104490363923,0.18258358325085056,0.08494089726273059,8.145084834246784,76.94023897626825,0.009233728001280028,0.11195205363173305,-9.178233318892522,-141.91158204206587,0.188027420579298,0.038298445219798694,5.186727666297447,-537.835947232125,0.0011757344154318117,0.015052543114586151,-0.8863454672863481,-298.0478799403638,0.19432508667202666,-0.014688163669701831,3.1554685582007784,84.69578523603795,0.0007657868400556544,-0.0009660292259689478,-1.5159027593447043,307.1177675735003,0.25901968173253054,0.3857902680784671,5.298211770099494,-2218.1980891389107,0.013243108402445788,-0.003836811984234104,-0.18811771465078536,-138.993930624579,0.23324913676009587,0.3551861609041094,3.32016524264128,-1316.783624699379,0.02929149330558381,0.013311619100145595,2.6896711093742804,-155.27871345616114,0.21844668134912068,0.28850943023528064,-10.9488632028067,183.84000400899686,0.03336749184373883,0.0,2.10742429834109,70.86257532077985,0.2009375802388508,0.3041052470958547,0.21359979551986177,-877.8122491394072,0.03546240514476545,0.03215672139816473,-1.806791954559002,104.62530194689626,0.18702296290811413,0.2795684813758257,-8.487781348286715,-721.3963041403697,0.03250878027282601,0.05010923528856372,-7.315980364794764,-49.12467402533335,0.17223163575411324,0.2639293532634042,-6.340916035070686,-1067.1892657425133,0.023754220254887534,0.05662287094670596,-2.2364273327406745,737.9327693625362,0.17223163575411324,0.2639293532634042,-6.340916035070686,-1067.1892657425133,0.023754220254887534,0.05662287094670596,-2.2364273327406745,737.9327693625362,0.22440717828857323,0.009049115801129812,0.19071643896814044,0.008604514019734458,0.2118179464571375,0.02793791653737457,0.17223163575411324,0.023754220254887534,49.06897549099395,123.46586456097533,105.77520495657075,31.378315886589373,77.96905386610446,97.64172795387766,51.568520236855626,127.76668479089743,176.27557679222912,31.912230551495906,163.48317511669654,171.4274346806916,161.1929915443396,161.36410179292199,30.62006631385435,6.11895519357748,176.68846721188672,164.9096508702194,173.8719263935053,18.41100033081108,18.492474445467373,-25.334287688638238,-12.183025292123814,31.643736841981855,-5.052849763115993,-1.5672662971950708,3.8701629627789855,-8.952477599864977,-1.5378014232250838,0.18747735063110507,-1.09103975857264,2.750295764282825,-1.3605710366702262,2.3327772526245947,-2.818939572295725,-0.7374195299762853,0.12638534340271057,-3.351297316720012,0.6216461665242841,3.3406853367693015,446.86885094769974,2142.6879504087815,10928.75448809902,10998.707009659944,295.33342727376396,224.32750645331365,288.8286233982787,457.9347090623387,-227.10239873352867,9.84156357318478,-26.565162553425722,-242.2894571552918,149.79110908696302,172.1510102424484,-62.9290631938688,-141.95647210543805,126.59866579340564,403.17871788631516,-278.67239947892523,-191.92307660553223,229.06897549099395,285.60311093001866,211.37831588658943,257.96905386610445,175.61078181998215,304.04226158312656,356.2755767922291,148.0877694485041,164.60459433180753,173.17715965111597,191.98416810677634,210.62006631385435,173.88104480642252,177.19257759453578,192.28292672431635,198.41100033081108,18.49247444546735,43.82676213410559,31.64373684198182,-5.052849763116059,-6.620116060311042,-10.49027902309006,-1.5378014232249955,-0.18747735063111612,0.9035624079415238,-1.8467333563413013,-0.48616231967107504,-2.8189395722957142,0.7374195299763281,0.6110341865735733,3.9623315032935857,3.3406853367693015,446.8688509476953,-1695.8190994610857,10998.707009659958,295.33342727376834,519.6609337270777,230.83231032878368,-227.10239873354186,-9.841563573181482,16.723598980248635,259.01305613553603,109.22194704858617,-62.92906319387101,141.9564721054427,-67.41675819813234,-470.5954760844607,-191.92307660553112
95,swing,stance,0.47738693467336685,0.23299089685122706,0.3863702622336351,-11.68915512570024,-1520.3853571587952,0.019055105565794317,-0.008502187047270982,-1.723600455251413,-460.44827289465763,0.22757785148553003,0.6896846082088172,-28.344880233718676,-8014.779122146909,0.010261785904516638,-0.020231062357109687,5.668545099787908,-588.7596842720086,0.22999554101563383,0.9791035747328806,-28.218968775307,-7794.3053479445225,0.004807142054415542,-0.058869406749006974,-2.261066256522003,839.8641375726035,0.22707221604066025,1.475727336286699,19.55468654335376,-14115.8958478318,0.001972985077289907,0.0,-2.385759821362632,1167.7503631590946,0.1968092240086558,0.21986297915639103,0.26737448088312077,687.4657892538132,0.02339249512640018,0.0032662333186017994,-1.7582635799630688,964.4935287905879,0.19401398754252971,0.20416359191096664,1.1007884198938251,-950.296777644354,0.008796953377840727,0.05242073796863581,0.4344132683442653,-330.27254751256794,0.18322754595800855,0.11470325967294495,4.815551179521282,-235.91029416191174,0.009326226905977453,0.06723977694283104,-1.786087763853202,1061.4098923278375,0.1884123295764819,0.052127916244195674,1.492388045013116,-272.8982840162201,0.001206611543414185,0.003072274234246164,-1.4977280399013322,-28.59857683295043,0.19432508667202666,0.014688163669701994,3.0426728767068005,-445.3473294561254,0.0007560780036137554,-0.0028519517792011447,-0.09152938606269076,-45.013861644824004,0.26085196438384134,0.36099175174945847,-6.458395922606778,-1438.6351880502443,0.013243108402445788,-0.011886113985021322,-1.7786867183064679,29.62394953557906,0.23510131022446795,0.3298434292801547,-5.383276951824364,-687.3725735536399,0.02942527842216819,0.027031870445972786,0.04065890844528952,-535.2445507654854,0.21923548172740898,0.2417822387865639,1.3921460357123048,1102.984094633879,0.03336749184373883,0.021180143701920593,3.222265336361113,-290.24572583044124,0.20237851918656397,0.2702791594036952,-6.015644767507549,-232.8901054741716,0.035741349667800834,0.03509152948524636,-1.624857391884046,-65.66113924752882,0.18815433570050535,0.24853691097672126,0.5167616105646569,1351.7022260083704,0.03254557165302689,0.011348489532751395,-1.6209226588086556,922.7795029341506,0.17335699020344694,0.20529721685060462,-4.416831561217517,1335.3894784666898,0.02397393709050591,0.08073782273570708,0.5753141860906396,-451.7978559125865,0.17335699020344694,0.20529721685060462,-4.416831561217517,1335.3894784666898,0.02397393709050591,0.08073782273570708,0.5753141860906396,-451.7978559125865,0.22940912634826277,0.009024254650504101,0.1913576347515405,0.008695672991449261,0.21317976690437238,0.028049456179947738,0.17335699020344694,0.02397393709050591,58.38412518848805,124.47952389717159,110.20811124991388,44.1127125412304,79.15838626779363,98.03245408515103,54.630557815292114,126.91762134387776,175.6426611937748,32.1459862280565,161.80782715206178,174.06207236734923,159.32161080366436,162.58014656399624,30.082356884871853,5.91696884454763,176.81101722510667,164.24928213489954,173.92274020741323,19.099991588032932,17.97216380162308,-16.538134651382997,45.02661482366433,96.01061108706786,-3.675420264035684,-0.4360991380550567,6.103430486119829,-8.430047624797092,-1.7849022634134328,0.3704563551362118,-1.20668317669287,1.3617314273585654,-0.22382030314296414,2.636805835314565,-2.938490137973519,-0.7245787772480631,-0.7103115383137045,-0.4676835933265953,0.01226468477445594,1.8903092241140007,-1223.262865803661,161.17173055241832,7772.621509499816,9857.315900831107,160.49478289062804,175.05251978202983,385.7524027607589,-2.0375451659123667,-48.16755492219176,44.34359229735633,23.639859808322875,-269.0821571799329,151.37064741457232,25.178385517799686,24.549672141881143,171.46779705234542,-393.4969439201566,588.5331175622508,-5.0753182073914,-361.42865248704635,238.38412518848804,293.9046012913165,224.11271254123045,259.1583862677936,177.19084035294472,302.5602825376526,355.6426611937748,147.8540137719435,166.0461866198817,171.98411425253246,192.66250344886808,210.08235688487184,174.08303115545237,177.27201393034568,193.02273179544616,199.09999158803294,17.97216380162309,34.510298453006044,96.01061108706791,-3.67542026403564,-4.111519402090718,-10.214949888210658,-1.784902263413477,-0.37045635513617864,0.8362268215566914,-0.5255046058019184,-0.30168430265891005,-2.938490137973519,0.7245787772480796,1.4348903155618724,1.9025739088884237,1.8903092241140118,-1223.2628658036567,-1384.434596356082,9857.31590083111,160.49478289063688,335.5473026726491,-50.2051000880998,-48.16755492220056,-44.34359229735632,-67.9834521056792,201.0987050742537,49.72805765967699,24.54967214187734,-171.46779705234954,222.0291468678158,-366.50397069443505,-361.428652487048
96,swing,stance,0.4824120603015075,0.23435266998444418,0.29753700159842766,-8.645545407785129,490.12815185043854,0.018969656449741343,-0.024792867035296085,-2.3134356800726747,263.8750042331722,0.22984782665222445,0.37772684284338304,-53.13294913554993,648.7999167951779,0.010141627225043706,-0.029968561630959723,-0.015738932301402355,-290.8516278820062,0.23429852382253333,0.6066682370063928,-54.46232681029863,2576.593813413285,0.0042317657473851245,-0.057249942549526284,5.857505971526169,1028.6166089841252,0.2346159819560156,1.1688125071145192,-63.82043364120776,-6720.8892734257315,0.001972985077289907,0.025523509022969335,4.5498630128133355,724.9571438894452,0.19812449692523015,0.23918544677367493,2.1774063366099634,158.4666904042881,0.023425321591913767,0.004230379446664721,0.8336949913732284,340.3211999982218,0.19478318099186323,0.1784687209785182,-1.9403855108800119,50.63476836914473,0.00898166730312909,0.041150396998997044,-2.2467325860333,-126.67081505312211,0.18373637983047814,0.13333839655440144,5.774127103976331,0.6525099016695765,0.009909504653971793,0.09400142283923868,1.489202784904768,-96.47824974608746,0.18855131923501856,0.053297320044051015,2.444031344526409,312.6641017376714,0.001206611543414185,0.0,-1.1737683500295666,62.65027212983489,0.19447270640740055,0.015891463231873848,-1.3203839991471857,224.8176258335884,0.0007371240081038843,-0.0018859225532321653,-1.9683033788906712,-196.30294313078502,0.26264773953905773,0.32088176634372606,-9.160433335933016,292.49222420617804,0.013123649970435525,-0.021713060409424615,0.10961042138518312,21.905689555879192,0.2365641460995949,0.30108287495612623,-3.588101828249526,204.75760714246846,0.029563170395493082,0.013720251345826894,-2.6896711093742804,-326.04987629177583,0.22087665359823186,0.3025008476796253,0.13640407994577844,-575.2713724475432,0.033580357609587275,0.03238457624483509,-0.8096181723165916,-623.0257756794084,0.20365395370019446,0.24364650571386967,-2.127004279597425,866.1975728898224,0.03581508383305938,0.015826496354104075,-2.4667029017703426,158.38279627408753,0.1895208213098902,0.2847620654016011,5.097165646772193,-261.1531057862198,0.03262283544400944,0.03381855530053714,1.958185493839854,232.54520738327423,0.1742949243656771,0.2195390863164948,7.0800837485140455,1124.5355645288168,0.024565655659266494,0.06240492306821989,-6.777109301711362,-522.2782468623665,0.1742949243656771,0.2195390863164948,7.0800837485140455,1124.5355645288168,0.024565655659266494,0.06240492306821989,-6.777109301711362,-522.2782468623665,0.2332787506038044,0.00882900862486502,0.19193361667799813,0.008852045820106545,0.21459303976877434,0.0282117921519752,0.1742949243656771,0.024565655659266494,62.965294130942155,115.9820113898895,151.01689667101272,98.00017941206535,76.97463558047198,98.22427492369788,56.245026921343936,123.48719612562849,175.46668745719742,32.22170836432609,162.14170408224066,173.02967805581054,159.8790980285981,164.84109096445422,27.886720504570324,4.121795291567322,178.35518281069838,164.84372094839532,173.2116922991646,19.46760865017435,6.198375291661817,-23.714471301176758,65.93377379832607,130.7122383578717,-3.4398368697428574,0.19205550965948853,7.747071533238848,-8.972955440728418,-2.021897452593842,0.633141594825638,-0.8534532278357282,0.045952476042311584,0.16074200267219882,2.585826353305997,-2.572209199010489,0.985874912760843,-3.828357811573711,2.5636083874231725,0.5706379433344211,-0.29176343194470794,-2196.743746294566,-1615.334085791417,-263.42614171006505,460.9368046817634,-64.53183587591698,80.86588436457295,139.40679199375765,-42.390372342604,-80.68237116250427,14.796358741695188,141.3301801986737,-229.97946042594467,147.29716779686458,-332.8305916844837,259.3863453731994,347.90928403823307,-479.71633556536,387.6134794413647,71.58293353365566,-327.38936144791774,242.96529413094214,306.9832827410526,278.0001794120654,256.97463558047195,175.19891050416987,298.9538835828259,355.4666874571974,147.7782916356739,165.63658755343323,172.6069094976227,192.72781146902454,207.88672050457032,175.8782047084327,177.52302189773428,192.67930094933894,199.46760865017436,6.198375291661839,29.91284659283853,130.7122383578717,-3.439836869742835,-3.2477813600834353,-10.994852893322216,-2.021897452593842,-0.633141594825649,0.2203116330100791,0.17435915696776752,0.01361715429552451,-2.5722091990105165,-0.9858749127608417,2.8424828988129134,0.27887451138974073,-0.2917634319447245,-2196.743746294567,-581.4096605031456,460.9368046817634,-64.53183587592568,16.33404848865379,-123.07274350509074,-80.68237116250866,-14.796358741701788,-156.12653894037106,73.8529214855824,-73.444246311291,259.3863453731972,-347.90928403823045,131.80705152710755,-255.80642791425709,-327.38936144791717
97,swing,stance,0.48743718592964824,0.23598121847533188,0.29948035863780426,-6.763244051826465,-238.59490632860513,0.018805931022726013,-0.03175279689724771,0.928409637544299,544.5474776492076,0.23137410116234797,0.15568511940931803,-21.82427805487264,6598.552988433895,0.009960594330336137,-0.020389242581244384,2.7454131612752697,203.42462262895475,0.23609270922675338,0.43174350628766583,-2.3235535651231207,6738.823974151827,0.0042317657473851245,0.0,8.076789110152667,438.6171558989882,0.23881907540864541,0.8343159429077237,-47.991939320221725,3787.4657595024937,0.0022295027559127156,0.04572726646043573,4.900241624762478,798.0289313059054,0.19921309784557717,0.2417464599263405,1.8600045351975811,20.600669752599625,0.02343501150274857,0.011645077453006141,1.6620499878582708,141.11924858999842,0.195807643029751,0.18466222999257448,1.6096805643073422,357.51949669211393,0.009210525206976378,0.029840510973326167,-0.8386602497775704,358.1347203136746,0.18456763034548998,0.17273468785361185,4.822109067980273,-692.3689350862252,0.010270964823959755,0.08220663910267802,-2.755718414567653,-220.296664372017,0.18894798103421107,0.07669104533491346,4.634740826296259,150.00270482271316,0.001206611543414185,-0.008724392600221894,-0.8680770637220844,203.1636186682884,0.19448479987033696,0.0014179727234990636,5.302146503175035,1112.9208882791932,0.0007371240081038843,-0.022633895285640138,-2.064423286874609,414.64207779779616,0.2640769067591552,0.2689270951069152,-3.5187755788260815,640.8206528549515,0.013024886689788254,-0.010784501709793346,-1.5585290343277816,-455.55444863219424,0.2381272687667406,0.29378210437312413,-3.3254115534075863,-294.82261671209034,0.029563170395493082,0.0,-3.236224270366542,-54.62440033935864,0.22227569125182733,0.24315313406240088,-4.38947579793137,860.2690543547069,0.033692964971827624,0.013043277648487476,-3.039300248356587,66.40686484939015,0.20482722778670337,0.24890223197055514,2.689858477616332,476.40680077542714,0.0359004099326662,0.010300545547855876,-0.03307049465702877,364.6318546202322,0.1910162660060491,0.29976470642166814,-2.1078927189451013,-870.5414245208505,0.03288545663092174,0.0310287457522475,0.7162151038373263,-82.11371033948139,0.17556341318150218,0.2764538374386858,6.885033408921394,-467.47673669251793,0.024601122246970433,0.01262617146222577,-4.673713420566332,761.1994081419183,0.17556341318150218,0.2764538374386858,6.885033408921394,-467.47673669251793,0.024601122246970433,0.01262617146222577,-4.673713420566332,761.1994081419183,0.23556677606826967,0.008806948464089998,0.19260423042507324,0.008972047417040555,0.21598112895866298,0.028278001811277886,0.17556341318150218,0.024601122246970433,62.48712547703426,113.01020083907342,165.7707534043768,143.70617123358403,76.53634659951183,98.07403312460545,58.818213746836086,120.63889520963801,175.15327076764322,32.510271842931836,162.09232738506705,172.60771561950244,160.47512530135657,164.1186280413869,28.195931809755223,6.275617824498766,174.4109676075131,165.9447601463648,174.1266412995023,19.242013122121055,-4.1056627943023,-32.772648076422435,42.379115912005375,100.64314178738711,-4.323981428617767,0.37662331787030306,7.504503772489259,-8.856081517687587,-2.5957803655491576,0.5191634781683249,0.213720644399334,-0.9496199337062151,1.2565532425541737,-0.7082252368913162,-0.33159219452426814,2.771996941729169,-5.531581242488198,3.427929265380604,0.7316911524493904,-1.400036117071116,-988.7475894203576,-733.2192233203385,-5267.856760837556,-8238.923438845255,-80.8511161858799,86.205904480065,-128.9025673088121,178.86539011275752,-44.608034509755996,-19.311393441778527,220.19838254701426,-152.16330634242792,88.78865312879664,-538.3618258734647,400.8494899818723,114.02217494618253,133.3868629477135,-158.30882039447735,-53.8070422643455,-35.293175235079765,242.48712547703428,309.47692463796085,323.7061712335841,256.53634659951183,174.61037972411728,295.79216597728123,355.1532707676432,147.48972815706816,165.39740077200113,172.78968515249872,192.31455985114212,208.19593180975522,173.72438217550123,179.31341456798813,193.36865442162335,199.24201312212105,-4.1056627943023,28.666985282120134,100.64314178738717,-4.32398142861781,-3.9473581107474636,-11.4518618832367,-2.595780365549246,-0.5191634781683581,-0.7328841225676478,0.21673581113861146,-1.0398174314156066,-0.33159219452429023,-2.771996941729126,2.759584300758939,-0.668344964621709,-1.4000361170710995,-988.7475894203576,-255.52836610001026,-8238.923438845255,-80.8511161858799,5.354788294193888,134.25735560299725,-44.60803450976037,19.311393441781817,-200.8869891052324,-48.72368276280449,-137.51233589159233,400.84948998188116,-114.02217494618417,-247.4090378939109,-89.1002174994291,-35.29317523507921
98,swing,stance,0.49246231155778897,0.2373625228350754,0.22956469957002068,-11.043484164856547,590.3163864659294,0.01865053286283433,-0.015462116909222688,3.1594032912761687,308.32957167661334,0.23141250121915227,0.1583873649049636,13.184166326097541,4329.496413245192,0.009936710214176928,-0.002376469557841316,2.02872963683383,-226.11332406685383,0.2386376545389923,0.5833159398694769,13.264547301780333,-119.5211708450282,0.0042317657473851245,0.023923817351505908,10.265718593626572,825.070805944869,0.2430010668093596,0.6864814586700777,-25.755451133644836,4288.239144319706,0.002432555594480218,0.07477216856832108,12.570254282219453,599.2650936887943,0.20055410958780645,0.2578789596902336,2.384448243671267,371.2967771872035,0.023542357546215337,0.020934399425139878,2.2519788968003542,462.3125868994189,0.19663908280083384,0.1946464150921599,1.6527752598950178,-712.9323185587664,0.009281571936026842,0.0327216507700767,1.3526113367172146,484.88942949700805,0.18547240684408228,0.18180180427279635,-1.1843546556842532,-903.9126452060167,0.010735702031888159,0.0663057603812722,-0.7248340429547089,1189.8890919655316,0.1893220835097413,0.09987762985607392,3.9515962171164976,-846.1934836187609,0.0011189292057235123,-0.008724392600221991,0.8680770637220843,189.880381384401,0.19448695738954627,0.06917936778639705,9.864750556422642,-709.7816278908033,0.0005096476735748368,-0.022633895285640387,2.1989536844037803,362.5624660749386,0.26535052441450413,0.28551718766205675,-2.72002476452644,-405.2272920738077,0.013015263018578305,-0.03737666879462852,-4.468826248285131,163.18340483631684,0.2395167300631439,0.2676616533138388,-6.551143202240397,303.13745717322706,0.029563170395493082,-0.01880461569303296,-3.2386600575085405,345.1218085604622,0.22332040368931128,0.25838551302704854,8.782324224214227,1702.2305451825644,0.033711445827160014,0.00183884510557277,-0.14221249543829576,399.1869146983634,0.20615548366974779,0.2706802592577525,2.661003768396838,177.8555560536738,0.035918606903892106,0.015494129573631422,1.1979388532068818,-3.682020159435598,0.1925335319271934,0.26357721395491657,-3.6519943986635277,848.5425192646926,0.032934682134986806,0.041016697047645975,1.13292207334255,-367.1207138165842,0.17707335489269907,0.2887354019840468,2.3818250882877137,-68.77454363545432,0.024692551854866754,0.01543292889167363,0.8731360062476491,608.409553882122,0.17707335489269907,0.2887354019840468,2.3818250882877137,-68.77454363545432,0.024692551854866754,0.01543292889167363,0.8731360062476491,608.409553882122,0.2376034363506449,0.00881289110471915,0.19329492802640202,0.009037641678685737,0.21732500477609992,0.02830595335582951,0.17707335489269907,0.024692551854866754,55.67373632959529,93.96817900777053,164.1138783603294,157.59167896149535,74.64873770977043,97.93192690846514,60.76401513266438,118.54453223631235,173.27211724925877,32.64170396830974,161.72432509574742,172.9611748336259,160.3171606147961,164.29266363004808,28.062971857472657,7.463415910983872,172.4749868273965,167.6428343941416,174.65380859135865,17.764954276119408,-3.738786411055388,-31.0835087214817,12.990489769807693,47.90898771621049,-4.252410901761754,1.0584465094591404,6.451568344205555,-7.175313329042405,-2.4702194074657635,0.439057238626858,1.359595842988545,-1.4833269846856139,1.0530902753234253,-2.824845263512767,1.456428891259602,2.1318264197576573,-2.4877863246620118,0.972564966373142,0.02986364922039362,-0.6464687106892297,951.3212701779795,1196.6478480940914,-3142.662262746375,-8481.013920688407,-216.94641214815167,199.51052171621757,-248.96148485096705,154.29248374645238,77.23311067258489,18.581809379923257,214.03309999098806,-187.38870349484844,-48.160994514812785,-154.8315003247466,157.76628896349544,-310.5511678412465,770.2074577612461,-498.0376425725438,-183.970007032414,222.35135968498193,235.6737363295953,321.70555732182476,337.5916789614954,254.6487377097704,172.58066461823557,291.81664948557113,353.2721172492588,147.35829603169026,165.6339709359428,172.6727961023169,192.35563548752077,208.06297185747266,172.53658408901612,180.06159726161962,192.41876286747802,197.7649542761194,-3.7387864110553664,27.344722310426356,47.90898771621049,-4.252410901761732,-3.193964392302592,-9.645532736508168,-2.4702194074658075,-0.43905723862683593,-1.798653081615381,-0.3153260969297672,-1.3684163722531482,1.4564288912596628,-2.1318264197576724,0.3559599049042507,-0.6166050614688471,-0.6464687106892407,951.3212701779775,-245.32657791611862,-8481.013920688416,-216.94641214814735,-17.43589043193418,231.5255944190329,77.23311067259368,-18.581809379917757,-232.61490937091017,-45.22620587607496,2.9347886387510305,157.76628896349763,310.5511678412422,-459.6562899199863,38.3813526525619,222.35135968498028
99,swing,stance,0.49748743718592964,0.23828840138558333,0.18849056803623165,-0.8304160471437966,2135.422547327722,0.01865053286283433,0.0,4.02719930263587,30.024777046604164,0.23296593397546317,0.288189303591202,21.688248711410402,-318.94683993379476,0.009936710214176928,0.0,0.4729174420104224,155.75411352735037,0.24195518098423552,0.5650555394713869,-3.524771362560582,-2242.9002497021256,0.004472206122777142,0.10317305119222615,16.368958014121144,-446.95063950026065,0.2457183865510582,0.575467187795717,-4.894058472787786,1747.6265911983348,0.0029809818370013647,0.17206148035208768,10.923006385453837,-2096.216023807796,0.20180484618417247,0.2657107638828355,5.5916304365764855,423.98229096159764,0.023645407476870578,0.03427803118969297,6.308407645138832,141.0167113197496,0.19776388840756165,0.2012730366246851,-5.555468365931468,-204.99996796300942,0.00953938601873594,0.043434594759428735,4.034600348182277,125.08614814908023,0.18639478415727687,0.16083162598743853,-4.262440130070083,203.34072849863722,0.010937354375530325,0.07492187485187697,9.202965926794393,417.8020900358664,0.18995177630914648,0.11640558018030513,-3.8697162955002753,-1127.3133923959879,0.0011189292057235123,0.0,1.0402684778296716,-33.28732655492585,0.19518006989834094,0.10056119439608777,-1.8313371942199252,-1787.2619069395482,0.0005096476735748368,-0.0005338582564565661,1.5794205932755028,-208.2252311912094,0.2669464262331457,0.241590162800117,-7.591411680070353,685.7133340892299,0.012649241777279427,-0.05569732832572401,0.08150518513267832,481.37519759808544,0.24081733563421634,0.22794146917472863,-0.2788039436264304,1669.4559049789596,0.02937417928300029,-0.032549347311643405,0.2323366196883315,527.936439866853,0.22487253057873233,0.33141769912987995,12.718368877270168,-888.9981331679971,0.033711445827160014,0.01161400633754984,0.9726285425817123,71.29136754189372,0.20754763240235916,0.27564598843685484,4.477351503281383,556.0502950585374,0.03605612982787858,0.022340132012246567,-0.07007572239004961,28.085890481638483,0.19366528323172663,0.2630612451285676,6.420172801303009,1363.4474042383474,0.033297684741953354,0.042414897243127324,-2.973440311404701,-374.47543256534965,0.17846527651802524,0.3003917780244918,6.193831965348993,14.168786436100323,0.024756227059952077,0.021401407705920677,1.4409554626710344,-110.88939700290986,0.17846527651802524,0.3003917780244918,6.193831965348993,14.168786436100323,0.024756227059952077,0.021401407705920677,1.4409554626710344,-110.88939700290986,0.23973197572408506,0.00901010775919744,0.19421907299129967,0.00915014495008704,0.2187190807663676,0.02830748475287062,0.17846527651802524,0.024756227059952077,58.583105596345156,89.87824819145497,170.32151593005344,158.38334147483678,74.01455891579931,98.97542300229883,63.0756819709156,116.56130752503371,173.35299242214887,32.62285121230534,162.59441088987856,172.49009676512605,161.05425769078795,161.90510705362266,29.33327638827943,7.364003267872398,173.1353460959974,167.3719539969631,173.7446283858448,18.38406825332228,5.455354996431099,-20.74603653778843,10.794570557770665,15.40682097644893,-6.504347379855457,2.381754189390064,5.00237829660016,-7.305403289080036,-1.8195681979854956,0.705915331232879,2.364807076469551,-2.832923486418247,0.7725231469279178,-2.2643207175420255,1.2539986493299469,-0.34912032300695583,2.2091972274740233,-1.5774741775595018,-1.1172536418462151,0.8346509149387376,1424.847056709957,2211.3700066332,-81.50775620834314,-4523.331598687248,-356.10286125273393,259.24359473413176,-47.75871174968036,-165.19691704760515,116.09636227868563,84.146181417689,64.60952026810556,-141.0885910559415,-157.13645767952264,275.31574628356094,-125.84639923389076,-321.18122442098866,550.9073529387338,-313.0228158478122,-134.32252949674427,217.61921682681353,238.58310559634515,328.7048574048902,338.3833414748368,254.01455891579934,172.98998191809815,289.9142999471826,353.3529924221488,147.37714878769467,164.7827378978161,172.29264113269008,191.2383834419021,209.33327638827942,172.6359967321276,179.5006506361302,192.12869663916712,198.38406825332228,5.455354996431077,26.20139153421946,15.406820976448886,-6.504347379855457,-4.122593190465394,-9.124971487065531,-1.8195681979854956,-0.7059153312328569,-3.070722407702408,-0.23779892128424934,-1.0103220682120788,1.2539986493299469,0.34912032300695583,-1.8600769044670233,-0.28260272690752164,0.8346509149387376,1424.8470567099462,-786.5229499232472,-4523.331598687257,-356.10286125274496,-96.8592665186021,-49.10055476892841,116.09636227869001,-84.1461814176912,-148.75570168579236,-7.667110629850876,149.46934704966296,-125.84639923390233,321.1812244209931,-229.7261285177275,83.29668733007587,217.61921682681574
100,swing,stance,0.5025125628140703,0.2392569004032787,0.22121880964897755,10.418048974115388,1256.1747764046988,0.01865053286283433,0.025012247941388798,3.4611598445083693,-536.1487430578012,0.2343088761296166,0.37635971376335814,9.978670447365957,-2315.925429268306,0.009936710214176928,0.0023764695578412896,3.594097611983069,263.50214143224105,0.24431660468443334,0.547891102054798,-9.277163750502186,-1456.7190338962416,0.005268680834744174,0.18843595819694342,5.773752367493329,-2943.183197738409,0.2487846566364522,0.6372949413556279,-8.191364789943096,-1967.3919260789467,0.004161816703546414,0.1845511272160976,-8.497243444491922,-2681.3869036205233,0.2032245695263274,0.3140762505100974,6.645576796049104,-1070.7314623515908,0.0238868603722424,0.08433548128583122,3.6692322768983305,-1224.3789010535559,0.19866192739002664,0.13881256216822593,-0.407525925662852,1392.9222086535171,0.009718100526573861,0.07327039798798876,2.609758554295902,-986.5017556166977,0.1870888050952123,0.1389632100007355,0.8592707563623384,888.8862743276673,0.011488685698741188,0.1587978802485519,3.474181937305227,-2057.149323838012,0.19049198883818658,0.0609860087957699,-7.378186621034059,500.4378082966887,0.0011189292057235123,0.0017305669759555408,0.5335310681951936,127.52839949535564,0.1954976226598587,0.050773968849513504,-8.097680669100336,-433.99365716716255,0.000504282263962208,-0.006760321483876645,0.1062377930348556,-90.22347626016267,0.2677785662516912,0.20922159288748085,4.171566532852709,1482.2228494813503,0.012455490874601183,-0.036557521205355374,0.3691154361177056,-33.557652085638715,0.24180759910007582,0.26485960362915106,10.227308104080693,527.9923692870655,0.0292360412767831,-0.016469574289130148,2.067233810499997,8.119087490682661,0.22665123483634522,0.38620831581368253,-0.1523303804892024,-2357.294557033752,0.03382816950894443,0.011614006337549712,0.5742836607616363,60.29191491383752,0.2089257951113242,0.3156787668284194,8.249448944864513,-693.5807391893893,0.03614313084371368,0.014789850956646004,1.480209109303749,353.50190001186303,0.19517736353652573,0.3281015637167554,10.050994588656454,-791.6809421196255,0.03336096250928959,0.011132874822473299,-2.630650113243853,295.92256197491287,0.1800923677371663,0.350984969474991,2.524224951967113,-1459.776508864067,0.024907641379549372,0.02991489334062865,-0.24133029528912603,-396.0921534504898,0.1800923677371663,0.350984969474991,2.524224951967113,-1459.776508864067,0.024907641379549372,0.02991489334062865,-0.24133029528912603,-396.0921534504898,0.24166675946344524,0.009504435153825461,0.1949929827019223,0.009343371613448634,0.22007215442885472,0.028321906065480226,0.1800923677371663,0.024907641379549372,60.41051958386234,85.41686266467453,168.90734733984414,166.0863095793437,72.15033690962068,99.1513629705983,63.132713592636705,115.16935153571741,172.99963475186487,32.86760517800749,163.98833727029665,170.58483331640753,161.11919061069335,162.17466085543046,29.265372769164486,6.716163310704171,175.33312622974694,165.09664371715783,173.64529499356135,19.20877174882972,10.581284510652626,-8.85868453421351,12.17131634057812,2.448368633926898,-7.831334130432423,3.663909773118739,5.971581291444951,-8.835583852133903,-1.3034217966247097,1.2847475041312644,2.0089377552308076,-2.901302774192554,-0.5261706058777967,-0.057852838552374414,0.19164095926070823,-1.096125584473363,3.048970991305125,-2.173392981846055,-1.3201115216011476,1.5406590966154143,273.6295073029918,1646.0369367778546,-307.60265931952887,-1924.6141557122019,-55.88743586107939,66.02019056562511,225.8743296272019,-9.087040925892152,-206.65453399677276,87.59560063496201,-152.39707393551805,117.75913632125834,-320.3622727496687,474.31712830968934,-206.91251858072522,-24.015844740480116,-33.299768181698795,35.62711994441334,-25.770054509896404,47.45854748765473,240.4105195838623,334.9936569191878,346.0863095793437,252.15033690962068,171.301699880219,288.16898628758224,352.99963475186485,147.1323948219925,163.14405755169585,172.55922423528833,191.44003362459495,209.2653727691645,173.28383668929584,177.9507104595489,192.85406674239107,199.20877174882972,10.581284510652539,19.439969044866135,2.4483686339268096,-7.831334130432512,-4.167424357313662,-10.139005648758701,-1.3034217966247097,-1.2847475041312644,-3.293685259362028,-0.392382485169474,0.13378812070827859,0.191640959260653,1.0961255844733921,-1.9528454068316887,0.22054757501432193,1.5406590966154254,273.6295073029961,-1372.4074294748561,-1924.6141557122062,-55.88743586107718,10.1327547045414,-215.74157492266932,-206.65453399675957,-87.59560063496639,64.80147330054726,-52.9576630206891,267.4046097289708,-206.91251858072306,24.015844740477235,57.31561292217603,21.68849297776271,47.45854748765033
101,swing,stance,0.507537688442211,0.24051170600517105,0.2931945778263365,11.794456077526599,-783.5898193390416,0.018901912239129695,0.03478552607546115,-1.361230275834517,-456.30949580412573,0.23674844366152709,0.38847744879086027,-1.587383743547544,-1252.81901119605,0.009960594330336137,0.036121584040031005,3.1211801699726553,-715.2254247846276,0.24746162422096718,0.47181771283317353,-18.165163663025385,-360.24139513894477,0.0063660348483745716,0.16120071317708398,-13.210772616415758,-2067.160690043585,0.2521233608360394,0.4931419135249318,-24.666841649460704,-208.98959993308702,0.004835767035153107,0.08666204874915343,-16.025605711234956,32.32720484250425,0.20496139141542974,0.33250048042604285,-5.169489788062664,-1357.4256700029728,0.024493000253612604,0.07115473749017887,-5.9969079433391705,-541.3501791310442,0.1991589895348805,0.19717729867832476,8.443749811490877,-355.9161866479802,0.010275771928162966,0.06966332394833238,-5.879990160528296,-657.0867925462989,0.18779139933316366,0.16946751298605503,4.671090265182893,24.88859196358649,0.012533312970993166,0.10983827623182915,-11.471901649467124,-395.2532121483205,0.19056470102066175,0.04225295082317858,1.1598094160242565,712.1120203967145,0.0011363218386476887,0.005362121288393929,2.3219609350694324,230.31735214759226,0.19569036104255716,0.0191774690784961,-6.1930824923823815,502.3207654414481,0.000441704744088639,0.0005338582564565602,0.6726519876457233,-194.10305260517953,0.2690491558099043,0.2835154545875816,7.30530037501866,-355.9907592081506,0.012281829503858768,-0.05198762545016916,-0.25575764989886796,405.5721901646381,0.24347924119832842,0.33072848529614307,5.0276520291079185,-1089.0763121582997,0.02920865592331054,-0.011773128110638317,0.3139354889414239,-206.39820346656273,0.22875402118992513,0.3298867405319985,-10.973033705983726,-694.5501824719007,0.03382816950894443,0.017385701420581386,1.5785774361881222,308.57193249719984,0.21072028332525786,0.3585550230586091,-2.4933091920893933,-1668.9338970577014,0.036204771546035824,0.03721660547258582,3.4827071923020565,-63.43328401180718,0.19696278638465886,0.3640762661200902,-1.536419581808839,-1716.9586258201784,0.03340957293112394,0.01597620263766135,0.0006557888456923198,621.4970381955329,0.18199276364842717,0.32576087301913625,-8.477288726752246,-284.1400974648814,0.025056879254330255,0.018975977602512364,-2.5398702001479756,163.43508722694796,0.18199276364842717,0.32576087301913625,-8.477288726752246,-284.1400974648814,0.025056879254330255,0.018975977602512364,-2.5398702001479756,163.43508722694796,0.2442112836809262,0.010016077113248378,0.19563336846933854,0.009776022347101013,0.22182637525941695,0.028331646444600626,0.18199276364842717,0.025056879254330255,67.1745276611925,85.72251209957238,179.6250231570158,161.82699240460434,67.79841614279654,100.96910348125577,65.09117852072394,111.39391180655633,172.28242929677202,33.503847090718196,163.9135453063281,170.09015082148716,161.00763749325228,162.3249920045716,29.159827283642624,6.419761247375176,175.36924058444694,165.76584692390043,173.2050870081514,19.24006423612598,8.205400295958666,-4.202951746051126,7.7030865445090555,-3.9360348598546886,-7.0660301523286195,3.0452736925621786,7.272472061697676,-7.396730333561364,-3.896498187902819,1.586273126559134,0.8331781926954938,-1.6494145786669019,-2.4471981872396205,2.5026855971282402,-0.8255241504763459,-0.5904855967806264,1.8745261904720238,-1.2194126705804718,-1.376249164558743,1.3116212414478323,-561.1362565772903,860.9870899294299,-919.7192806417634,-761.14185706354,252.43899143071442,-211.6102786613499,210.04891494949308,468.21621964623745,-637.4364218263727,-4.1137942429481456,-124.60826617755178,165.54512193974475,-170.28632660872202,164.53544588782907,-31.07218079836397,57.456911800651774,-169.77644618458345,156.8122257668087,4.436203954792383,-48.9288953376566,247.17452766119249,341.4520155616201,341.82699240460437,247.79841614279653,168.76751962405234,283.67634110332835,352.28242929677197,146.4961529092818,162.58260760295371,172.49245678146656,191.48481928821425,209.1598272836426,173.58023875262484,178.21099816817787,192.4451512442774,199.240064236126,8.205400295958688,12.408352042009792,-3.936034859854777,-7.066030152328597,-4.020756459766485,-11.293228521464227,-3.896498187902686,-1.586273126559156,-2.419451319254694,-0.7700367405876596,1.6771614466519607,-0.8255241504763238,0.5904855967805974,-1.2840405936913823,-0.06462792311091053,1.3116212414477881,-561.1362565772706,-1422.1233465067203,-761.1418570635312,252.43899143072989,40.828712769362326,-169.22020218011764,-637.4364218263682,4.113794242950333,128.7220604204933,-36.82306151925583,133.46326508947058,-31.07218079835848,-57.45691180065604,112.31953438392304,-44.49269138287686,-48.928895337656044
102,swing,stance,0.5125628140703518,0.24220357957741276,0.33975605665929565,2.542774407893831,-1660.8054879969127,0.019000136139974644,0.011331541651594598,-1.124865238950201,279.49795559304835,0.23821317209736395,0.3604061083005687,-2.612475393800431,-472.62224334557874,0.010299741209554125,0.03374511448218972,-3.594097611983069,-704.4124035570646,0.24905849124557078,0.3653266431299189,-12.897680284561948,1229.7388038173588,0.006888788504865628,0.05566437411236235,-15.001731954552838,830.4959596986673,0.2537408567723812,0.38938698507963987,-10.291762779220361,1916.4961537492532,0.005032792067859518,0.023489763284087268,-8.172346913411475,1504.5573312582837,0.20656628289744342,0.2621215792732865,-6.996892249206964,1390.1257376465085,0.024601983362093446,0.02406504969448251,-1.7714730410016344,771.1828096374153,0.20064360878377865,0.22367436931888837,-3.9845730276526186,-672.5139909356552,0.01041823443560233,0.014175019490216685,-3.9941288079784876,822.6099114585845,0.1887919961804993,0.18590884080659392,1.10940735901145,-254.49750478922,0.012592587972427918,0.043502386284057705,-0.49821215463770946,1764.6198133517514,0.19091664161027883,0.07264238483621474,-0.2212818934288586,-711.3662947948112,0.0011728198719385269,0.025066857780673555,2.84827832595995,-270.43738952993044,0.19569036104255716,-0.01146806624980718,-3.0492307651661634,223.43803347003282,0.0005096476735748368,0.0,-1.8445466552584144,-178.2470619947299,0.27062796780533527,0.2826416971590255,0.5937699578964056,-658.6434947402303,0.01193300217660953,-0.03912794984755506,4.445217849832678,384.18850853013834,0.24513150347491144,0.3153887697508389,-0.7181824703746277,-645.3695790264062,0.029117718381198796,-0.01331444374700527,-0.007119993184059336,100.57974055661626,0.22996667946480753,0.2759265700249009,-7.132734224427932,1617.926265887639,0.034002900176487966,0.02747910619873694,3.6755091129948143,146.01307285247358,0.212529363182265,0.2906203829883249,-8.523756050690347,878.893551262232,0.036517167079619064,0.04979193329134019,0.8426886669740259,-328.0819785569853,0.19883642148748143,0.3126601608845057,-7.204870997476067,341.03896089005053,0.033521527359919354,0.011139465665143573,3.6155512756560024,823.663248871323,0.18336634636047422,0.2657860877990887,-0.33145441953924537,1948.6742134713847,0.02509835472228819,0.00438855967079964,1.4012333954339762,632.282094713057,0.18336634636047422,0.2657860877990887,-0.33145441953924537,1948.6742134713847,0.02509835472228819,0.00438855967079964,1.4012333954339762,632.282094713057,0.24580402492318215,0.010305364480563479,0.19652177810291147,0.009859054663127411,0.22340971362921247,0.028365111649353816,0.18336634636047422,0.02509835472228819,65.36159901713634,82.82044065196713,175.8364532670477,158.3776116322169,67.33616509692794,102.26769064608429,69.06449059348151,108.44836018811989,172.09100496141082,33.980123458540746,163.87565262942488,170.34908849432512,159.4548153343226,163.77283726758446,28.567482815802247,6.51408899258759,175.5082230824525,165.49438131394396,172.9128428733434,19.57046373767254,4.941724143041644,-0.20554795200814657,2.9279064848819654,-5.201298271234341,-5.294258839671463,1.5371733041604396,8.08262566279665,-4.129893202422953,-7.709817995884764,1.2434028383729914,0.7565933715368145,-1.2375327044463682,-2.2375909738046587,1.5957697331846084,-0.12064226484345367,-0.5186691844668101,1.342675049751515,-0.5973907128328954,-1.2755265572313748,1.0489114047796675,-549.0561383802573,563.3901634066178,-815.7454760876387,421.3365077860793,248.35871192909036,-282.4514079909212,128.98133651974592,554.4605702231412,-717.5346028047115,-88.72854041564997,123.39055406631182,-84.5156757159823,232.27845064599583,-420.5825574589454,238.1577688782668,-50.18828718211113,-7.191311008557415,68.46804784552596,0.05745440045824099,-11.145904055316882,245.36159901713637,342.5411583651692,338.37761163221694,247.33616509692794,169.60385574301225,280.53936514953074,352.0910049614108,146.01987654145924,162.14422391203442,171.7951354177093,192.3403200833867,208.56748281580224,173.4859110074124,177.9776879249599,192.4833066110159,199.57046373767253,4.941724143041754,5.14727209504979,-5.201298271234341,-5.2942588396713965,-3.7570855355110235,-11.83971119830763,-7.70981799588472,-1.2434028383729694,-1.999996209909828,-0.762463505463504,1.4751274683411546,-0.12064226484345367,0.5186691844667963,-0.8240058652847186,-0.22661515245177913,1.0489114047796841,-549.0561383802573,-1112.4463017868727,421.3365077860969,248.35871192909477,-34.09269606182428,-163.07403258156367,-717.5346028047247,88.72854041565215,-34.662013650655275,49.853662065309464,-182.42478858069074,238.1577688782635,50.188287182112646,57.379598190665675,-11.088449654860295,-11.145904055309725
103,swing,stance,0.5175879396984925,0.24392633974044037,0.3187500995137118,-4.8970563646534995,-670.3513866901466,0.01901579707984924,0.023480347794554556,1.4477944034926142,97.87648524970764,0.24037061560424638,0.3622214146823131,-6.337356038478004,-83.11111833203702,0.010299741209554125,0.0,-3.9583414738169695,32.67210293333589,0.25113324877503673,0.3421927853501383,-5.805979705061928,1481.4025513192792,0.006925475794227462,0.010429537754441737,-4.864079554117557,1511.0544655648978,0.2560367978720157,0.3897071117237217,-5.405573772583702,1012.285218302463,0.005071845058108759,0.004527908915871897,-0.9044265026089247,1079.102232232928,0.20759577914681956,0.2621799553083846,8.801623153108338,1838.2508949696557,0.024734860049537052,0.05335098833438347,1.753673058041921,100.38398758607964,0.20140697314612563,0.15713133860141384,1.6848152292229555,2043.7355845738482,0.01041823443560233,0.029521325878196652,2.3874461355379157,505.61127965987004,0.18965982989403396,0.18061733568968774,2.1133263979545402,82.60775355072845,0.012970522883395758,0.10483111889878682,6.262970846530452,-248.84863335488646,0.1912947752401212,0.040029012195752854,-5.989600581913575,-247.84190379228951,0.0013882500575489315,0.03398803411211214,-0.39600277879922696,-531.2083109452152,0.19557510409532292,-0.01146806624980718,-3.9474741157991273,-89.375213387977,0.000441704744088639,-0.01800429908282407,-1.1187757710952884,86.4109541204315,0.2718897758818543,0.28948299185287213,0.6857677645640549,-158.35483156391763,0.01188858377674766,-0.007312069170443562,3.6054333906050515,-369.90786325366474,0.24664897757773385,0.32351057102102115,-1.4584743932680504,-286.2094860101783,0.02907484241831551,-0.011844685831081125,1.3247871528270188,235.23914112013884,0.23152715254695933,0.25820096943222,5.287531780324274,2658.6422727625886,0.03410434143053978,0.05432549150093144,3.0460455050572097,-549.3946940615891,0.21364109119448726,0.2728891331019218,6.33979182562152,1894.6650367536065,0.0367051929861498,0.04568583830649566,0.18540087514641138,441.73988185693855,0.20010509955937753,0.29166550232636057,1.891107663317312,1119.6137755563025,0.033521527359919354,0.05231340138797309,8.278678390567569,-104.63462351694557,0.1846639806112321,0.3224296728227619,11.107376735271806,597.6990699248541,0.025100985381674976,0.033058725295316206,3.814723716566192,-155.69818410719262,0.1846639806112321,0.3224296728227619,11.107376735271806,597.6990699248541,0.025100985381674976,0.033058725295316206,3.814723716566192,-155.69818410719262,0.2478667504979348,0.010328214785434896,0.19710649230448465,0.009990714434034542,0.22474601289527407,0.028399245558891183,0.1846639806112321,0.025100985381674976,67.80694494218164,85.2140250821763,176.69957628097202,159.29249614097736,66.62208633731774,101.11983894629127,69.70718001817384,110.50436630048667,167.53037896494848,34.25063711187843,164.14641997367875,169.87645985781253,158.49107132612667,164.63034739012073,28.605064340382835,6.5460072575831365,176.19851374482298,164.86766767126122,172.0995950179938,20.28821630833888,2.6872481514334434,1.4592609515028463,-0.49536045134664436,0.29850290683959374,-4.569962695754836,0.20656607456295806,8.568766901092113,-1.82426229111771,-11.107901231166283,0.6945290017787286,2.0732842637137083,-2.4988183547069287,-0.11274139682759184,-1.7242747793435917,1.5680212653856425,-1.094890493083253,1.802251707973959,-0.531291586705836,-1.3756717333983586,1.1996021052134913,-35.38411434122721,264.42775682965754,-170.1813675076182,851.0162080125202,45.583045986345,-54.34494829266858,269.64723673904285,230.55554050166444,-508.9646795470265,-82.09681898938406,271.67486587647136,-189.05565418185574,238.49564273729513,-561.6565737296517,322.63853828714025,-100.54986019574426,108.28909771624706,-80.18318648809134,72.0501703592124,0.3937786083643274,247.80694494218164,342.59291986000534,339.2924961409774,246.62208633731777,167.741925283609,278.0347452654351,347.53037896494845,145.74936288812157,161.6029429144428,171.7264830566303,193.2354117305036,208.60506434038282,173.45399274241686,177.2554789975939,192.38781132633267,200.2882163083389,2.6872481514334656,1.2279871999306193,0.2985029068396821,-4.56996269575477,-4.363396621191856,-12.93216352228397,-11.107901231166283,-0.6945290017787286,-2.767813265492437,-0.2689949107855522,-0.15625351395800458,1.5680212653856314,1.0948904930832393,-0.7073612148907198,-0.17606962818488384,1.199602105213519,-35.384114341249216,-299.81187117088695,851.0162080125289,45.583045986342704,-8.761902306323613,-278.4091390453664,-508.9646795470309,82.09681898937748,-189.5780468870807,-0.522392705220547,-239.0180354425069,322.63853828714025,100.54986019574562,-7.739237520501433,72.44394896758551,0.3937786083643053
104,swing,stance,0.5226130653266332,0.24540709816549028,0.29053940977835574,-4.194425458338827,175.63702238799726,0.01923611953489479,0.025882239174133497,-0.1411819701089139,37.76168016630913,0.2418535883253269,0.2967140878133523,-3.447763015227942,1078.9530871123839,0.010299741209554125,-0.006037211887830251,-3.2657347684319533,55.202337680852025,0.25249761471642646,0.30697508830517567,1.9907875678931826,1436.1183641435555,0.006993607979784641,0.006779152462939457,0.18474508630047234,416.8606114634883,0.2576575111615643,0.33505961048080846,-0.11804199226088931,880.776508406846,0.005078298690129587,0.014400049690027684,2.672901651743626,122.00070847126003,0.20920125732265332,0.35058010342512946,11.47799111732232,-895.1503693838381,0.02513817419962494,0.04168990454917526,-0.7625887436540959,488.86973989713056,0.2022228182169587,0.2406071856929885,16.555483098717804,203.86273642004008,0.01071493117809677,0.03816945301321092,1.0873915906131935,-300.5926685568585,0.1906072457854208,0.2071483020925693,1.939636037913247,-131.39685105529404,0.01364616705683784,0.10644681690245447,-2.999203444636579,-785.3329529335133,0.1913189432403869,0.012445394063213723,-2.7121552983765027,1169.0553829624457,0.0015144081544723187,0.02108693035555568,-2.4904986684643475,-41.44370032572087,0.19557510409532292,-0.05114117294125587,-3.947474115799102,899.0840719336954,0.0003286999440992172,-0.01124397759894767,-0.9760948550530689,-52.73212162454501,0.2735373446078767,0.2895338354963527,-0.9977358869670949,-72.46588536495935,0.011859514044243263,-0.0028924383841875565,0.7275508824591473,-157.8607883527375,0.2483828659977358,0.30073073564764236,-3.5946597167080903,292.99558898737337,0.028998676312544713,0.0,2.3570924803851856,42.46907302833816,0.2325616640822168,0.329067592942733,19.587288617407246,380.1709118497013,0.03454888501569331,0.05809262886262863,-1.8460456011920352,-72.63367362529299,0.21527196753504815,0.35433688374834044,10.518103615175127,-713.398397060126,0.036976321233453194,0.05165525866969609,5.282285469556342,838.2235412484139,0.2017677330686509,0.331666268053524,4.0475287568586795,-38.87094699925523,0.034047290187939186,0.09434226356029538,2.5639470192042837,-987.7694891400103,0.1866068455848236,0.3774180147867455,5.675571408851275,-1116.425798608328,0.025430603217718506,0.042727491495585655,-0.1635724749900769,-183.68153731862537,0.1866068455848236,0.3774180147867455,5.675571408851275,-1116.425798608328,0.025430603217718506,0.042727491495585655,-0.1635724749900769,-183.68153731862537,0.249353953092202,0.010401941853590786,0.19778507373214854,0.010268476106626217,0.2263547368127253,0.028643548335265362,0.1866068455848236,0.025430603217718506,68.31498482289909,85.57026334626282,176.89078470009056,159.63550617672684,64.18077664988327,101.6561112053188,72.47953635234403,108.92446135318599,164.43289014967203,34.268807163079195,165.06248592947767,168.66067299442827,159.77029389111823,162.62601514182694,29.61172488006962,5.69391061004071,176.82333890680647,164.96282397786828,172.54730090172256,19.972625603561955,4.586104903431319,2.452017443264805,1.2175409822928303,3.351628442459366,-4.836137774482064,0.9909929193094967,10.792648142586037,-1.8127520918534512,-12.825040905905153,0.4183091801882234,3.486994033611915,-3.1375895303946755,0.159350159233494,-4.049019952540558,3.1219561099016886,-1.529220543218013,2.4310076901158117,-1.4032518835674852,-0.5514042420634078,1.0528689787330778,368.8124680474721,139.53408777683694,15.699066485380339,288.17276900958444,100.9787105963405,67.72055446108102,280.4699158925695,226.0102096887596,-337.780860523901,-27.46050821288834,267.870373452956,-97.36619400288251,-211.3836188559828,-80.36037188518127,148.7003195039833,3.85781937801798,47.4556425421417,-266.992892974858,205.38360504885864,10.29582600583015,248.3149848228991,342.74472147663624,339.6355061767269,244.18077664988328,165.83688785520206,273.357351502858,344.43289014967206,145.7311928369208,160.6687069074431,172.0080339130148,192.23774002189654,209.61172488006963,174.30608938995928,177.4827504831528,192.5199265052845,199.97262560356197,4.586104903431208,2.134087460166491,3.3516284424594542,-4.836137774482021,-3.8451448551725678,-14.63779299775856,-12.825040905905153,-0.41830918018826757,-3.9053032138000945,-0.7677136834054191,-0.9270638426388247,3.1219561099016886,1.529220543218013,-0.9017871468977987,0.5014647366696865,1.0528689787330943,368.8124680474677,229.2783802706374,288.17276900957563,100.97871059633388,168.69926505741932,-111.77065083515022,-337.7808605238966,27.46050821288834,-240.40986524006328,-143.04367123718077,68.33994761880643,148.7003195039833,-3.8578193780181347,-51.31346192015984,215.67943105470255,10.295826005826306
105,swing,stance,0.5276381909547738,0.2468463338085645,0.27659506978166404,-3.131860159749036,85.06864803703134,0.019275920086624446,0.022061433522103185,1.8273087770233525,54.48457678899225,0.24335266673804887,0.32757053010715853,4.506393580741742,664.5906564154835,0.010239065713194023,-0.032821454959114524,-3.403544110190326,435.8766143119973,0.25421842554192287,0.3622007006053458,8.627370688340385,621.7487205860949,0.006993607979784641,0.012286272290124843,-0.674525670062473,-422.4628750477516,0.25940423114317956,0.38852076004270775,3.446451437535196,211.20813359881075,0.005216569175596472,0.03139124209922445,0.3217112709715565,-751.3092223466989,0.21111919727169517,0.37753664995483804,-0.19486297135218755,-1719.3822340263894,0.025153854065106646,0.045686779855447966,6.666936775600934,823.5327468909567,0.20382513581640688,0.3235181034126451,3.7336869520373925,-3137.0625326630297,0.01080184702869992,0.04044988457782654,-0.6335857092545781,219.21536224927158,0.19174172237737633,0.2001111652164537,0.7927550305646741,701.5786462697623,0.014040340138696789,0.07468837071148506,-1.629822650288637,292.89305171725795,0.19141985457743993,0.012771170001014617,5.759699749367077,2324.743634510748,0.0016001790058459697,0.008957896740611603,-0.8125223800627459,445.7574785372207,0.19506112245772236,-0.05114117294125474,5.088546707654937,1767.518821629139,0.0003286999440992172,-0.02781429762607082,-1.6487468426987464,372.4899381502852,0.27479966367578745,0.2794554955014442,-0.042532590862659266,86.44824040048191,0.011859514044243263,0.0,2.0188928041454064,99.85265809472958,0.24967139703147895,0.28738333768727214,1.4862048930371574,331.530959465746,0.02907484241831551,0.011844685831081125,1.7516120073831736,-219.7466917406157,0.23483436453633347,0.4550581414664602,9.108344964743315,-4002.5703093710526,0.03468818694674709,0.03577226937839875,2.316058835456288,663.220385621968,0.2172022659055258,0.37859871717403176,-0.8300413106610243,-1780.792737343056,0.03722434131448844,0.09877413448294037,8.609758073622784,-187.44745160822308,0.20343842888654856,0.3323441832998139,1.500444879405206,18.382136086846693,0.03446969081278663,0.07808171313876945,-1.6486531585780873,-309.8396660204545,0.18845712648848575,0.37947059150468326,-0.11298304973631547,-1332.1828583785998,0.02553040740675623,0.031414780823054156,1.96867811537401,491.49842264385785,0.18845712648848575,0.37947059150468326,-0.11298304973631547,-1332.1828583785998,0.02553040740675623,0.031414780823054156,1.96867811537401,491.49842264385785,0.25095541430792895,0.010431290738799896,0.19863340650012812,0.010384984036489709,0.22806720775402667,0.028807830490556196,0.18845712648848575,0.02553040740675623,68.86339243577555,85.4935786634483,177.71495112498215,161.08476489730938,63.05914403710811,101.9375280756808,76.4787713266043,107.76637757598542,160.75152321019922,34.41496983496433,166.3083332537632,167.4618302763228,160.4973969400356,160.49311058528676,30.824359109627334,5.348504324916979,177.16753430241917,165.37959223156244,171.19414101035,20.91022813075139,6.393906121759731,2.861613592476057,-0.3375808886795081,3.19471164060421,-3.5551012827263064,0.887174662111499,11.3875600256405,0.4471971027391303,-14.502683748994373,0.4185439946140265,4.765448821029802,-3.4773730683037205,-2.2371998777922055,-2.5319167078378615,3.0624968382899707,-1.0561184390328218,2.2791928390507517,-3.214637244744562,0.6884851012635006,1.3030777434630387,532.2294026723813,398.02503969725757,-256.9163665890696,-122.71200361395458,127.77366828582863,66.56994244377559,-248.72668476208952,1123.8797475847384,-680.8094520930402,-9.017825410481233,109.73423146298059,104.74102336162598,-639.9902483803154,650.354921569309,-215.8221026031353,195.30805282719592,-211.68389633816895,-263.8235157379245,218.81087226269426,61.388486986196526,248.86339243577555,343.36981377232723,341.08476489730947,243.0591440371081,164.99667211278893,268.5179007861846,340.7515232101992,145.58503016503568,159.27669691127247,171.81486663494968,191.31746969491408,210.82435910962732,174.65149567508303,177.48396137266386,192.10436914110142,200.9102281307514,6.393906121759708,3.532292529283718,3.19471164060421,-3.5551012827263064,-2.6679266206148076,-14.055486646255309,-14.502683748994329,-0.4185439946140265,-5.183992815643784,-1.7066197473401075,0.5305801304520982,3.0624968382899596,1.0561184390328064,-1.2230744000179452,1.991562844726661,1.3030777434630278,532.2294026724032,134.204362975115,-122.7120036139678,127.77366828582652,194.34361072960644,443.07029549168936,-680.809452093036,9.017825410487827,-100.71640605250593,-205.4574294141319,434.5328189661704,-215.8221026031342,-195.3080528271988,16.37584351097454,280.19935924889023,61.38848698619597
106,swing,stance,0.5326633165829145,0.2481869481130447,0.25906342827334017,-3.3394641715344884,225.48877887525055,0.01945784248486568,0.044247151506026566,0.40640171621261867,-619.8750850113585,0.24514575445705716,0.34200447555950064,3.2315400643246854,51.02627431025957,0.0099698773406183,-0.0402436853570799,1.1149347221409025,622.2427637974148,0.25613782276271135,0.3936823314040744,8.239518428054968,-258.22613279874685,0.007117088103303484,0.0,-4.061112954380467,-1039.1686262510566,0.26156224241827497,0.36969731337060957,2.0046528177774188,794.6079151072361,0.005393788560473553,0.017633328795269472,-4.877944804002124,-1187.6239504497837,0.21299559551315422,0.3486216816024944,-5.802232340229408,-326.31088025239114,0.02559733781626261,0.10869429425370755,7.514122280375655,-683.1405807627433,0.20547425644221143,0.27813167767326397,-14.972783561212278,-1368.8912011321827,0.011121462681391511,0.03180175744281312,3.2905610604551288,1694.2699243823047,0.1926184132750334,0.21511568933442535,8.990677708966166,1979.957402471149,0.014396803948410558,0.09006668976387514,-0.05555468365909989,-467.17844645182555,0.19144729670773378,0.07033182370509415,20.65210233489745,2312.5137346395118,0.00160443726744329,0.012920876284573272,1.9894759902012067,231.29611700005233,0.19506112245772236,0.0,13.81653414178026,2977.365395015613,4.915926444021279e-05,-0.02781429762607082,2.7675226137940343,551.1378276560382,0.27634594255261485,0.28910637227160235,-0.12890935027883083,46.62649325894192,0.011859514044243263,0.017397941556972392,1.7310951849187455,-373.1238049118815,0.25127114074836165,0.3156674682409807,-0.26269027484128216,-613.2474487244298,0.029117718381198796,0.017604140777720413,0.14858301565537044,-348.57078946925003,0.23713511274017118,0.42060874836728934,-20.63954866270401,-2864.2947506270907,0.0349084053109536,0.08136960208329494,4.819485912596617,-603.4970864795918,0.219076979767953,0.345994760023104,-7.379310830483805,-699.9380499455356,0.03796902610262848,0.13818549056540283,3.398391483544042,-1298.1404846517073,0.20510787561437768,0.34674611608774725,4.232273843158647,-194.1496604552499,0.03483203102350471,0.07777288508212357,-0.5500194734636145,175.71159494830232,0.1904206203738154,0.3762825067491946,-7.71320103716486,-739.275075445912,0.025746329658151212,0.0625132011978371,4.776110164646707,-186.81358484657682,0.1904206203738154,0.3762825067491946,-7.71320103716486,-739.275075445912,0.025746329658151212,0.0625132011978371,4.776110164646707,-186.81358484657682,0.25275819193777205,0.010484649122315254,0.19951933687917103,0.010553840195589637,0.22989294529954898,0.029072170753446674,0.1904206203738154,0.025746329658151212,72.22769791663373,86.7767740292337,176.92439378995988,162.37531767735993,62.54462648392325,103.1619526263565,80.93731702394176,108.054799842268,156.71446224406998,34.5384244205713,167.73755969044362,167.3434978365371,157.723768863795,160.91534780775018,31.7414013809028,5.069846707029817,178.73879490498135,162.55832377307388,172.86574002040905,20.767294594505863,9.935144126269345,6.452269098513642,-1.3645330537782316,2.118341973977405,-3.5519803042727256,1.6600375669856362,8.292882466585127,9.482521753219347,-19.667346957091517,0.3276777690276076,4.589850631229815,-2.084915928770289,-6.272712638558649,2.4872104149902143,0.952889752081224,0.43367446007039656,0.30353134500857704,-4.054744504049149,1.6477000017827752,1.669838697187317,589.9607179503143,967.1037047329814,0.7868212327420052,-134.92357146692018,-222.41232932245703,599.4917224291013,-351.9688230710162,989.9162200118496,-260.86800383420007,-39.90661728615042,-112.27553732108126,273.0146635497996,-465.24702097930026,693.4211357415325,-349.0066237048035,356.1105909802106,-672.4890928961943,257.32225441450595,15.862399051443772,43.193848450044534,252.22769791663373,345.45092388740005,342.37531767736,242.54462648392328,165.70657911027973,264.76926208633796,336.71446224407,145.4615755794287,157.7240158889851,170.38051805244802,192.65674918865298,211.7414013809028,174.93015329297018,176.19135838798883,193.63303461491492,200.76729459450587,9.935144126269455,3.4828750277555924,2.1183419739773606,-3.5519803042727034,-1.8919427372870674,-10.184825203872215,-19.667346957091475,-0.3276777690275855,-4.917528400257445,-2.8326124714871557,3.4401001670714493,0.952889752081235,-0.43367446007042554,-0.7372058050789584,3.317538698970103,1.6698386971873278,589.9607179503121,-377.1429867826735,-134.92357146692018,-222.41232932245921,377.07939310664864,729.0482161776694,-260.86800383420876,39.90661728614933,152.18215460722618,-120.8325089425646,344.41451203673563,-349.00662370480563,-356.11059098020337,316.3785019159909,59.0562475014718,43.19384845004562
107,swing,stance,0.5376884422110553,0.2494499863540252,0.24303261579639265,-0.865641276580679,939.0922504757192,0.019720615076634765,0.026145872881023994,-4.402591574849624,-777.7638380741582,0.24678989764819462,0.36004831969836154,5.01922045823179,-177.74369721351843,0.009834606563876636,-0.021616080867246108,2.8501520083766843,-218.65606804782405,0.2581750318876925,0.4450099310380594,6.032133172775079,-2091.8535290365758,0.006993607979784641,-0.02852893328153832,-11.118431461530424,-1091.9287125856524,0.2631197820313264,0.4086680245429834,11.432460634592879,-813.2883414347738,0.005393788560473553,-0.017633328795269472,-11.614207829026322,-1627.0800476508662,0.2146229327651876,0.3192227570882106,-3.4743693055470874,801.9719554259456,0.026246259032480596,0.12120559674364584,-0.19879770442666594,-1381.3541402540225,0.20662042905935427,0.17303786661654114,-10.024013561853952,3248.6044395675376,0.011121462681391511,0.07352085000953652,16.394252726748558,302.88577478267075,0.1939036891043555,0.29046973515581254,20.691824402134095,879.8257082646164,0.014945533000645286,0.07413003218224787,-6.325083418648713,-167.3035387868429,0.19212670707698862,0.22032998743717078,29.001043816095937,-267.00705176119675,0.0017300370589572595,0.028952630310473064,1.5120617103900515,10.53337412683947,0.19506112245772236,0.08771846667462785,35.01181700931952,2666.640179842952,4.915926444021279e-05,0.0,3.8903268020855806,-135.72205954624516,0.2777052553569091,0.278159924141858,0.42607538158902036,47.42814828104823,0.012034367728232936,0.017397941556972392,-1.7310951849187455,-354.14508834346043,0.25284393440073505,0.28474323442253563,-4.677086048916937,182.92649014672767,0.02925176845628255,0.013337982470833598,-1.7516120073831736,-149.0146184001379,0.23906158813801479,0.24762549159003708,-19.678536951106967,2423.794637583331,0.03550597189230785,0.08420931372610366,-3.7492385160974244,-1118.0291086522172,0.2206796001771148,0.3044347892294706,-7.864594576445332,1022.4270864883553,0.03861314021464325,0.13292882275976506,-4.436879963077849,-1194.6244495376402,0.20692331447537016,0.3748795988089462,-0.45080798949178597,-767.3702874976129,0.03525132784878787,0.0725538792346125,0.11729251929430544,482.97850764216986,0.19223886022465858,0.30195098309096574,-7.542883305474156,1598.0340354567963,0.026158680785628968,0.07941588800543332,0.09115464957926005,-527.9271182967942,0.19223886022465858,0.30195098309096574,-7.542883305474156,1598.0340354567963,0.026158680785628968,0.07941588800543332,0.09115464957926005,-527.9271182967942,0.2543836744803097,0.010485654545192399,0.20046697609272165,0.010818490207582973,0.23157542546213375,0.029469209487647238,0.19223886022465858,0.026158680785628968,74.93977462371419,88.95098318652644,176.0827925127426,162.07158394993033,62.11676014422962,101.14660145982444,80.92153387183512,112.14656569876433,150.1952620334546,34.704059183992264,169.70371118549485,165.18643499742447,156.67280908938932,161.96710091200342,31.76588463169563,5.345615003130951,178.22038831068977,161.71884686732915,172.97052144383107,21.744628375019,12.323159568496584,12.581248815923148,-0.3296731375966738,1.8386958469668153,-5.790401074911814,6.912217098584905,7.8501849193991164,10.396103836526606,-17.124472732252677,0.01747246409995016,3.6370514610189297,-0.7335071029790895,-6.91304933487062,4.437139932780585,-0.44510742004977755,2.5228824753411696,-4.479491511664798,-0.6284839340459986,0.847906197257911,1.7371867731117294,109.87454491233069,1064.1471424678348,399.3272552481445,-313.51274822433925,-235.28403311433073,774.599152308389,4.036147704854025,-595.8625323506358,1131.1415038398357,-35.05130012151879,-278.50604110348274,309.3908837050614,247.74185236689553,-161.28921086826418,-82.28618397867149,269.73770652649466,-679.0814095129737,670.1980968378477,-322.7878343391601,61.93344048780524,254.9397746237142,345.98879143718773,342.07158394993036,242.11676014422963,163.26336160405407,262.3418277322189,330.19526203345464,145.29594081600774,155.5922296305129,170.4057946330884,193.73298554369907,211.76588463169563,174.65438499686906,176.43399668617928,194.71514981885008,201.744628375019,12.32315956849654,-0.25808924742658523,1.8386958469668153,-5.790401074911836,1.1218160236731352,-6.728368895725937,-17.12447273225272,-0.017472464099961206,-3.6545239251188906,-2.921016822139757,3.992032512730863,-0.4451074200498107,-2.522882475341112,1.956609036323686,2.585092970369596,1.7371867731117294,109.87454491231108,-954.2725975554774,-313.5127482243305,-235.28403311433948,539.3151191940561,535.2789714891999,1131.1415038398268,35.05130012151879,313.5573412250059,4.166457519948916,-243.5753948469423,-82.2861839786737,-269.73770652649176,409.3437029864819,-260.8543938513483,61.933440487803054
108,swing,stance,0.542713567839196,0.25062948696526977,0.2503635159458961,6.098648898573284,924.9607503198756,0.019720615076634765,0.0,-7.410320274482473,-398.4691538065617,0.24876433053442765,0.39244890227539825,1.445171248108412,-2182.515119087803,0.009752630296726378,-0.01159894155429903,-1.0826137004503031,-796.8637350529249,0.26061028438118433,0.45430678540181413,-12.784135130101665,-3499.1495986665855,0.006830365155750334,-0.11174302976412535,-15.035270869814205,245.0640759251568,0.26566945874534015,0.48459641522581487,-6.169099357446473,-4241.40757652032,0.005216569175596472,-0.09909237802911619,-21.230508096975722,-492.067038415394,0.21620386442861364,0.3137033971246341,2.257787312292692,1237.8299265979379,0.02681548451720378,0.10669632737504758,-6.368833903081917,-957.2879551621633,0.20721333047855858,0.177387822780259,17.676507288712866,5232.010822947652,0.011860365696562736,0.1965681165056134,6.334639198974446,-3058.8452385935043,0.19553770709569485,0.42307372352672873,17.833147138761344,-1466.6371844014354,0.015141829397478379,0.02649801218951593,-1.7369972845319,981.7850411846777,0.19366166844077068,0.36179960075128575,17.968614377498476,52.424509813881286,0.0018954184765937743,0.028117476388995966,2.0953390467523576,39.4954921907704,0.19594271508761812,0.35187755788260977,40.61693795929748,337.44083486104773,4.915926444021279e-05,0.011284464203935182,1.403481814334278,610.516228707526,0.2791415196796687,0.293388536910688,0.3477554565658771,-517.04884607892,0.012034367728232936,0.0,-1.8281519341110228,42.70211227894309,0.2541328817978344,0.2686615783021168,1.575766912563024,657.245259236841,0.02925176845628255,0.0,-1.3490513401249162,41.51827288592395,0.23962381114811127,0.22283450765264562,3.72019643863611,2793.450818446494,0.03575473007201997,0.043688812976788,-6.416987541194559,-51.76267834205339,0.22213662589086228,0.26695360850104,2.8963382799519706,2326.813023056036,0.03930499417056582,0.09359373214250968,-8.607884391206163,-257.2660110863016,0.20887550977326158,0.3422153825250157,-3.479990352797295,680.9593333773088,0.03556121573943047,0.07895170437151358,4.304035879724043,-123.13794001413805,0.1934553036209608,0.3004746343323686,8.347442535265325,2189.767300566496,0.026544479286346526,0.06342932832928695,-0.529690019240695,-151.4289050362952,0.1934553036209608,0.3004746343323686,8.347442535265325,2189.767300566496,0.026544479286346526,0.06342932832928695,-0.529690019240695,-151.4289050362952,0.2564183901565555,0.010380044926176987,0.2017118571062512,0.011152451470455776,0.23289427531844983,0.029741925908813045,0.1934553036209608,0.026544479286346526,79.40167280449086,93.25922427929065,176.16569753380978,162.30814605900997,58.987075708135976,105.31477087910812,82.36281899304393,120.92543329876283,141.01359429543734,34.54578474487172,169.5961251765881,167.3343531972019,152.75870203459522,165.44870801731898,30.31632682942408,6.445977306037248,176.29483861769933,161.618953852075,173.61734024731243,22.022889976875973,11.039410909307849,17.147215253969314,2.648806194946856,-1.0325399177245111,-5.9166439536629944,9.44495367058757,8.333446765126373,3.4939535888913227,-8.299090637093121,-0.02459660405298481,1.7907949417475646,1.0245401888685324,-3.7828447755747634,0.8662133208367984,0.12589292817497416,3.1446061839547768,-6.521407444066565,2.680914760652867,-1.5963988357967374,2.292285335255714,-918.3821759185302,94.74288718078675,304.89075800993,-637.9006922054623,497.968581503186,-134.5468276559739,-427.8122423201378,-1846.7589918030278,2637.992987970389,21.64529675547961,-272.43017793616406,216.89158338704846,627.8118743301233,-802.0282373218387,208.10966078536012,-75.32523897953502,165.90261742949903,130.11367843468858,-260.7174345110606,40.026377626409854,259.4016728044909,346.1424485252002,342.30814605901,238.987075708136,164.30184658724414,261.9390275942002,321.0135942954373,145.45421525512828,155.8580900785402,168.5237368813383,195.76503484674305,210.31632682942407,173.55402269396276,177.25918407626344,195.64023022418837,202.02288997687597,11.039410909307762,-6.107804344661309,-1.032539917724467,-5.91664395366306,3.528309716924576,-4.805137048201842,-8.299090637093165,0.024596604053006902,-1.7661983376945578,-2.7907385265630458,0.9921062490117173,0.12589292817496311,-3.1446061839547768,3.3768012601118325,0.6958864994590538,2.292285335255703,-918.3821759185279,-1013.1250630993236,-637.9006922054623,497.9685815031904,363.42175384720986,791.2339961673476,2637.9929879703886,-21.64529675547741,250.7848811806866,33.89329779362935,-593.9185765364895,208.1096607853667,75.32523897953078,-90.57737844997264,-220.69105688463924,40.02637762640822
109,swing,stance,0.5477386934673367,0.2519662025946875,0.3043255695508983,8.430446666332685,-597.6058542245264,0.019720615076634765,-0.04832970776704139,-8.407306688483427,702.1659051812883,0.2507341077213142,0.37457265385020494,-16.915604859233664,-2583.4731320906953,0.009718034286949007,-0.03249662057026428,-5.158528745924103,88.98370744699396,0.26274092922841424,0.3165261608862833,-29.135199477140507,-899.0467856535856,0.005870562454517045,-0.17963718322942043,-8.655475924594164,1475.1011699831658,0.26799009776223914,0.3466670259756819,-31.19475118973213,-2270.60395581274,0.004397885263698512,-0.23100526946839323,-16.559605200035328,3017.895581479033,0.2177757307262392,0.3419140868599965,8.966132469306613,403.81041343017233,0.027318583930722284,0.0571972158081489,-9.819782178418297,211.91657292061518,0.2084032212481006,0.35069120620159583,42.559009784353826,705.3072742794234,0.013097021641246931,0.13718556557711917,-14.347910475196338,-1139.4034687167596,0.19815568632572966,0.4696973445906007,5.951752197094479,-626.0552859371834,0.01521184468094193,0.05667277304122367,3.542102924915929,-173.39984558235506,0.19576288396896135,0.40091907665826176,29.527923311712836,2695.74212145728,0.00201262476135923,0.050011314197431524,1.909001330397796,667.2752685823457,0.1985975803258893,0.4959288984263631,38.40318218380243,-510.33731566185037,0.0001625709649822754,0.014105344867681247,10.026168296633607,915.7323959961599,0.2806538838685743,0.2816549538560879,-4.77039543327452,-587.3334840584351,0.012034367728232936,-0.0009754447155002787,-1.301928227341426,-82.71029082101829,0.25554405076558045,0.3005800878151289,1.9283939434131514,-339.43565084602665,0.02925176845628255,-0.00022032245504501657,-1.3343429331527803,5.8259812648463996,0.24130113092849365,0.2850144005210534,8.396345646345358,675.9629718445274,0.03594505543981326,0.01971697662867063,-4.269466439133139,662.6144835703847,0.22336255101632124,0.33354371666617394,15.520460931655633,405.1154332334574,0.03955378073868858,0.04641742184311984,-7.022468014196469,452.59018936463826,0.21036266505351103,0.3399048213938979,6.393004406260091,958.7607632258963,0.03604481231483324,0.1158105212418895,-1.1202747170286953,-1574.8046829575721,0.19525870579583818,0.3858448779177533,14.464828258008309,-462.8532379608102,0.026796161472355473,0.07409237022411978,-1.4307438934990901,-680.8288313969028,0.19525870579583818,0.3858448779177533,14.464828258008309,-462.8532379608102,0.026796161472355473,0.07409237022411978,-1.4307438934990901,-680.8288313969028,0.25835783432666376,0.009926774270449832,0.20373902051898402,0.01156052919585053,0.23441383123805315,0.02993765769170101,0.19525870579583818,0.026796161472355473,82.97781051900728,100.74537338293001,177.90413342927928,164.32830370679798,56.613713608459285,111.72564048103209,88.61454968751677,112.85512723143253,146.86967717054205,34.43779338354695,170.7328139562099,166.20383337062574,153.52009541384413,163.6249581523198,31.48050572345351,8.330680802630182,171.87311999724676,165.23324928082428,171.90730801538223,22.655641903916546,3.093187951224884,13.533438636835582,2.7345555861212287,-4.572366386253939,-0.7856917130707264,5.559987674906769,3.5505643935685676,-8.16428804089084,9.388019609158382,0.2350131350092939,0.8990597229670182,1.446307805433467,-0.6033822561758861,-3.623445366936421,1.6464469597025944,1.7658448976573973,-2.8121285224235946,0.6791912261016309,-1.7723695264713526,2.139461925135951,-1842.715872328114,-1230.8315072117268,-607.2759800655017,-331.46232154899315,1105.1179111405743,-1071.648583637026,-1380.3929480270942,-410.5340563896682,1824.3963319203133,90.11823922734897,-29.377116626848768,-209.77486309431004,511.11811590816563,-551.2611706722006,189.1767952578294,-320.01703020553595,847.7597421970318,-565.5186758448939,113.182679869591,-75.40671601619607,262.9778105190073,342.2324371360773,344.328303706798,236.61371360845928,168.3393540894914,259.7248044019746,326.86967717054205,145.56220661645304,154.82939266024314,168.6255592896174,195.1054638757733,211.48050572345352,171.66931919736982,179.79619920012306,194.5629499192988,202.65564190391655,3.093187951224862,-10.440250685610787,-4.572366386253939,-0.7856917130707043,4.7742959618360645,1.2237315682675414,9.388019609158338,-0.23501313500928286,-1.134072857976301,-2.5803806634098123,-1.9769984072338818,1.6464469597026274,-1.7658448976573822,1.0462836247661682,0.36709239866466986,2.1394619251359344,-1842.7158723281034,-611.8843651164094,-331.462321549002,1105.117911140583,33.46932750355275,1413.8622755306537,1824.3963319203176,-90.11823922735337,-60.741122600504575,149.0337404937966,-362.0843754143646,189.17679525783163,320.01703020554174,-527.7427119915077,37.77596385338613,-75.40671601619607
110,swing,swing,0.5527638190954773,0.25368803540296725,0.33509162314521995,0.09255991139208869,-1363.5965493589676,0.019234889370433342,-0.084495544607874,-0.3533765038162282,1517.4677057412987,0.25252887981935435,0.2224428232881245,-24.519382843255475,969.1822785124253,0.009426031095015178,-0.06344345156358673,-0.18830508289257103,1141.3796415618654,0.26379145182727765,0.16149071025467213,-21.819781217072414,2245.4357167482253,0.0050249663293239905,-0.1987327375489917,-0.2101334830486569,1997.6963502265044,0.2691535494586636,0.17108132789182223,-28.989239616871092,1410.1298269173665,0.002894908175914118,-0.2655205709942961,9.100100762110166,4043.0259232744957,0.21964018690961865,0.40381528123826876,6.316183427168814,-1502.1150799122358,0.02739033090723543,0.008005049199988904,-4.239019099859645,1033.7248293571738,0.21073786521425303,0.6051165643315556,24.765022608104086,-4990.8618064327065,0.013239115099347859,0.05236801122725762,-5.116651943907609,1608.9029861045456,0.2002582834232386,0.4828903285226534,11.541134214769524,729.2077798200813,0.01571140500593289,0.06209703656053045,-3.4797093004349735,-25.34534889469,0.19769100589462257,0.65856264911021,45.06150002028533,-1269.4859783989245,0.0023980447499347968,0.047303419408069376,8.80162315310762,4102.5627910162275,0.20092692512205396,0.7378391878705756,35.487919711439666,-4397.748948959664,0.00019092152441690935,0.11204997472286633,10.606822477612306,372.7322989708388,0.28197222273349876,0.24544486421446146,-5.555093629448573,502.24619288119277,0.012024564263755547,-0.01308470580242645,-2.659411138342366,-333.5071323108448,0.2571537872030116,0.28804242195451035,-1.835646663778967,-49.889042767500904,0.029249554160251948,-0.013410481740229007,-1.2904987645988215,265.534243697408,0.2424882774850063,0.30721989103300135,10.513794145616314,-291.2990632432597,0.03595289064115234,0.0007796025332386727,0.24245450473898394,636.4208718035865,0.22548882404831128,0.4229381404774792,6.967850171745529,-2169.837783855719,0.03977150092275798,0.023016164160635323,-4.0592392719635475,513.1244650990287,0.21229163863149172,0.40646668309044404,6.1557962122871315,-912.1901993873469,0.03672514057603238,0.06769266198931559,-11.52314686356821,-559.9001034784214,0.19733314158998347,0.445849792704312,3.6956511989757552,-2170.881799698454,0.027289126223272356,0.04904999271623071,-7.3721908373000495,-478.2897579202143,0.19733314158998347,0.445849792704312,3.6956511989757552,-2170.881799698454,0.027289126223272356,0.04904999271623071,-7.3721908373000495,-478.2897579202143,0.2597904791270657,0.009145198742671657,0.20585085331275738,0.011785963457373577,0.23612131528188385,0.030168796131203757,0.19733314158998347,0.027289126223272356,83.26036513935131,104.60438577619067,179.67889455337993,158.33487391654057,57.826605861105996,108.89917439975983,87.64042166369806,113.38208135858655,145.70327723858128,34.762199318425935,169.80207477306053,168.096003848171,154.34157680486138,160.7538835556336,32.24426169984753,7.51712249259638,173.82026051399578,163.6752309380632,171.17115699526744,23.816229060077188,-7.48034660152755,4.777049352343864,-3.4544699866160014,-4.363819531282246,5.1900687211166945,-1.3253838534026872,-5.539849194944987,-0.6320168270852599,10.036550889744277,0.8811143429555515,1.495547538462651,-1.083749892481326,1.3540207109394864,-4.674099952250669,2.027167252374273,-0.07164537589986976,1.9987909699739932,-3.0026900217079002,-0.4588844652480792,1.5344288928818808,-1699.1544444484414,-1684.442739609628,-1229.5182154739957,395.85336819939795,981.6030866692728,-1335.567724008615,-2002.4711349846143,4174.291346987689,-2525.7848493424285,140.35710908866236,59.59523733233303,-430.9332996841401,117.05259597226407,172.39727822152864,-58.46892093066118,-278.48986033516775,711.4902489827043,-509.3611264147971,241.54675561207807,-165.1860178448256,263.2603651393513,338.6559793631606,338.33487391654063,237.82660586110603,166.7257802608659,259.0853585971678,325.7032772385812,145.23780068157407,155.43572590851352,167.3397220603425,192.99814525548112,212.24426169984753,172.48287750740363,178.66261699340782,194.98738605534464,203.81622906007718,-7.480346601527528,-12.25739595387148,-4.3638195312822905,5.190068721116717,3.864684867714052,9.404534062659062,10.036550889744277,-0.8811143429555736,-2.3766618814182245,-1.2929119889369427,-2.646932699876385,2.027167252374284,0.07164537589992775,-1.927145594074198,1.0755444276337904,1.5344288928818697,-1699.1544444484325,-14.71170483879377,395.85336819938914,981.6030866692662,-353.96463733934854,1648.506497645257,-2525.78484934242,-140.35710908866346,-199.95234642100084,230.9809532631436,113.92835729087072,-58.468920930662286,278.48986033516474,-433.00038864753526,76.36073776723543,-165.18601784482064
111,swing,swing,0.5577889447236181,0.25533395760117206,0.3052558199166479,-5.274041266923027,-605.7342632853089,0.018871413623289313,-0.051881230418460704,6.843625027509254,509.4797312197794,0.25296971398551643,0.1281466956265362,-7.175079447048658,2369.338025504424,0.009080411658169252,-0.03438913396616948,6.312623430576853,736.8701103798692,0.264363951442029,0.09723187729761973,-6.568006343992918,2087.2673165849515,0.0038732485093010832,-0.18174907753141695,11.421874328938186,1370.5411190264308,0.2697095080928102,0.055317884097585625,-17.022592125236237,2336.768459841544,0.0017293368114945779,-0.13954697035170976,24.07382116453174,212.38265142179424,0.22183417576380968,0.40539331728380257,-6.130501499660312,-1452.7107587860783,0.027399036686501066,0.014594008774384382,0.5694120864777363,277.2980650674351,0.2144847947589704,0.599585905780527,-7.600405355672484,-3061.147666389447,0.013623333311872626,0.08576192794990793,1.8219687821354906,-110.79618130264545,0.20300885545661052,0.5856886432314984,13.280473602321297,-1782.0231845861392,0.015835935500645743,0.02170082027303361,3.287375800346185,981.0859234328594,0.20238160406052114,0.853798473847051,16.76927026247764,-4759.164861921339,0.0024880360116915773,0.13846983834926532,43.14078817478126,2811.012656371214,0.20601304955071909,0.852591408089067,-5.795299715288883,-3389.7889391478907,0.0012887013642070427,0.12070657579845631,13.77222155262187,343.48121223625014,0.2831206664234935,0.22582486712796254,0.2773049976921519,719.8302803764781,0.01190286314730403,-0.027703194849593934,-4.653758702827243,-330.88777113413295,0.25843894947869106,0.2821313776263959,1.4269965286644075,35.776185751354,0.029116989745325478,-0.013190159285183694,1.3343429331527803,250.1722962982234,0.24438876802430265,0.390680673341316,5.468716870031242,-2428.287634334903,0.03595289064115234,0.022153705319514647,2.12672322723445,-243.45144431105177,0.22761318559398427,0.4035723616083388,-6.286953981466786,-1640.5217516251519,0.03978509897145878,0.005621047250522097,-1.8654382142063222,348.2445345183903,0.21444775734587723,0.40177212000984786,-2.7747362911000173,-1611.9977473524013,0.03672514057603238,0.0,-6.74741143540469,633.2795027055996,0.19973960823507741,0.4229871010230366,-7.35307927664913,-1260.4254123354822,0.027289126223272356,0.0,-6.237676133903169,267.389236132158,0.19973960823507741,0.4229871010230366,-7.35307927664913,-1260.4254123354822,0.027289126223272356,0.0,-6.237676133903169,267.389236132158,0.26059428278038194,0.008388602650563556,0.20954449591812616,0.012127008574983611,0.23795815585023763,0.03012868488409089,0.19973960823507741,0.027289126223272356,76.42459831435838,100.98498499183637,177.29357018448914,158.14604313803284,61.91993896138957,107.1671374743561,81.77757003457512,105.58602073023171,161.72348567093886,34.89363237223215,171.05089709624485,166.92329690308347,154.0475848705214,160.40238386147695,32.682204896441185,7.324986195782273,175.83698362695915,160.83588005484657,172.3549169490095,23.647233173402448,-13.983741138708897,-3.395634123059875,-9.622411403566952,-0.5939405752047838,9.079665941896664,-7.8628035211594725,-16.57477364647745,33.78838881325605,-15.996752746041453,1.6456373469556242,1.4980068318346762,-2.884680131090477,0.5730257435453399,-1.8908094049110384,1.058819613665809,-1.033048171037706,4.338527246246674,-4.440016074549505,0.6552360575695897,0.479300941770899,-699.8877292643839,-1022.5637505188275,-727.2108141148815,645.1853711592909,513.1644550476863,-995.8541238812323,-2115.2343935820345,6049.263756225948,-4416.719031477463,143.34745374477745,-125.98153765966802,-182.38228209123884,-249.64662343610448,554.7130151226033,-140.05002568037932,-65.58375669678696,-24.774779861568742,332.8277759934619,-26.23867269050023,-216.23056674460818,256.4245983143584,335.43961332252195,338.14604313803284,241.9199389613896,169.0870764357457,267.3095064011706,341.7234856709388,145.10636762776784,154.05547053152299,167.13217362843952,193.08458875791814,212.6822048964412,172.6750138042177,176.83803017725856,196.002150122412,203.64723317340244,-13.983741138708831,-10.588107015648912,-0.5939405752048722,9.07966594189662,1.2168624207371477,17.791636067214554,-15.996752746041409,-1.6456373469556242,-3.1436441787903444,-0.2589640476998676,-0.8319897912452516,1.058819613665831,1.0330481710376909,-3.305479075208983,1.1345369993403893,0.47930094177093213,-699.8877292643862,322.6760212544566,645.1853711592953,513.1644550476819,-482.6896688335592,1632.544724748471,-4416.7190314774725,-143.34745374477194,-17.36591608510834,165.01636600613048,414.6629894422262,-140.0500256803815,65.58375669677818,90.3585365583645,-242.46923943511936,-216.230566744606
112,-,swing,0.5628140703517588,0.25675593309057176,0.2820861832766466,-5.995221629163806,251.02988074048565,0.01871346996924278,-0.015715393577629952,4.767022804925295,-564.6727473305347,0.25381678630806326,0.15033147206150452,-0.7069403758742242,91.8361078743148,0.009080411658169252,0.0,7.217424669668961,-167.9374055484408,0.26476865662423865,0.09548059624469277,-0.8422202463692939,136.97114992956907,0.0031983424345358724,-0.08394003072549186,13.564149120232116,-645.8263359576499,0.2697095080928102,0.0,-5.504129467709745,1858.8515647222105,0.0014924260618265767,-0.023572619591966017,11.23459977137444,-2425.677594728289,0.2237144916059383,0.3422022008396724,-8.283924701334547,814.4628592578247,0.02753700436225437,0.013727783737453616,-1.4521038730512397,-720.1938216073113,0.21676385421707242,0.5287305808574599,-6.000280571689484,571.4308855979461,0.01410104402346754,0.07067925526882042,-6.230181404235709,-881.0281907976139,0.20614460144566574,0.6163624250283957,-6.3686465348399945,-3370.866151999376,0.015929503702144285,0.09513598932782893,6.380450734066169,-1268.9639704772742,0.20627189507901508,0.8270980286325991,-2.769302612090148,-3369.3001282353616,0.00378970141676159,0.48087917995863666,37.05300663422547,-7470.2036797874,0.20949568299229587,0.6795949696264659,1.419689167239612,1691.2124494146765,0.001404052939476777,0.25046426168389074,14.058894962398755,-3622.138393560494,0.28424181938805115,0.24823184911589014,1.6793815502145553,-433.24793156528506,0.011746140194915405,-0.05985615005194669,-5.984916375871355,32.448385252801415,0.2599892784354377,0.3023840956094291,-1.476087007986463,-540.1849828779272,0.029116989745325478,0.0,1.2237956705592135,-677.6222113087036,0.24641471641305973,0.3621818696262804,-13.891106701970756,-1621.8972547176304,0.03617554094587108,0.022153705319514647,-2.204293679291698,-630.3152434379847,0.22954482768256596,0.35975267332705896,-9.519805623482197,391.1703644780275,0.03982799385994916,0.004268041404792806,-0.5592942014269462,-403.0367231181932,0.21632954938535956,0.37857988619496635,-10.04518617316421,-763.9026634486705,0.03672514057603238,-0.00012051826600821494,-5.158528745923965,-262.0759412185568,0.2015842682334311,0.371949498466632,-8.971940884797991,247.86054693243938,0.027289126223272356,-0.01364021968480644,-4.684861830946692,-10.16051132591203,0.2015842682334311,0.371949498466632,-8.971940884797991,247.86054693243938,0.027289126223272356,-0.01364021968480644,-4.684861830946692,-10.16051132591203,0.26126272102892095,0.00812116253094362,0.2124781050679975,0.012552261288820912,0.23968407658965085,0.03014682192422764,0.2015842682334311,0.027289126223272356,73.03250441931418,101.27201768792204,170.8086260844982,160.95186064689392,62.646750850768754,107.58365877920853,79.62964855525327,127.10272381685105,143.49803725787294,35.61208042311502,171.8616167706764,164.7426998691582,154.57029816917824,160.59672350556104,32.61658126231103,7.327903742211065,175.78390825557597,160.82914321584448,172.37700337973033,23.682041406638174,-14.514394131822897,-5.499973265935854,-10.763121384755545,2.1204555557458318,10.34750043013869,-11.333968013013106,-26.798486316372564,60.16460383850242,-34.352585105004295,2.321792270038748,0.22940143133030377,-2.916737652192277,-1.1549905798756448,0.9009052248609458,0.6196293058377914,-0.73077860903341,1.7497982075461656,0.3423127520957517,-0.7225897184189369,-0.6387426321895676,-11.145988029430281,-319.38050744661996,163.2751805469158,107.96971270098848,137.45997632875196,-494.9127677160356,-1517.383062949926,2609.481992635768,-1449.5517210731214,97.74672328019724,-266.6954534979597,98.46969471399413,-206.90095258375942,318.01023426227346,-40.630246174731404,36.13186893519762,-532.1574574146823,1055.649829927463,-334.6041237065787,-225.02011774139112,253.03250441931417,331.7604867313921,340.951860646894,242.64675085076877,170.2304096299773,270.600761074724,323.49803725787297,144.38791957688497,152.52630280620858,167.78360293705032,193.21330476787207,212.61658126231103,172.67209625778892,176.888188002213,196.0590447863685,203.68204140663818,-14.514394131822897,-9.014420865886978,2.1204555557458318,10.347500430138668,-0.9864675828745038,25.812018733498036,-34.35258510500439,-2.321792270038715,-2.551193701369063,0.36554395082316965,1.5205345306987703,0.6196293058377804,0.7307786090333795,-1.0190195985127417,-1.361332350608626,-0.6387426321895565,-11.14598802944124,308.2345194171876,107.96971270100606,137.4599763287564,-357.4527913872837,1159.930271562651,-1449.551721073126,-97.74672328019503,168.94873021776908,70.47903550377936,277.37998808754753,-40.63024617473469,-36.131868935197495,496.02558847948495,-559.6242414479606,-225.0201177413994
113,stance,swing,0.5678391959798995,0.2581689946190278,0.24500233620645864,-2.7511278926467786,846.5477032797116,0.01871346996924278,-0.003971453484537934,1.1685220392626507,-581.52614593358,0.2544805830514612,0.12104176722579019,-6.252103488512827,-34.24744826732577,0.009080411658169252,0.038147797387287734,4.624810309486988,-895.4486596244012,0.26532355542438774,0.08876735220848106,-5.191411872338952,-698.4838850219779,0.003029630110049905,-0.045425970795415195,4.931157384640168,-1220.5570573438185,0.2697095080928102,0.0,1.6593331483538998,427.9532797917551,0.0014924260618265767,-0.0266364198856345,-0.3048481292200128,-758.8876587760104,0.22527339386270087,0.3221377926472741,2.055054874790222,938.495669994337,0.02753700436225437,0.0,-6.668716773897282,-1231.090431470695,0.2197986699434675,0.5392815784268635,-1.8573813798137044,-174.46250456497395,0.014333677585931126,0.023147039465126664,-7.032585899247602,-1250.4513324100942,0.20920345269307683,0.5216821453939102,-20.597578176567055,-1094.0540305510185,0.016792076096905334,0.08582595327872403,-9.466030938118937,-2044.4719886056969,0.21069414706185383,0.8259662867908685,-17.093042584109057,-3857.1911032800435,0.007320992594190459,0.5108618648238947,-31.936635742680373,-8544.337515197656,0.21284314974797003,0.866859640925646,11.201810329079798,-4365.738677497378,0.0038059301248491717,0.26200200255623335,-22.63117938768476,-3580.0235401930854,0.2856154588769195,0.24270307366278226,-4.076945570803194,-673.7257950388256,0.011301293800048282,-0.08785310817493444,-4.327644278175971,686.5522753914711,0.26147798561546925,0.2672963323199992,-4.001998274128854,120.62111610771322,0.029116989745325478,-0.0008907053097141587,-5.475930547336733,-1421.1106364054517,0.24802878681451654,0.25107156075869475,-10.83175805175406,2023.228130521597,0.03617554094587108,0.0,-4.208103339981504,-644.4094573139976,0.23122879035104016,0.30789592318138165,-2.3555935344514167,1223.4560656212873,0.03982799385994916,0.0,-5.9160585470525024,-1471.9038714650424,0.21825258032271108,0.3008154750534232,-10.452149994101765,957.5116728427823,0.036723929337178024,-0.051844510009286304,-9.381340492877634,-24.180152641696356,0.20347779414931494,0.3328168408743127,-4.862018503458774,742.5003386742529,0.027152038588249175,-0.047084038501977,-6.339791825620878,-146.51643763378968,0.20347779414931494,0.3328168408743127,-4.862018503458774,742.5003386742529,0.027152038588249175,-0.047084038501977,-6.339791825620878,-146.51643763378968,0.26192066029692174,0.008078984449822128,0.21556256266181384,0.013957936152826093,0.24134689935499523,0.03004963104610353,0.20347779414931494,0.027152038588249175,69.04860543849706,98.21174637505985,170.151580928424,160.68527813501322,67.47879086581229,99.4580769989791,67.99221999210761,157.5042960961818,121.44035177650194,36.43076879914923,171.26109514892246,164.573820864511,154.28128229045666,160.51572426977793,32.93730862718267,6.735297535904856,177.4043255374491,160.40916066007026,171.8333890887141,23.617827177861646,-14.095761118904177,-6.605488469257074,-7.981454815155731,0.4911821655086729,10.461173241683122,-12.836801186647289,-31.82485468115014,60.0143384879875,-30.56511175180153,2.628016475399822,-1.1823494847277447,-1.8950349580855066,-1.506380815085417,1.3052733514937338,0.6504754310051901,-0.6699138098799393,-1.0097889086747804,6.169529954872281,-2.7076194570694074,-1.7822077792481172,-36.785959398681655,-182.45851789780784,152.9914473193978,-44.30851498956586,-0.4972081504919453,-229.97741101213708,-275.88771154047976,-2858.8042103304156,2904.2173027082695,-56.17683298267675,-16.33959439953295,-24.873262236042883,209.52673168293276,-127.4977337817835,15.360691717131871,21.924782957513138,-389.98016144306695,871.4289780440189,-307.6382158209591,-195.7353837375111,249.04860543849705,330.83685906343726,340.6852781350133,247.4787908658123,166.9368678647914,278.9446478726838,301.4403517765019,143.56923120085077,152.3081360519283,167.7343151874173,193.4530328969606,212.93730862718266,173.26470246409514,175.86037692664604,195.45121626657576,203.61782717786164,-14.095761118904221,-7.490272649647014,0.49118216550876126,10.461173241683122,-2.3756279449642115,29.44922673618597,-30.56511175180153,-2.6280164753997997,-1.445666990672055,0.4493679674134959,1.955748782498957,0.6504754310051791,0.6699138098799255,1.679702718554706,-4.48982723631753,-1.782207779248167,-36.78595939868396,145.67255849911965,-44.30851498956586,-0.4972081504898243,-230.47461916261807,45.413092377871735,2904.217302708279,56.17683298266904,72.5164273822152,97.38968961827128,-112.13704206465712,15.360691717135165,-21.924782957511482,368.0553784855555,-503.3735995584548,-195.73538373750895
114,stance,swing,0.5728643216080402,0.2592182681278226,0.25443665671738236,2.512795489225292,285.29597214784684,0.01867355586387054,-0.003971453484537934,-1.0774610738041774,-598.2676856963033,0.2550332864811868,0.08749626112167684,-1.051135835847349,1081.9546326602454,0.00946380660678521,0.046480505622985,-1.7820593466567185,-802.4753202072304,0.2656607908172887,0.043305602552843776,-7.862158789303776,87.80918962392607,0.0027418000144814464,-0.034380660025590454,1.2972440212992145,-504.06389903590633,0.2697095080928102,0.016676715058833235,-1.2030914798528913,-657.2079729566742,0.0012247233494081383,-0.0266364198856345,3.607588125384351,389.28740733313833,0.2269520573611873,0.36285601867676015,1.1481925850407417,-1183.5411027793464,0.02753700436225437,-0.05329449539719272,-13.824872028535664,-642.3773550487983,0.22218376957814645,0.5100634313115935,-7.753672577367622,-2114.4117284941904,0.014333677585931126,0.0,-18.79753147870907,-1905.1704461703803,0.21138763808279049,0.40935158908299724,-17.364164429825152,653.6657763475217,0.016792076096905334,0.0,-14.167006437850471,26.389364737298397,0.21457306379048113,0.6553086559279847,-41.53504234354804,-2508.52770909963,0.008923991515494223,0.15990796646436017,-48.819732211982505,1790.6083505780134,0.21820784018752853,0.7921759779589267,-42.45708146087494,-6463.408866229057,0.004037238894815817,0.023015222611681128,-21.92124111994397,2581.9443946068545,0.2866810462590339,0.20725752177113424,-5.091731967763621,194.05644475508564,0.01086319438411204,-0.10335006239542398,0.9151064923846665,807.891152391035,0.2626756737351362,0.26216300742722937,-0.2638144842908475,282.2571403199832,0.029108037933167547,-0.055034477862680974,-13.05872328828961,159.83696119777724,0.24893804868199135,0.25331997965890246,6.442844358547894,683.7744475244101,0.03617554094587108,-0.020138790559696623,-8.68077063722135,-158.96073361556324,0.23263925907132357,0.33607836644815015,2.776235237033307,-429.46337413568733,0.03982799385994916,-0.05518983343995622,-15.35229793474402,-898.3663110418703,0.21935282049142413,0.27353315258590294,-0.4219532802718817,667.0701940417683,0.03620409022418025,-0.0944053473401557,-5.401545355388251,531.0312011146962,0.20492916110653978,0.3230849908941818,-1.5096259232476783,-250.63837479946866,0.026815919806167057,-0.07735672044481555,-6.157388842341569,-302.13072761080247,0.20492916110653978,0.3230849908941818,-1.5096259232476783,-250.63837479946866,0.026815919806167057,-0.07735672044481555,-6.157388842341569,-302.13072761080247,0.2624054633797771,0.008025971458636334,0.21866087380002677,0.014324797691080174,0.24253600155757482,0.029832462858907855,0.20492916110653978,0.026815919806167057,65.56258336366776,97.8763604058443,168.2274738677315,159.45874909009194,70.14317415236428,97.02868113799319,55.131093416700956,165.39881733000715,126.64194454364937,37.23598443862401,169.98817020267904,165.40678368320033,152.11262052248668,162.19686677926688,33.05957437374304,6.84438311058268,175.2757141499969,164.69329935701825,170.44440321179542,22.74220017060674,-14.884102266483016,-7.333727214657548,-9.22551889913345,1.675143847307982,10.342503363299574,-13.645298776954192,-29.571227135874885,31.432903232166463,-5.164471509946182,1.757200983780688,0.06518440218926841,-3.166720187227885,0.9508057184452968,-0.38047903425246166,0.7740081170652481,-0.5104290315709654,-2.169600399921861,9.100392933442714,-3.814431083453715,-2.6059324184962205,-74.4259974471076,20.499934760115444,-567.5985899360965,472.67265772886464,-356.6880051603392,-1.136178279545263,1122.2996612893996,-5199.005071794139,3718.8812270648596,-160.9351843995766,204.02016146210363,-397.44512733499107,805.7784901147236,-510.91390413761457,59.495564295343,124.95849489390437,-162.86809653220237,75.13693288142538,140.8303755817478,-178.0577068248788,245.56258336366773,327.6862229578235,339.458749090092,250.14317415236428,167.17185529035748,292.04076187365655,306.6419445436494,142.764015561376,152.77584535869696,167.3690616754966,195.25644115300992,213.05957437374303,173.15561688941733,177.87990273942043,193.18660338240218,202.74220017060674,-14.884102266483039,-7.550375051825467,1.675143847307982,10.342503363299574,-3.302795413654595,26.268431722220367,-5.164471509946182,-1.757200983780732,-1.822385385969912,1.3443348012580612,0.3935290828127643,0.7740081170652702,0.5104290315709517,2.6800294314928568,-6.420363501949902,-2.6059324184961876,-74.4259974471076,-94.92593220724495,472.67265772885577,-356.6880051603435,-357.8241834398799,-1480.123844729284,3718.8812270648555,160.93518439957109,-43.084977062528125,354.36015027245855,-451.4183398422738,59.495564295340806,-124.958494893903,37.90960163829497,-37.22733124313048,-178.05770682486943
115,stance,swing,0.5778894472361809,0.26072614694784574,0.2702565622288235,0.1161683098441572,-127.7427956060571,0.01867355586387054,-0.014800207995132729,-4.844218520499218,-250.26551199843846,0.25535994245971927,0.11047758797104291,4.621812417620341,937.3584384513612,0.009547552418199254,0.02023765319978295,-3.4402682855605886,-23.042921098807184,0.2657587876108485,0.009750680959196546,-4.3089074540080325,192.69549553158038,0.0026840958384359292,-0.032388342440649164,-0.1348114498915753,76.5953408854253,0.2698771132692809,-0.012091371656813031,-4.9457721074921,85.16186373720696,0.0012247233494081383,0.009620747203655617,3.6075881253844093,-454.2028209787421,0.22892018802025627,0.33367741661753286,-9.839830580278637,-1230.3353842989486,0.027001381292935847,-0.13894343747272084,-13.124770593483223,1471.8479420449567,0.22492493558479007,0.46135522086537956,-23.10775051040868,-2002.5715313490316,0.014333677585931126,-0.16577287489375928,-26.18002756930176,2404.8625288652347,0.21331753901551903,0.3471679300187823,-14.028072886642185,516.2285479168254,0.016792076096905334,-0.05655602097103007,-9.200811192015435,898.8789973931889,0.21728016370434616,0.40852867529792153,-42.304376343904444,2235.126060301925,0.008928107835038307,0.02021128982909356,-13.940571917775639,4473.57992110273,0.22080471736564772,0.4401553046354438,-53.757072748599455,951.1916483663787,0.004037238894815817,0.04168802145126789,3.3180105078616307,1913.7183258821622,0.28769844904547365,0.19152988805711751,-2.126629543113883,855.7947007432153,0.010262599705621905,-0.07865605800021414,3.7918647910806973,228.84454408384522,0.2641127897102153,0.2646449304678299,-1.165243095033533,-73.6590463279694,0.028563879415047275,-0.13213415544327864,-3.869528927258563,2354.740446847332,0.2505747162583246,0.31582376536721657,-3.9596530515087025,-1826.4125010395896,0.0359731410407485,-0.08724392600222501,-5.805698652700739,1425.678205717161,0.2346064623756447,0.3357977848601085,-6.671808349885478,-1355.225779477576,0.039273322167085276,-0.1542944516054682,-14.944865693201992,1659.5563976138603,0.22100165723312218,0.29657473856827865,-3.747926938405571,-1223.3442067810256,0.03577513187647294,-0.10613139800313831,-4.0443434967500105,311.27518780415994,0.20672487948493487,0.31764472104267766,-7.380997144659475,-1160.7591856414006,0.026374584111416854,-0.10896734345013374,-9.376281550352575,179.21650527723307,0.20672487948493487,0.31764472104267766,-7.380997144659475,-1160.7591856414006,0.026374584111416854,-0.10896734345013374,-9.376281550352575,179.21650527723307,0.26293049757192355,0.008032481867478465,0.22104950873811186,0.014218496341125287,0.2441198256846192,0.029370443052732124,0.20672487948493487,0.026374584111416854,59.543937828161106,92.96958867861468,166.08667189021688,160.48767725932956,72.49530688100917,95.54640062984018,51.298340544572476,170.96535351751493,125.77801344876201,37.809655568720835,170.88182199436173,162.98551946709,153.90297317920678,161.05711458228834,33.362915208332325,6.651223391923718,174.60075634561804,167.62965440594576,169.61007488324844,21.508290973264,-14.84376109324697,-6.399458974180536,-13.685963256724564,5.241661137658086,6.876369169719899,-12.848220063828649,-20.545461100352103,7.763031233774819,6.810578972468578,1.0105774362080904,0.8681043993135066,-5.889458348386942,6.591895467474654,-3.829539755416988,1.248420800807635,0.5859504604105623,-2.646654200455716,6.924675008956961,-1.292238797956358,-3.5717324709554497,235.90439619190917,586.355729771333,-875.9664105224634,525.5150769430333,-736.5128542410301,363.43817592484606,1653.680736139979,-2582.172268008138,555.4168535519758,-115.7376699225654,-6.373141888666544,-324.39989480761244,854.2942489728549,-486.72603756219445,78.94249520816511,131.66371415206856,111.1417355947623,-717.4199156273224,567.8723786876232,-93.25791280712158,239.5439378281611,326.57434914954644,340.4876772593296,252.49530688100916,168.04170751084936,296.74336696627694,305.778013448762,142.19034443127916,151.30852243691743,168.32300296982746,194.42002979062067,213.3629152083323,173.3487766080763,178.7480202624582,191.11836585651244,201.508290973264,-14.843761093247014,-8.444302119066565,5.241661137658086,6.8763691697198555,-5.971850894108749,14.573610206243353,6.810578972468535,-1.0105774362081235,-1.8786818355215857,4.010776512865356,-2.5811189546093423,1.2484208008076019,-0.5859504604105623,2.0607037400451094,-4.863971268911808,-3.5717324709554052,235.90439619190494,-350.45133357943035,525.5150769430376,-736.5128542410279,-373.07467831618845,-2026.755414456184,555.4168535519801,115.73766992256978,122.11081181122314,446.51070661882244,-407.7835423540326,78.94249520816182,-131.66371415206856,-242.80544974683528,474.6144658805004,-93.25791280712701
116,stance,swing,0.5829145728643216,0.2619344144818811,0.25560417741933367,1.2289482972046404,-153.13475235067426,0.018524810054874233,-0.052657066755885995,-3.5926923501703483,833.6186856566997,0.2561436139984837,0.13394663717816185,8.369551987784254,412.8896226332587,0.009667200106280513,0.011904944964085232,-2.0136464933783946,173.41848872241246,0.2657587876108485,0.0,-5.9255206432577765,-64.318833164064,0.0024162890351784455,-0.03573554896922435,2.067046442258249,277.7734651386176,0.26958798676962614,-0.03302953727776991,-0.3471933518407763,707.0410863038481,0.0013214142760780423,0.009620747203655404,-0.9572643467637297,-454.20282097873576,0.23030559923674032,0.2639632490257203,-11.216987156657016,30.984898759040515,0.026140587905242124,-0.1852017375427504,0.9675696000566029,2840.7391431771007,0.22682050546624064,0.27782473271452546,-27.880019626101248,1218.9071394496261,0.012667618541772771,-0.2631158549678522,5.371941173202407,5021.231481569841,0.2148767630076023,0.268365931930817,-12.175937817595843,857.3234382272018,0.01622367387609097,-0.0924704642413595,-5.133046665054763,402.682503457332,0.21867887962262098,0.2301390444314652,-19.071463848051707,3879.9916635583722,0.009127120056490134,0.01980171603445675,-3.8591299898453135,995.0030274784125,0.22263151159089975,0.25190389003331354,-32.89736640191653,4662.761184735368,0.004456213984778301,0.0563620618866718,-2.687891111078362,-888.1405487257484,0.28860596975709535,0.18588436053380916,3.5092197984996973,551.5572983071329,0.01007268123838126,-0.06524086851521664,3.215051659056437,268.6103618052402,0.26533542178003894,0.2504520215474956,-1.0041064071849992,-589.6638765642065,0.027780056471426076,-0.0939242158250779,10.607009845854009,1219.876582732051,0.2521121568766367,0.21352447160353932,-11.913060174512983,485.70972765914524,0.03529871756896431,-0.07848752073759246,5.647653540840317,1026.8548322496613,0.23601411118047033,0.26902501619804603,-10.844124355705908,-921.1016203297555,0.03827729585386408,-0.2053894886480138,1.3266608352442286,2899.5489284571545,0.22233347113030125,0.2358655451647421,-12.716869931337248,-816.327173262571,0.03513744300806833,-0.1350520156492003,-2.2731515081103173,390.8068232470285,0.20812157036325005,0.24890411506845975,-13.17554738698014,-179.14193271693523,0.025720770625763723,-0.17159070587549302,-4.356217935032726,1737.000001371349,0.20812157036325005,0.24890411506845975,-13.17554738698014,-179.14193271693523,0.025720770625763723,-0.17159070587549302,-4.356217935032726,1737.000001371349,0.2633562007152098,0.007982428368102808,0.22266265178482078,0.01372304287287486,0.24542045018129877,0.028714494127744628,0.20812157036325005,0.025720770625763723,56.82472253083859,93.84508138938894,158.93635029641817,164.04329084503152,75.49702254361996,87.92293223032223,45.238909613591254,167.94235060796834,130.23869455238258,37.268777576966635,172.35349669314246,160.8604574989298,156.59113456094533,159.39805149890344,33.52808217111232,6.530206150012313,174.83946902091193,169.3296778216358,168.01084615829916,21.289800849140747,-12.513203812293016,-1.4407048048955127,-18.029201416946997,6.956702409549428,2.940364124696388,-9.99265379278495,-12.951320239995995,5.481423151683125,0.41760742022433,0.5940083212423629,0.0011327249162389425,-6.42702063755559,9.536677567418561,-5.2721980047266905,1.5674000287050844,0.8128243769925143,-1.052598032135325,1.8901425251280441,1.8928290038589783,-3.5431978738441594,665.7709972692288,1254.3458810055624,-639.5513649227448,50.97648118641351,-706.1635821007369,1108.4037086331232,1396.4503945666288,-160.54941000528984,-833.660858028958,-80.41066819050562,-185.0519994268015,119.95565060089699,-47.121527002855416,216.85616645424014,-24.227622434967966,-3.168719145502389,233.53111354583623,-759.4859112589949,388.40644578062785,140.71707107803576,236.82472253083856,322.9796411414497,344.04329084503155,255.49702254361998,163.4199547739422,298.18104516035095,310.2386945523826,142.73122242303336,150.3777257298909,169.5172682309611,192.92613367001576,213.52808217111232,173.4697938499877,178.63032482907573,189.3006470074399,201.28980084914073,-12.513203812293082,-11.07249900739757,6.9567024095494725,2.94036412469641,-7.052289668088584,5.899030571907323,0.4176074202243742,-0.5940083212423629,-0.595141046158646,5.8318795913969,-3.704797976021661,1.5674000287050733,-0.8128243769925281,0.239773655142797,-1.6503688699851589,-3.543197873844181,665.7709972692355,-588.5748837363226,50.97648118641793,-706.1635821007349,402.24012653238833,-994.2102680342435,-833.6608580289538,80.4106681905089,265.462667617306,145.50701701640898,192.6285440192645,-24.227622434962484,3.1687191455039025,-230.36239440031918,529.1235168586669,140.71707107803022
117,stance,swing,0.5879396984924623,0.2632950331530652,0.2826078013967094,-1.4228744273485556,-1121.3662307206228,0.0181443391125551,-0.05090766880086503,3.5338587222817197,798.2806136964946,0.25670613981829377,0.19459368835078453,8.771456866195823,-1365.0134280023674,0.009667200106280513,0.0,-1.6973689014157323,149.33155178096854,0.2657587876108485,-0.04980229032982659,-4.955327887817724,1082.6444288420075,0.002324944592514075,-0.011614006337551093,2.6568816670794684,-218.3484562370199,0.2695451581207606,-0.015580752077323361,2.160168458375751,188.79907926167638,0.0013214142760780423,0.0,-0.9572643467637085,95.2478025029907,0.23157308499538914,0.2209438773546478,-9.528424562599836,742.0342601730933,0.025140057297531312,-0.12921911988421222,15.425371549000324,994.7327019476555,0.2277171439537803,0.18115401859300398,-10.857427500864643,3393.256563196685,0.011689297133992901,-0.11178351636911174,24.284610436425506,400.7809031724,0.21601468406004987,0.22479669567108487,-5.411756924559719,1951.5452570386938,0.01586272469749468,-0.108144429665048,-5.153750855760824,380.3480216803154,0.2195931189247629,0.2168556717999136,-3.3094852528653584,3165.6051800759433,0.009127120056490134,-0.018573936199502723,-3.940541490856876,513.3202180695666,0.2233364147529172,0.10952850662623097,-6.895151293972436,5872.812832662392,0.004603691778098953,0.014674040435404835,-5.60802515772382,122.1684967316804,0.28956663357345164,0.22679842874555683,3.4166598871085827,-441.09669352524486,0.009606912584865956,-0.04634398102477242,6.491466417264028,345.4760282213369,0.26662989545441124,0.2545534087875786,-7.091513211256739,-972.6126162812359,0.027619917446956035,-0.025531041414594675,8.390537230852557,-802.6337868976306,0.2527206908473049,0.19609451738216094,0.9218517490857426,1063.721641693717,0.0351843217368531,-0.03048358890835224,4.514450415135097,-761.7866670534477,0.23731023138266025,0.2268116104309029,-15.929111066767483,72.67095990548181,0.03720910620077357,-0.1409611768793955,14.19632956767406,542.6738420743823,0.22337216522472764,0.16876700056488866,-11.952220137024412,1438.2250389691203,0.03441782518653122,-0.1289771418032421,-0.11663673044819957,80.75276111596881,0.20922642838009528,0.18522715936448472,-9.18141857900054,1334.9606862457674,0.02465005440412546,-0.15274842822433218,8.08100489559071,1191.3712215993146,0.20922642838009528,0.18522715936448472,-9.18141857900054,1334.9606862457674,0.02465005440412546,-0.15274842822433218,8.08100489559071,1191.3712215993146,0.263826279675742,0.007864474521856932,0.22364688933737983,0.013284578192721597,0.24647100747710848,0.02811468959335089,0.20922642838009528,0.02465005440412546,52.1437065906167,91.18789000294264,155.80005324803616,165.1557633396379,74.0039454433653,86.36838518566488,42.39189497510587,168.3714842028495,129.60895145107483,38.143759237667126,170.39542850541596,158.9460433207216,161.1903397880093,156.6989677271379,34.625461421048115,8.061710327186944,173.26844658060392,167.73523403001377,172.03458948152831,18.900019580667042,-8.152595291546149,6.20703229220708,-20.113615165495897,5.7539875817426465,-0.2207522584282416,-1.708484298671584,-6.510783768024115,6.149469324173909,-1.5679221132496297,0.20243001720803044,-0.9917146904030995,-4.683873920237218,6.118312281516306,-1.6500807960778818,1.0049271079938855,0.5541040368376738,-0.2996078331608692,-0.7083492248018137,2.6113435716982103,-2.1574905505731747,761.0263290913285,1140.5772998546536,-88.80206386172661,-290.748906901592,-261.65324043385556,1457.2503558601568,896.3574441969189,167.08066427867496,-257.7956197763556,-125.77308062728007,-61.71801075889751,406.42323006969747,-893.8733604211593,912.7531669945423,-237.8119452568986,-126.01550396786914,177.26373995159466,-356.554512574356,-11.565383476168721,316.8716600667909,232.1437065906167,320.955816587674,345.15576333963793,254.00394544336527,160.3723306290302,297.9804356539243,309.60895145107486,141.85624076233287,151.4608122569169,172.5147689361953,191.32442914818594,214.6254614210481,171.93828967281306,178.66984309220913,190.93460906219536,198.90001958066705,-8.152595291546126,-14.35962758375325,5.753987581742691,-0.22075225842826368,-1.9292365570998034,4.5815472109242785,-1.5679221132496297,-0.20243001720803044,0.789284673195069,5.473158593432287,-0.6451536880840626,1.0049271079939075,-0.5541040368376586,-0.2544962036767011,0.4538530211250685,-2.157490550573186,761.0263290913439,-379.55097076331845,-290.7489069016009,-261.6532404338643,1195.597115426306,299.2396712294035,-257.79561977635564,125.77308062728117,187.49109138618306,-218.93213868350557,674.9412217376537,-237.81194525690188,126.01550396787188,-51.24823598371838,305.3062765906244,316.8716600667931
118,stance,swing,0.592964824120603,0.2647746938929033,0.2413039319183431,-10.041064071846893,-639.4410604912578,0.01801317519255398,-0.017140898692752978,4.430228390497974,-204.61778359200295,0.2580993294592956,0.22210198256706498,-5.349175931837588,-1964.5768119318045,0.009667200106280513,-0.005154038969741299,-0.512826877489257,219.91448000104546,0.26525826207989545,-0.04980229032982659,4.955327887817724,1181.9191495952336,0.002299565353394012,-0.009033220656867772,-0.1274104043449753,-359.15077144623723,0.2694313962964872,-0.01131930151519945,1.5502848316936677,223.32617462965183,0.0013214142760780423,0.0,0.0,-154.5050231441773,0.23252614071769157,0.1682001880950683,-3.7593564011485077,1109.0990445695113,0.024841903283290237,-0.03017287775380175,10.964883187470269,-1419.386145951029,0.2286411488691854,0.1687048583339758,6.223061411051512,2148.9015375822146,0.011544166115952548,-0.019049418420861164,9.399889948804434,-2398.70097107938,0.21713602628067855,0.21397641510107082,7.437582353647396,1536.8658929607777,0.015136795185989982,-0.14426695525403133,-1.3104534823380087,737.3734751610926,0.22085833361055981,0.1968778861112102,12.743663589897606,2414.5103538398416,0.00894044733086699,-0.01980171603445675,1.2998671766830168,123.04472431389625,0.22373230060221866,0.1826058870788164,26.125878147454497,6798.351520323615,0.004603691778098953,0.0,-1.4600670233227748,-425.0169852343036,0.29088535095051804,0.22022265085650863,-0.9239127997439888,-241.05580081495884,0.009606912584865956,0.0,6.687172545703054,-395.70996907949814,0.267893747496497,0.17918053198712602,-10.779107575840678,670.8547514714259,0.027523463090374872,-0.009597208479825696,2.540338620752159,-739.8436912174323,0.25408295604630665,0.22278931330289356,-1.2223904087469368,-577.8814120542625,0.03499234984124218,-0.03311615978146064,-2.008493866732054,-766.7737070161581,0.23829362485314273,0.10893344768781937,-10.11376294962066,2243.776477284128,0.03686060060884502,-0.06271280957591208,6.780669298303371,-1541.2470308719423,0.22402962188974737,0.11574272971726005,1.7376530733775915,2014.148921318379,0.0338411903266287,-0.13622424409591588,-1.4615659692563558,272.98217814637167,0.2099831498543504,0.1566285514604137,0.241142927047731,1069.4823719683477,0.02418561054310711,-0.09037457627156595,7.617362181543352,-634.696381349232,0.2099831498543504,0.1566285514604137,0.241142927047731,1069.4823719683477,0.02418561054310711,-0.09037457627156595,7.617362181543352,-634.696381349232,0.2643909204321454,0.007825338732076637,0.22457879001606681,0.013013400738839742,0.24752807518176034,0.027835021165843975,0.2099831498543504,0.02418561054310711,51.346118119863256,97.1692257696149,147.36844982099714,166.8084425292512,73.71404678327795,88.94427783457124,41.66399158292734,177.46190510648387,123.53242792843801,37.92803664313014,170.4765204863098,158.34351136598835,161.29996874353864,157.4472339029158,34.504728858117275,6.838059178948251,174.7896492989769,167.8529616234438,171.2897714254072,19.22955847322385,-4.8646979922796305,10.022383635854824,-18.9216844708337,4.034602842699244,0.31068331631591894,4.653078426915184,-3.9427027103786814,7.160625807750217,-2.173303331296843,-0.6700427403383467,-0.6191487902485628,-2.342365058965649,0.5530257038892836,3.901200658535082,-0.8226697728717962,-0.45366310007150257,0.7289470930063375,-1.6933199128051972,1.776593994048237,-0.3585580741779051,520.6657566912779,359.198944229553,519.2442204146122,-357.7774079528861,370.16719555660086,634.8798499731201,123.30289676558068,-841.5137285755134,1333.3032506125805,-184.22127924772346,76.2929050318155,485.7631334338882,-895.4358004763967,846.0109676408533,-328.40992638244677,-162.52952026695237,128.65951012759362,-266.004186244867,163.34339080547088,136.53080557875063,231.34611811986323,314.17689235024835,346.80844252925124,253.71404678327795,162.65832461784922,300.99433303492185,303.532427928438,142.07196335686984,151.59544287056005,173.2519315045717,191.95196276103303,214.50472885811726,173.16194082105176,178.37229152207487,190.51932989863104,199.22955847322385,-4.864697992279543,-14.887081628134455,4.0346028426992,0.31068331631585266,4.9637617432311245,8.906464453609884,-2.173303331296799,0.6700427403383578,1.2891915305869206,3.6315565895526136,3.0785308856633296,-0.8226697728718404,0.4536631000715164,-0.27528399293477696,1.418035919870376,-0.3585580741779051,520.665756691279,161.466812461726,-357.77740795289486,370.16719555660967,1005.0470455297167,881.7441487641381,1333.3032506125849,184.22127924772676,107.92837421590245,-377.8347592179857,517.6010412584154,-328.40992638245115,162.5295202669492,33.87001013934678,299.87419638421375,136.53080557875174
119,stance,swing,0.5979899497487438,0.26572019829797316,0.1816925845942276,-7.849417748868762,915.601894015746,0.017972068773934466,-0.006382760353649014,1.477398585678666,-354.91877865543245,0.258938320547611,0.1408331262217633,-10.973033705983202,301.1985706083964,0.009615400719649947,-0.005154038969741299,0.512826877489257,105.1007020181425,0.26525826207989545,0.0,6.923256530224875,-175.9725989089284,0.002234158455259122,-0.012894512913882508,-0.9526738248425293,-73.99462284880545,0.2694313962964872,0.0,4.40465262550794,323.7008406458035,0.0013214142760780423,0.0,-2.510078649720271,-316.6910199879316,0.23326353914709838,0.1831614009611953,1.6182995034254513,111.93341284555389,0.02483681229498054,-0.0190192888543598,1.160184152507508,-1294.533037052494,0.2294126701681921,0.24369734935734105,10.739572876846148,-697.8500182602746,0.01149784569257721,-0.017312260602232586,0.17706298839143292,-916.4221921779064,0.218165200794734,0.29954626706452636,10.03413144690545,-1513.4687522010145,0.014412805549212954,-0.12131481642221398,2.2570378393255672,494.341501501109,0.22157179114698614,0.3449326928039102,20.95695046411808,-1635.8050371931522,0.008928107835038307,-0.005509944474045212,-2.7039110957423356,-1788.7160718632747,0.22517164979893547,0.3721001462991416,61.42998961380289,421.9688318365555,0.004603691778098953,0.0,-9.879552647515835,-932.42732790876,0.2917799265468839,0.2175128729692353,0.9939885221341114,-172.54226114012064,0.009606912584865956,0.02086378325365052,2.5144818033997076,-828.2960691730938,0.26843070482111603,0.14622066933189293,-0.3492544024986613,1249.575104827867,0.027523463090374872,0.0,0.9549222437426527,-252.76369276483874,0.2549597794232134,0.18380918664098564,-4.886001638394307,-87.69733078365009,0.034851496010406255,-0.050669456915709656,-3.191817997087631,50.028866317637174,0.23840503990213582,0.12516575164074506,6.6214062928720905,1042.375246339245,0.03657882670754832,-0.07281374674569298,-1.2935903405867366,-582.8125225968142,0.22453540873947397,0.18623085054858313,8.290482589793557,-598.3515798264785,0.03304873730617025,-0.143666247021899,2.6269027484098193,912.5817053281265,0.21080058467617985,0.18765070636998957,1.5671479734452103,-478.9795541020173,0.02374176720541625,-0.0761920243897253,1.7021467915783002,-626.8476193891423,0.21080058467617985,0.18765070636998957,1.5671479734452103,-478.9795541020173,0.02374176720541625,-0.0761920243897253,1.7021467915783002,-626.8476193891423,0.2648370443054917,0.007785760556230394,0.22551697021118922,0.012855852629981592,0.2481519073515005,0.02755853381746365,0.21080058467617985,0.02374176720541625,50.938844682840255,100.36816048868663,142.9080821224244,167.66260207172922,73.89693069986616,91.57362970865904,43.625808387395196,172.06907455227574,129.7756774688542,37.500096571887404,171.0456002240721,157.41102216080563,159.76359039783796,160.1573995510141,34.122291094382774,7.300591148574523,174.1330002580301,167.8826895688863,170.84227420459047,19.8414448199186,-2.9197736162569004,9.817071932705115,-14.895080286957059,2.158234737995032,3.499521063748668,4.672217711108545,-5.271558674902696,-2.3079550836202327,11.8321105562236,-1.6490401259851781,-0.22495182576173436,0.19816762181193062,-2.881042497140987,6.85254199428249,-2.2956751672065985,-1.0793584784080856,0.9934525701315345,-3.3817581317854133,4.252985690346166,-0.7853216502842179,142.23664291218157,-373.6192194383301,898.4437415875481,-382.5878792370362,500.9097144598732,-266.9418639808343,-36.91762328287682,-2206.983281385061,2867.8233818740378,-82.06072335835553,-108.51227410203316,470.97785364002294,-272.3304382627931,116.59722818619977,-124.6716461030497,-57.74019072325436,5.2315431468218225,-340.28550435055587,510.14107656857504,-117.34692464158834,230.93884468284026,310.5706841941536,347.6626020717293,253.89693069986615,165.47056040852522,301.84475202113,309.7756774688542,142.4999034281126,151.45430320404046,174.04328104323486,194.27969064539687,214.12229109438277,172.6994088514255,178.56640859339538,190.68371902450906,199.8414448199186,-2.9197736162568675,-12.736845548962027,2.158234737994988,3.499521063748734,8.171738774857191,13.443297449759875,11.832110556223643,1.6490401259852112,1.873991951746857,1.6758243299349265,4.556866827075914,-2.2956751672066207,1.079358478408069,0.0859059082765344,3.467664040061903,-0.7853216502842179,142.2366429121728,515.8558623505161,-382.58787923703176,500.90971445987543,233.9678504790368,270.8854737619103,2867.823381874029,82.06072335835442,190.57299746038757,-280.4048561796442,-8.07441791685544,-124.67164610304202,57.74019072325436,52.508647576419335,392.79415192697525,-117.34692464158668
120,stance,swing,0.6030150753768844,0.26660075001947847,0.1624153113266969,-0.8390349862614678,864.4451177252361,0.017949026847291175,-0.002292671701007525,0.8632054894383359,-101.60511325923028,0.2595147377630319,0.1118202367782886,-2.3220546191903755,806.6327404377605,0.009615400719649947,0.0,0.543461585004642,-47.97812091240231,0.26525826207989545,0.019778177310624718,3.1867590545621542,-743.2647074160989,0.002169972258782127,-0.018607831961817856,-0.8710749555892544,11.912966490415482,0.2694313962964872,0.032948564067795116,4.803559612053516,-283.07743848220673,0.0013214142760780423,-0.0252269211027164,-3.1828243214867635,299.809656674891,0.2343669588178041,0.18446450471240958,-2.6343974780776094,-353.51122158193783,0.024650754651588128,-0.01851273551754534,-2.0454990944643985,-612.5203662626162,0.23109036846071648,0.276640264131425,-0.7905066116648456,-1726.6903449252147,0.011370173547085888,-0.017269890899339217,0.18961666058423016,46.03923434744684,0.22014654152755822,0.3148219572810255,-7.7731588745035705,-2396.1095746129486,0.013917550799837072,-0.12158315787387478,3.6578028141555703,857.0437911264905,0.22432499383974486,0.4075005038410411,-3.6965880401843974,-3804.766593466711,0.008885071004494677,-0.04697670192131451,-16.677178771691683,-657.9350554184741,0.22747200056502412,0.7999927173682954,30.366770929731455,-12627.89362493594,0.004603691778098953,-0.09929198640719475,-10.831195947028947,1602.77871459898,0.2930714099753345,0.23021248524981633,-2.6580058765291286,-673.7817244590186,0.009816598848721741,0.02527117390351476,-1.6374110640768196,-500.38187887655073,0.2693633019621442,0.17567043748965203,1.7794361912736205,-133.22387877995286,0.027523463090374872,0.0,0.0,-161.20723199125985,0.2559302845552613,0.17368376919842796,-2.103770617627846,422.50948289786936,0.03448310906821997,-0.06519473261651235,-1.5056911901728844,349.4470170515079,0.23955157210581354,0.175480244601107,0.3623701794170227,-936.0534186480392,0.03612880415913956,-0.07571371752150748,0.9232570108981781,188.31435762045496,0.22590128872943163,0.19906416278051223,-4.275930643471466,-1241.6890565877786,0.03239730844701162,-0.1098232114485809,7.710109461177117,443.2872624809466,0.2118690866017875,0.17237878234931037,-4.572721938299197,-473.8340474488073,0.023419861554265647,-0.0732675733411307,1.3173861072805881,294.1514636704704,0.2118690866017875,0.17237878234931037,-4.572721938299197,-473.8340474488073,0.023419861554265647,-0.0732675733411307,1.3173861072805881,294.1514636704704,0.26520128653972325,0.007763953525450323,0.22748017264216958,0.012685448356220944,0.24928115732162878,0.02729485752795557,0.2118690866017875,0.023419861554265647,49.62576543670381,101.97858828039264,139.1409044936779,168.5062726626332,76.1407461149592,90.75593159493452,37.19393413558866,176.61481967934242,126.31756325364752,36.754934078482016,170.63373866578658,158.34901739379117,158.973241904738,162.6789864921444,32.61008146505785,6.507617360134735,175.23417942140313,166.25699360831513,172.27224699605875,19.728962614088204,-3.4351839931622217,6.267416606323852,-9.892099128245238,0.1894985287591651,5.344951803349843,1.9702456230876921,-4.313734100156339,-15.02011068858215,26.649042215176024,-1.4947736283620239,-1.7097244093644788,2.391080706260733,-2.1839636253850307,5.073032097592371,-2.075651140741648,-1.0339665244258203,0.7815254160899742,-5.1132747303987385,6.90363998971233,-1.537924150977793,-136.1804296655741,-553.4914563775956,611.2106203332405,-193.89959362121687,124.81716919756956,-431.8556429707762,555.1579397668677,-1559.9203751121204,1477.633215026204,68.03351047535065,-244.9446740435135,301.95061450648024,286.96148471247847,-504.7327582324207,92.73182258162699,-12.984203682959969,-3.46715996720338,-102.16804287292948,8.773415312670933,109.84599121042686,229.62576543670383,307.64717715631116,348.50627266263325,256.1407461149592,166.89667770989374,309.7027435743051,306.3175632536475,143.24506592151798,152.61132725573142,174.26230986194025,195.28906795720223,212.61008146505785,173.49238263986527,178.2582032184621,192.00120961014696,199.7289626140882,-3.4351839931622217,-9.70260059948603,0.1894985287591651,5.344951803349798,7.315197426437535,11.628931526593918,26.649042215175978,1.4947736283620239,3.2044980377265024,0.8134173314657254,2.9973809568507117,-2.075651140741615,1.033966524425834,0.25244110833577144,5.365715838734466,-1.5379241509777763,-136.1804296655741,417.3110267120325,-193.89959362122127,124.81716919756076,-307.0384737732024,-862.1964135400666,1477.6332150261997,-68.03351047535725,176.91116356816946,-125.03945093831523,-412.00093565078936,92.7318225816314,12.984203682958864,16.45136365016226,118.61940652310061,109.84599121042521
121,stance,swing,0.6080402010050251,0.2673525129846736,0.17326007216948938,0.8384728815354653,-278.7149437109833,0.017949026847291175,0.0022926717010074743,0.4562416685004905,-20.283736371732793,0.26006214202276967,0.1174958938680916,-2.8661719930410294,-403.5307663294557,0.009615400719649947,0.00030788650769219276,0.030634707515373047,372.95601665144466,0.2654570377312585,0.03202772919157887,-0.5467405292332725,-614.0304606064782,0.002047145068708192,-0.021649035080608527,-0.8329455184061949,125.27257954961149,0.26976253764390223,0.04827698102566262,1.5596532437772699,-626.2790036177453,0.0010678773805733593,-0.031988184135544794,0.5030837289217966,459.05935896114363,0.23511745376732357,0.1566850443976017,-1.9345770953879313,41.05219438476989,0.024650754651588128,-0.03957706869822274,-4.995799428021189,156.93795292033352,0.23219297433031694,0.23575255929035782,-6.61409893144716,-962.8436108963297,0.011324278949870287,-0.015406565520984076,0.6397688612300865,133.66199257099044,0.22132924056640255,0.22142406732077327,-14.047371815535815,346.31496952346447,0.013190864264048405,-0.08455297909401795,10.870543277782605,-134.32382404265562,0.2256672735976498,0.3077810542090928,-17.281909771727587,-1063.9826456543076,0.008455980177537667,-0.1731197813754662,-9.316323713013315,2790.952637680105,0.23321177761168202,0.6772938239848795,-65.48351415439525,-8387.21313087688,0.0036057823669713857,-0.10885624067365583,6.228776142423377,1824.0821085334712,0.2940936198659775,0.19079924606944554,-5.777687100569474,-131.52735303565126,0.009860894232137457,0.004407390649863683,-2.5144818033997076,-40.90304926434191,0.2701962368561879,0.16410445014871292,-1.6881878575735405,-164.50706777976058,0.027523463090374872,0.0,-0.6652509420991262,-173.7074573931449,0.25670534494279557,0.16266576334824384,-0.6396751771092632,-390.3873525959824,0.03419627256702423,-0.06580203169131627,0.32021232503801406,436.10965356257475,0.24016866045089064,0.12880766299166985,-2.7861657538417033,48.11794446273569,0.03581788482291007,-0.06353478181204311,0.5990162686640333,128.37666236747754,0.2265360535915394,0.14325667322726263,-4.188804411088417,116.85520181813796,0.03194498643734031,-0.0661777097236379,7.082051115052419,-371.48320858770387,0.21253303475004223,0.14169370196497333,-3.195003257195985,204.5152463218063,0.023005409684399875,-0.06295196301002114,4.658442908869407,286.04169774970427,0.21253303475004223,0.14169370196497333,-3.195003257195985,204.5152463218063,0.023005409684399875,-0.06295196301002114,4.658442908869407,286.04169774970427,0.265658557595651,0.007669862504055668,0.229503743974675,0.012245532082003175,0.2500388250762388,0.027058151805697803,0.21253303475004223,0.023005409684399875,48.820118409097624,103.33762665559235,138.29618442607435,167.18630732743085,77.62270703439555,92.62803863573758,37.755277140208285,165.23155197379404,147.2639165561308,36.46812694402361,169.84960358594194,159.28287402757115,158.54003419412618,163.3050564004786,32.55430484785843,6.527548566268424,174.54011664154336,163.4891778757349,178.39919321900848,17.04396369744486,-4.288421150584254,4.254343727905259,-8.75225998210048,0.20949510361097753,4.753964975282008,0.3319599928093636,0.3079181066737652,-17.985546793289505,26.682695631863577,-0.9652862518610631,-2.686707343786952,3.2328471645905728,0.0029925250949265217,1.779850956770814,-1.363697050808354,-1.2098529877845654,0.9586067413154208,-4.408572633020867,4.341160718614214,0.31865816087583154,-204.0058810211616,-342.2364085339806,60.97724083071181,77.25328668211574,-304.43151205142294,-29.118377490729657,1004.2701025341242,14.066379853030702,-961.9317452022475,120.55948033306309,-132.61228707834204,70.0083270370772,339.5017751467064,-554.1413259139213,156.6840304754299,0.9135983634507311,31.517611322095693,247.78977576603106,-847.8966083816241,567.6756229300604,228.82011840909763,305.4824917535053,347.18630732743094,257.62270703439555,170.25074567013314,312.49546852992484,327.26391655613077,143.5318730559764,153.68226947003444,174.39939544246323,195.85936124833702,212.55430484785842,173.47245143373158,178.93233479218821,195.44315691645332,197.04396369744487,-4.288421150584221,-8.542764878489413,0.20949510361088916,4.753964975281986,5.085924968091393,4.7780068614176505,26.682695631863577,0.9652862518610299,3.651993595648026,0.41914643105740884,0.41615390596252655,-1.3636970508083317,1.2098529877845376,0.251246246469117,4.659818879490029,0.31865816087581494,-204.0058810211595,138.23052751282324,77.25328668211135,-304.4315120514097,-333.54988954214815,-1337.8199920762836,-961.931745202243,-120.55948033306419,12.052806745277882,-57.95552029179052,-397.4572954384881,156.68403047542444,-0.9135983634519683,-32.431209685534455,-280.2209854515523,567.6756229300543
122,stance,swing,0.6130653266331658,0.2683420572774633,0.17084217445770664,-3.6401901994371912,-340.08816074753224,0.017972068773934466,0.0022926717010074743,0.6593488424862466,20.20916381158264,0.2606956010179876,0.08301448810450929,-6.3776402104412035,217.06207957381153,0.009618495056410672,0.00030788650769219276,4.291763259893549,503.6630715249033,0.26558014880543895,0.014283297619838035,-2.984401353543181,-47.875583642313366,0.0019523940167659598,-0.02697914370459372,0.38794594440684627,313.07425081867586,0.26991659208568985,0.04862347104043106,-1.490701730838423,-539.5138298362433,0.0009999249882836209,-0.020170803224105357,1.4308375776202276,41.21066107512385,0.2359416828821016,0.1650215188291137,-2.2218126098889655,-226.99887321908935,0.024252995167183877,-0.06872177499514545,-0.4682332359685775,812.6171883930706,0.23345974091589597,0.2101669080364784,-10.46732682167825,172.16939833932747,0.011215333692603635,-0.010840053098031788,1.5329532693379089,103.86093320497345,0.22237190903831977,0.17364234104448406,-4.292606416981299,3000.855751475637,0.01306777211547508,-0.01233146663987827,2.307814632822342,-2493.128475420301,0.22741827076646942,0.23381296844679322,-14.389880961333265,2149.125255262823,0.0071451737042387276,-0.14060809602195123,11.37259648137482,1837.4865262276608,0.23427897367039982,0.14186694697236032,-53.92682837556419,8880.622475375749,0.003509659208514468,-0.03669122115670828,7.501287555820088,-319.2730948845358,0.2949889903378415,0.17214527820891684,-3.9798888216110564,83.76362823378913,0.009860894232137457,0.0,-2.048496986331514,-32.420420542712485,0.2710125929184127,0.15870372535323446,0.1260988266529042,238.44576120837166,0.027523463090374872,-0.006685939116574161,-1.745803591890911,115.54086044474825,0.25756511634770596,0.16725487294607352,-6.027261598492008,-552.2284513488303,0.033821782116548446,-0.06197651829452224,2.8773204034208506,386.714654006569,0.24084612148261425,0.14747857873335107,0.8459676112033132,118.7008726828154,0.03549026363841551,-0.06969345351483375,2.213474723134139,548.1549252483773,0.22734105428950463,0.15696562598565358,-3.1015065045957027,-101.1949641781679,0.0317322058367238,-0.03864681833247589,3.976609877381082,-604.8953219831989,0.21329314390796814,0.1402681968498531,-2.517292327024753,230.48514040794157,0.0227871785089388,-0.026449051643950523,4.192177039438432,-462.51766143995,0.21329314390796814,0.1402681968498531,-2.517292327024753,230.48514040794157,0.0227871785089388,-0.026449051643950523,4.192177039438432,-462.51766143995,0.2661335997966449,0.00763572070884868,0.2306941154546373,0.011838186777603158,0.25084116988067456,0.02686929790385648,0.21329314390796814,0.0227871785089388,47.53052646418612,105.02679035625354,134.89163805282,167.61209805511257,79.22173316330473,91.29348977604685,40.08249997944236,158.35202214903362,152.0807008108756,36.37776847503618,168.71894950271897,160.6022775779333,158.75070389163284,163.06329550148453,32.48700505119411,5.8249132786189115,175.73262662171985,163.41323528013075,175.6589660196801,19.37025879985036,-5.485494355183955,2.8278547115099624,-9.2792625369818,0.9659134702879699,2.285338616903368,1.6775986131306089,5.779432759483144,-14.878740036792896,16.981386484500128,-0.2831205596880178,-3.042511214171942,3.0946819830152807,1.2281145167929375,-0.4962274593314853,-0.5009372666167174,-1.0247846313258129,1.0982853288748569,-2.622925225212486,-1.6179339638718686,4.167358491535401,-218.7668397008121,-215.01485846884168,-89.3926154145415,85.64063418258318,-344.57028837480607,482.2945814926639,723.9030748122168,1122.7292302914345,-2098.8626387128593,142.52590960159213,-68.70579297304796,-25.273653681863493,77.5187469544916,-243.7344887508933,117.6692788497364,-43.782179708697626,169.2428135918105,231.04312505720483,-887.8715185967624,531.3677596564467,227.53052646418612,302.5037361079326,347.6120980551126,259.2217331633047,170.5152229393516,310.43272295990926,332.0807008108756,143.6222315249638,154.90328202224484,174.3010044443115,195.55030055267866,212.4870050511941,174.1750867213811,178.44246009966122,195.0292248195305,199.37025879985038,-5.485494355183934,-8.31334906669383,0.9659134702879257,2.285338616903456,3.962937230034021,-1.8164955294491894,16.981386484500128,0.28312055968800676,3.325631773859949,0.23094979084471257,-0.9971647259481807,-0.5009372666167395,1.0247846313258142,-0.07350069754899836,2.549424527663576,4.1673584915353565,-218.7668397008176,-3.751981231976045,85.64063418259198,-344.5702883748104,137.7242931178536,-586.1787816943666,-2098.8626387128593,-142.52590960158773,-73.82011662854418,-48.54646294666748,-126.0652099011679,117.66927884973862,43.782179708703154,-125.46063388310296,-356.50375894031225,531.36775965645
123,stance,swing,0.6180904522613065,0.26906951976314303,0.13667524604449233,-2.5794985832638684,537.593586411488,0.017972068773934466,0.008919293233532594,0.6593488424862466,-153.90844266266157,0.2608964584861316,0.05339900733099381,-0.684643555113266,892.0556081358131,0.009618495056410672,0.04344118560209991,5.092575124851106,-738.3335968735829,0.2656005884611061,0.002033745738883449,-1.0279021738796401,315.94529438594196,0.0017759978957977013,-0.017750080865464327,2.313529364193576,49.65600351668106,0.2702512157448111,0.03329505408256283,-3.8625963023156515,-84.24834987484743,0.0008651557401300886,-0.017607906973532393,0.9172612271642492,-37.80828801647849,0.23677596149424934,0.13435526942384315,-4.215972806132558,91.74289217403307,0.023960083546109276,-0.04428293036624866,3.1712074905021685,74.57256019026092,0.23430520456183934,0.13055329475087746,-4.883753219494112,2227.0722238015564,0.011215333692603635,0.0,1.6835973356519347,-18.689747897677407,0.22307438972262852,0.17828229428578515,16.111982470651625,2056.729853187065,0.013066929925959175,-0.06135886218123049,-14.186024314381331,-1170.98494795738,0.22801715267751707,0.16315913499971263,4.317339024883794,2969.404774215347,0.007042833483849709,-0.058822329301346905,9.15087755560647,-549.2175842311351,0.2346375760737158,0.13531564935609136,23.768973035311145,7489.713725847273,0.0032370263754466777,-0.03346641599204658,3.020001319463204,-415.05222687883924,0.29582372316455957,0.15080036344018852,-4.935841590682142,218.66538961793665,0.009860894232137457,-0.01618051876050338,-2.8403151756882767,80.70615326589684,0.27179124917129577,0.16537177503969688,0.7082519535658836,-197.0579903026397,0.0274562677223691,-0.017545764742622295,0.49596373573754454,438.0858264075965,0.25838629843974104,0.1020902698960626,-6.189709864032205,1163.052291867079,0.03357339298617476,-0.03688423869211161,4.20679176228998,-157.1616706009416,0.2416508572220801,0.13730985003893936,-1.5931921590395333,-95.02408482236524,0.03511744810416802,-0.041288804695117,6.108110994778401,-36.01854657186928,0.2281135975712947,0.11208575358308458,-5.205839226949405,437.293492955618,0.031556576202843065,-0.026211781307747452,1.0027011453720014,-411.03463019861147,0.2139427653716488,0.11639428159286515,-0.8785696852568639,427.7109189711221,0.022739590069887808,-0.02081953045285078,0.010024200930190854,-586.2894682157064,0.2139427653716488,0.11639428159286515,-0.8785696852568639,427.7109189711221,0.022739590069887808,-0.02081953045285078,0.010024200930190854,-586.2894682157064,0.26645444561379794,0.007557929366568232,0.23136205690599004,0.011704441404793695,0.25161808182343665,0.02671736155293003,0.2139427653716488,0.022739590069887808,45.62578920199766,104.66938374569784,132.03772369366607,168.9186817626338,79.028470155139,91.60953604679806,41.26917444147315,159.2616432336233,150.1071885268406,36.20971961492195,168.31907305791972,160.74254082114214,159.9912980307831,162.84780254123046,31.889565934002615,5.8932609577883746,175.29055669058263,163.1105904433328,174.95495781507688,20.75063409321933,-6.487082856120064,2.0933903764596047,-9.65067822747276,1.0702049948932244,1.2909470016658517,5.179141716353746,7.583325893731252,-6.701835936089107,5.588598760377463,0.4671349501649948,-3.3772178259281405,2.978840594923602,0.7820754090596697,-0.6697418949969685,-0.1810912332230582,-1.649874894404644,2.6595395412331215,-2.086531175159502,-4.582171126579415,5.659037654910495,-80.11486220981135,-39.050414275921725,28.132520391811216,-69.19696832570499,137.7083825166311,633.114954735039,95.84042261917095,1520.4399286202602,-1235.4116407148165,132.53535981544468,-43.92682120105653,-42.001190931880956,-130.6337838713576,-13.116382590399967,97.14281877924155,-114.50960857788606,131.92730548284274,221.58792474456118,-181.4751169411147,-57.53050470841385,225.62578920199766,300.9564054562998,348.9186817626338,259.02847015513896,170.6380062019371,309.3688317604639,330.1071885268406,143.79028038507806,155.47120732715834,174.7286665060162,194.73736847523307,211.8895659340026,174.10673904221161,178.81618235162898,195.7055919082962,200.75063409321933,-6.487082856120086,-8.580473232579624,1.0702049948932244,1.2909470016657856,6.470088718019576,-1.1132371757116872,5.588598760377463,-0.46713495016498374,2.9100828757631567,-0.06875771916035693,-0.8508331282200708,-0.18109123322301401,1.6498748944046717,-1.0096646468284056,1.076866528331096,5.659037654910511,-80.11486220981126,-41.064447933902656,-69.19696832568741,137.7083825166201,770.8233372516615,674.9829146324971,-1235.411640714821,-132.53535981544357,-88.60853861438709,-46.60734768251491,84.0264361888427,97.14281877924705,114.50960857788151,-17.417696904965656,-239.0056216495356,-57.530504708407754
124,stance,swing,0.6231155778894473,0.26971567784072453,0.14491756558068272,1.7627604177637168,373.9813893540752,0.01806170991195992,0.008919293233532594,-0.8874696767364892,-151.1958657857402,0.2612322744585001,0.07613364835462719,2.5877427858986652,34.937244449119355,0.010055089886582533,0.051489546053934694,-3.12867489963998,-656.9283258559143,0.2656005884611061,0.003952622505469749,0.1909282382753447,173.1015553417852,0.0017740012442487296,-0.0037275923056632096,0.8870012561322862,-356.7551279501389,0.2702512157448111,0.009803407700575098,-2.3374188150077475,337.77641138164626,0.00082296109910239,-0.010952097423459596,1.0508547834847637,-44.00713208228274,0.2372919870974166,0.12264993283783153,-1.299773492561996,239.24741623038923,0.023807940590638663,-0.036850342929796887,0.2812397307677163,-157.08709804074417,0.23477183433047766,0.1610839611068891,11.915308593412865,977.9818406149245,0.011215333692603635,0.0060805231396761725,1.345116607049693,12.835801922735293,0.22416369089043822,0.33557181311133527,16.378045373843563,-3315.216378957594,0.012451100133754167,-0.15490457532712845,-9.460878311472985,2130.7151544657263,0.22905806106797408,0.2772033104054245,15.453383101132665,-1440.853721715893,0.006553994515280465,-0.04863947737263957,5.852821765483991,-397.4997105240775,0.23563892994533542,0.3807510980810161,21.346676406820784,-5097.146347843526,0.003173313319147164,-0.006339449101801578,3.3299083912086207,10.794378087541189,0.29650457187995394,0.1225388300613574,-1.7822467148981158,656.0334551335671,0.009698275953137422,-0.028545881162696372,-1.2373798680812909,-5.770051844710627,0.2726746208082589,0.16582183543932377,-1.8543834879464984,-319.3383458747616,0.027347123746227914,-0.001701378958407863,2.657069035321134,-123.17522629421462,0.258591149210983,0.10504673360906618,5.6617061589661235,993.2878585939937,0.033451086250296067,-0.019697204100652902,1.297806126024446,-478.0940049496897,0.24222611997546792,0.13146659723546625,-0.10904831665965808,9.041922923101762,0.03507530077715805,-0.008305403316055579,1.8514792802007778,-712.5128479076795,0.22846754427526428,0.10464563375500607,1.2934029723452005,597.0652031632454,0.03146877084870624,-0.02856941988652608,-0.15439143114769405,23.639501580324396,0.2144629356827708,0.1314383507668695,1.7813098736900606,-72.03709314370425,0.022577936996849846,-0.026348305905958654,-1.7001794250410556,-57.159867385842546,0.2144629356827708,0.1314383507668695,1.7813098736900606,-72.03709314370425,0.022577936996849846,-0.026348305905958654,-1.7001794250410556,-57.159867385842546,0.2666999391262855,0.007678440535473393,0.2321849006663284,0.011440336450284819,0.25215449030544973,0.026603082428729257,0.2144629356827708,0.022577936996849846,43.34384313340542,105.531981141414,129.36933767745563,168.44252431453583,78.6829304567332,94.67250414114194,43.66407015386248,156.88154223115455,152.8098222128581,36.524247543357376,166.90829778597129,162.23544758198761,159.6435593315278,162.2790019866229,32.409445770533026,5.371578306760329,176.3810392933387,162.10444901911694,172.9214837770537,23.221449603730356,-6.290668849754927,2.435388236375069,-8.996523638571636,0.27046655244168555,3.669342461291626,8.040562982327009,6.742653087314012,0.402063265923353,4.565189090381315,1.0488931067988692,-3.483986804132311,2.672559461086827,-0.0847878336729738,-0.6280503999385207,0.47537246985807624,-2.1756349687920093,2.424187896541624,-0.3959109061716604,-3.4418044858931296,3.5891624643151587,37.24071434001121,54.22618129026956,48.12142635095777,-65.10689330123603,539.1458964506188,176.70888032147604,-291.6121446111363,1187.380154958867,-179.9132335756315,93.37840042476597,18.45821597187369,-85.17808215605116,-137.2848626121909,10.926433068428503,99.69989530316619,-71.85434419078173,-121.0023833616284,376.56309908482433,217.33391570669514,-401.04028723912626,223.34384313340541,297.81186199199146,348.4425243145359,258.6829304567332,173.35543459787513,309.69136444401266,332.8098222128581,143.47575245664262,156.5674546706713,174.33200708868372,194.68844775715593,212.409445770533,174.62842169323966,178.24738239990097,196.14293338078406,203.22144960373035,-6.290668849754905,-8.726057086130039,0.2704665524418181,3.669342461291604,11.709905443618592,4.96725235630458,4.565189090381271,-1.0488931067988692,2.435093697333442,-0.2374657637534293,-0.1526779300804113,0.4753724698581094,2.175634968791965,-0.248552927749659,0.1473579784220014,3.5891624643151756,37.24071434001342,-16.98546695027814,-65.10689330122284,539.1458964506298,715.8547767721013,1007.4669213832353,-179.91323357562715,-93.37840042476708,-111.83661639664079,-26.658534240602805,110.62632837160129,99.69989530315517,71.85434419077474,192.85672755239432,-183.70637153242998,-401.0402872391295
125,stance,swing,0.628140703517588,0.27052597770867753,0.15439143114764534,1.1791083449178081,-299.4647585840351,0.01806170991195992,0.0,-0.8602075975714504,126.87588959367798,0.26166162078115296,0.07940647251590513,-0.33351547019749206,-154.42112901404715,0.010135977931324591,0.011997216761496959,-1.5097196073691665,597.7829640550394,0.2656403133104073,0.003952622505469836,0.7118119501584096,203.67630501976032,0.0017385346565448045,-0.008835495376697592,-1.2719493086721567,-203.55512460931647,0.27034974245536963,0.009803407700575313,-0.4678584994850211,557.7654639429032,0.0007550844092410469,-0.0070465523656452755,0.4749784926689434,-73.90140714851486,0.2380086241358356,0.12129221924734063,-1.8114761606009973,74.36748564968242,0.023589728340784683,-0.041456400408784164,1.5924426860725722,305.6729242198215,0.23592413884432065,0.2503051399108063,4.945210002766478,-2590.63209786915,0.011276444477927014,0.013518759869846218,1.812600370051285,-100.76617195707581,0.22644697075892337,0.342885765379691,-17.206775106811772,-4523.0681363591375,0.011510100023173958,-0.1564430663166378,7.22819834356576,2279.5246983254715,0.23080311559616457,0.31846951792566974,-10.163602901909165,-4179.829284943485,0.006553994515280465,0.0,5.155905590540348,-550.8861452653865,0.23846422027553507,0.34985511073117553,-27.458628450553658,-5191.350134504066,0.003173313319147164,0.0,3.128487531398292,-82.80350652124682,0.297055269195327,0.13288833615478024,1.6574594659366508,12.546833251960608,0.009574000954120407,-0.02861649733418475,-2.898305646489389,-450.6606243697103,0.2734578002812387,0.146734755060335,-2.50117865824078,226.71922611834557,0.027439168436354952,0.009158446667640475,-0.7419782370686379,-449.6632163771319,0.2594420445061638,0.1589918393329083,3.7930826846511922,-600.0481055707409,0.03337543113591694,-0.02384096104362466,-0.5981731115762682,13.879817765398576,0.2429721295561049,0.13621388705743526,-1.5023185618224297,-177.3894775526541,0.035033976714056905,-0.022680972733300053,-1.0528221500224288,-126.58692092294163,0.22916531248340533,0.1250847784307751,0.7948160812239418,-217.41629923474696,0.031269446354737274,-0.027763453982598656,1.240284075827524,107.64549063463042,0.2152637538215671,0.13429689338874523,-1.6025605711232414,-508.6035036375309,0.02247478297535556,-0.03790676085527352,-0.5644468280732543,137.39062058054517,0.2152637538215671,0.13429689338874523,-1.6025605711232414,-508.6035036375309,0.02247478297535556,-0.03790676085527352,-0.5644468280732543,137.39062058054517,0.26704441356390185,0.0076728267272675905,0.23392941392215585,0.011220716135262657,0.25289271830730115,0.026527801095090342,0.2152637538215671,0.02247478297535556,41.80029513664156,106.44879064765112,127.14683258416275,168.20467190482768,80.39163480942501,98.19604824593534,47.27398540949898,155.12453699337112,156.18916065249024,37.12862861261221,165.8260745613218,162.79568374004032,158.99822257935952,162.93236346469436,32.319027041971765,4.130706608258301,178.48608762301444,161.19345870481564,173.22092471109096,22.968822352820656,-6.112804320039547,2.638377123095482,-9.167045801834991,0.41586435869989474,6.7094987247876725,6.955110362800749,4.652550571006252,5.23163295796991,3.7804255586123148,1.4056113363435514,-3.1917081176681026,2.122779467727104,-0.5976719538769282,-0.5599284973243197,0.8209177647987167,-2.372029107377328,1.443435185839866,1.69802258448699,-2.3979106672156356,1.628482004265993,71.12568833138039,36.23563487847532,-150.96117377021645,185.85122722310717,196.5611416995137,-346.26594090276336,-539.5764634502893,753.5289194263926,-363.65725517936187,73.68679651605224,85.48413269218881,-198.61009294534458,24.98497177263557,-16.368586542866147,30.822778507344037,89.79037789787637,-284.324632261243,241.70745448524556,301.27726987013057,-348.4504699920165,221.80029513664155,295.35150448899043,348.20467190482776,260.391634809425,178.58768305536037,311.31369764586134,336.1891606524902,142.8713713873878,157.04529682606596,174.24961308602562,195.25139050666613,212.31902704197176,175.8692933917417,177.38320576872727,196.18974706391162,202.96882235282067,-6.112804320039547,-8.751181443135184,0.4158643587000273,6.709498724787717,13.664609087588465,9.01205851658218,3.7804255586123587,-1.4056113363435514,1.786096781324551,-0.33668268640259735,0.2609892674744192,0.8209177647986504,2.3720291073772852,0.928593921537375,-0.7694286629496151,1.6284820042659764,71.12568833137048,34.89005345290387,185.85122722308955,196.56114169951806,-149.70479920324541,389.87166424704384,-363.6572551793486,-73.68679651604894,-159.17092920824214,39.43916373711126,14.454191964471287,30.82277850734183,-89.79037789787348,194.53425436336514,-47.173200121880434,-348.4504699920198
126,stance,swing,0.6331658291457286,0.2712673505155752,0.1567679007054846,-1.2469356484074372,-309.75577189026154,0.01806170991195992,0.0002739907453774686,0.38766489204417126,220.13819768160008,0.26203032945865995,0.07278173408128562,1.0357716400288721,229.62755596578182,0.010175664929411646,0.036316484673340324,2.879194085837696,-10.496087846762212,0.2656403133104073,0.011106511451785296,2.2379262786749097,7.736903119656119,0.0016852022957392077,-0.016511002443071594,-1.1587788906949783,93.89617484955093,0.27034974245536963,0.005101312228363914,3.268264239694698,439.21373638044236,0.0007521414773371121,-0.006178444230806984,0.3081270734494517,33.07293044437219,0.23851100437628434,0.10444414227902786,-0.5523615764847989,363.2429406866188,0.023391293350349382,-0.020845893823540164,3.353329421419134,-17.93470072575369,0.2372874638773199,0.2107845641497674,-14.121194902759035,-2090.790870053831,0.011351200625968921,0.024297612285919916,0.3323912607474416,-420.9061728537786,0.2276097789847064,0.1626393999775517,-29.079925845845455,582.5981264863298,0.01087880800996889,-0.08225936584405678,13.448917651596673,-188.07199679978274,0.23225875974059382,0.17505654757216838,-26.554951420911653,-178.41485025507154,0.006553994515280465,0.0031786692659559676,0.3162775919626174,-544.4822266590427,0.23915506171147782,0.10478498300007971,-30.827696804274424,1758.9989066275027,0.003173313319147164,0.02510263664089427,2.497712345768969,-559.8068877781401,0.29784013304733864,0.13919671414112245,-1.6561478882452476,-610.7679110980891,0.009410672964854164,-0.05767458112741333,-5.766632374309455,-83.65176939341508,0.27414934196464413,0.14068436148715557,0.424201699172512,457.67044502769625,0.027439168436354952,-0.009158446667640272,-1.8621592699765936,160.55472208957534,0.260189057143977,0.1431681676256604,-0.3689280678753864,-149.05190468015195,0.033211478601616426,-0.025708994166745942,1.4373017819580975,314.0436941011627,0.24359510376498986,0.11636791822217576,-1.8918571362842909,365.21911353169554,0.03484735130245152,-0.018886530451959198,0.5792489191662111,63.00449179070928,0.22972467772682983,0.11263373507383952,-0.8916854621748307,-115.17731921386222,0.03118974116043892,-0.016104253295294906,0.9274727963360095,-129.16899581952728,0.2158126532042657,0.11533221437367137,-3.3302831276920686,-120.6584023878485,0.02219696452594258,-0.03202113834890583,-0.31936916795017384,-273.03810756653974,0.2158126532042657,0.11533221437367137,-3.3302831276920686,-120.6584023878485,0.02219696452594258,-0.03202113834890583,-0.31936916795017384,-273.03810756653974,0.26732193393500303,0.007668679653611971,0.23496441373807647,0.011069721964142964,0.2535518278086742,0.026382562831943093,0.2158126532042657,0.02219696452594258,40.488821271088696,107.45454327601185,124.24093615388597,168.79334184119094,84.19739775384757,98.59713809338582,45.72569598500293,163.18369707977783,153.88514278245262,37.270833794329036,165.19332268003885,163.16601036611158,159.59730743279962,161.89377064119716,32.8787550855238,3.8290344179120237,176.72490680140456,164.64642659693428,171.4472442206247,23.35238796312442,-5.575837811248604,2.7995654713346134,-10.513721364905443,2.1383180823221264,5.6448313225932365,4.56050327476161,1.319774057662959,7.975218235032692,0.9103423046591503,1.7894639260556624,-2.6248497921505294,0.6764781249527461,0.16631741027310792,-0.7925588074045092,0.7851491382735887,-1.273219110521911,-0.43334609603363183,2.0333097419212165,-0.41389222589187136,0.08714769052611059,132.80701358225917,104.39545913739693,-297.98570474264835,326.3972591875117,-629.3406359532371,-164.45835531676127,-498.32786576695895,144.29082821253897,-439.7619537155817,124.08732935723789,30.829759049025352,-252.2533244389004,160.21363415304575,-88.82667694446272,25.949278824051913,222.13018361207082,-286.40109793247257,-24.990524805574164,316.64164329570013,-227.38020416971298,220.48882127108868,293.0342779950769,348.79334184119097,264.19739775384755,182.7945358472334,317.06883986223045,333.88514278245265,142.72916620567096,157.5358435256321,174.36983315952054,194.77252572672091,212.8787550855238,176.17096558208797,179.4460587806834,194.7996321837491,203.35238796312441,-5.5758378112486815,-8.375403282583273,2.138318082322082,5.644831322593258,10.205334597354845,8.885560539691886,0.9103423046592387,-1.7894639260556293,0.835385866094856,0.1589077411421542,-0.007409669130953723,0.7851491382735997,1.2732191105218957,1.7065652065554835,-0.32674453536573317,0.08714769052609402,132.8070135822559,28.411554444889813,326.3972591874941,-629.3406359532438,-793.798991270005,-295.4711255030294,-439.76195371559044,-124.08732935723573,-154.91708840626103,97.33623603264374,-62.87739812041521,25.94927882406511,-222.13018361206068,64.27091432040308,89.26143912598606,-227.3802041697141
127,stance,swing,0.6381909547738693,0.27210153449968744,0.14185941458073636,-1.9340149906627233,187.92285167942288,0.01806446358779286,0.003896129568283145,1.3522366002335853,116.19337034644451,0.26239309549553774,0.089816237742326,1.974299162624446,-72.2235245442035,0.010500967727036556,0.04093384073976539,-1.615207927437129,-514.9794575337838,0.26575193654107854,0.02644434389918762,0.7895697704564614,-362.49721508491734,0.0015725949334988581,-0.020481514378657223,-0.3282691594304348,211.31067086909735,0.27040101192500143,0.042650284481426694,3.946349906348589,-444.67617641450994,0.0006929894923485141,-0.003949797858615597,0.807369753416404,8.445342441538408,0.23905831400798663,0.11574084661935267,1.8392066603700616,115.7179702752521,0.023380221870196338,-0.007754597178440966,1.4121944375725344,-429.4447309955699,0.23804257667497158,0.10838358309915706,-16.067763565613827,1533.3050532117045,0.01152064158632822,0.016859375555750167,-2.417612422449021,-199.98496329018445,0.22808153759286862,0.050625204114911296,-11.351517554185317,3881.874620703172,0.010683372728258811,-0.02127806479305255,5.3380275214573825,-1637.9583198686655,0.23256247788332204,0.051585584047159516,-11.956716974824465,4672.884409781156,0.006585940940063942,0.0031786692659559676,-0.3162775919626174,-463.8413243833156,0.23951733568257105,0.040029012195752854,-9.7802474794229,4253.525617551378,0.0034256011245832885,0.02510263664089427,-2.497712345768969,-421.2044630945434,0.29845423114649405,0.11624363376035557,-4.480911499873316,-129.12238796944766,0.008994356922689115,-0.08657260159860164,-3.739026946925725,522.3062115724747,0.27487171346201417,0.15099808872036027,2.0985243068617145,-79.00962752159991,0.027347123746227914,-0.009556721874837935,0.8716370603140358,276.85062970625415,0.2608809205627031,0.15528401955526622,2.295073592388352,-605.7715495654983,0.03311704928499487,-0.009395717003844723,2.55804491959121,291.86767901460587,0.24414165637240817,0.11720024749678903,2.168225292767491,344.46929865888325,0.034844162337655304,-0.016859375555750167,-0.41961117725147856,-158.6438002347155,0.23029730982083085,0.11612311549434459,-0.3627449159003067,184.56708647093512,0.03110759456282476,-0.018442119346055805,-0.05789678668029357,-61.21475034616866,0.2164228715539658,0.1008267112008851,-2.8152078313026285,412.0506813312323,0.022152962489436906,-0.04111650123668232,-3.30854841165658,80.02567865411235,0.2164228715539658,0.1008267112008851,-2.8152078313026285,412.0506813312323,0.022152962489436906,-0.04111650123668232,-3.30854841165658,80.02567865411235,0.2676618946153263,0.007707753935169197,0.235452448368344,0.01111915564988612,0.25417811715306937,0.026260541557304812,0.2164228715539658,0.022152962489436906,37.92087472679891,107.3046469553383,121.32995330623307,169.28627446522754,85.10473530763474,99.69993133584602,47.244880621081485,161.99719155444367,155.56259446795565,37.891342325002384,164.52033747299717,163.4791027909214,159.00506509060213,162.26575128185868,32.83840103861822,3.3380986134235378,177.44023925737028,163.50196545674157,172.2867804605254,23.432916211939183,-4.7780604649414595,3.6875777174411843,-12.161877005278706,3.696238822896006,0.38446720766968356,5.302262570672488,-0.35576968795818176,6.681792035482871,-0.6392925691824948,2.6527201741047417,-2.881861293054781,-0.41242982311612675,1.0125153240431366,-1.4526589188767127,1.081714536899742,-0.1395649504720837,-1.434967808456353,1.4468615311646356,0.7844174061079973,-0.6567461783441975,218.54020060857056,249.35504957429194,-211.30620099908575,180.49135203337752,-801.8003963869595,171.58702919621683,-361.17268832101485,-165.08265584086553,-103.95802302886439,162.4742269319551,-48.99546555211802,-284.53654313720523,229.1601606651596,-73.79104604112487,15.688667133325776,104.12362948950167,-60.243439246394196,-35.00076971119308,163.32338748814632,-172.2028080200476,217.9208747267989,290.6162277714606,349.28627446522756,265.10473530763477,184.80466664348077,317.55978602239935,335.56259446795565,142.10865767499763,157.58832020200043,174.10921741107904,195.1041523204769,212.83840103861823,176.66190138657646,179.22166212920618,195.7196966724646,203.4329162119392,-4.778060464941492,-8.465638182382522,3.696238822895962,0.38446720766966147,5.6867297783421495,6.042499466300464,-0.639292569182539,-2.65272017410472,0.2291411189500615,0.6415709420661883,-0.3709443819769926,1.0817145368998085,0.13956495047214307,1.5745327589283635,0.12767122776381645,-0.656746178344225,218.54020060858375,-30.814848965717058,180.49135203337318,-801.8003963869638,-630.213367190747,-269.0406788697299,-103.95802302886878,-162.47422693196057,-113.47876137983816,171.05778175736708,-58.1023789078013,15.688667133323579,-104.12362948949566,-43.880190243092706,-8.879420531899612,-172.20280802004154
128,stance,swing,0.6432160804020101,0.2726930732751806,0.1373305641159094,0.6417362277676751,-101.32546615842587,0.018100866993048192,0.013864308335664816,1.555437458340101,85.67455008858242,0.26293300521486423,0.09262393672072737,0.3099070717454167,-302.57816297186906,0.010587060313730898,0.02008323917145956,-2.2964788542003545,230.49446197800714,0.2659060856109017,0.019041886029237204,-1.405261812630808,-161.0580868709037,0.0014793579301245613,-0.019810189975035777,0.9649464446728433,226.3090770373598,0.27077838853055985,0.04476312033237001,-1.200843060953662,-535.0208330847775,0.0007124450164465029,0.0019358246477498757,0.39300488693225016,-79.93246295390135,0.23967422896542356,0.12292863132797328,0.6106330996483931,-412.40490099199957,0.0233133577003148,-0.006652984903213122,-0.9626980257725418,-354.051872643234,0.23837674611952248,0.049299503188823694,1.2889061345445958,2939.146957918156,0.01152064158632822,0.0,-1.6775078677971345,67.27377086161674,0.2281185750059618,0.04855379641789977,9.933889437603677,2562.686030937785,0.010664958112551276,-0.028610848040464765,-3.0129750104000363,-897.2570442090628,0.2327772078214698,0.05488853777493706,20.408710988949412,4151.156135550149,0.006585940940063942,0.0,-4.345444261136053,-524.6366040784304,0.2395573633415859,0.006491038483266223,11.921304377146637,3197.8018829380007,0.0034256011245832885,0.0,-1.7354983385983196,149.24765765074443,0.2990084107735734,0.09416242771023466,-2.95386033014925,198.363010106052,0.008540596566878264,-0.0952527413980238,-0.5173237152895857,608.8569892432618,0.27566691069550203,0.16177505803852968,-0.36986490908477704,-727.4180383758044,0.02734312098032643,-0.00039827520719766356,0.9202591190309974,-82.78486338118755,0.26174970055659275,0.16623423388081981,-6.457084344915597,-1254.4968938005004,0.03311704928499487,0.0,4.370645289642591,196.34955098092263,0.24477299569963096,0.13815912719471346,1.5701458653125406,-533.9768172422001,0.03467791034209222,-0.02310372821328061,-1.015161133444002,67.52545325228228,0.2308917442142102,0.10898805752710275,0.963260130497892,71.62694406276263,0.03100439322731273,-0.016686130548363185,0.3122491747664726,58.23184793854052,0.21682598698517913,0.08703866833042875,0.8109297500087767,436.8087713143654,0.021783733357734716,-0.06527288117962537,0.48490900947809457,744.9705547304915,0.21682598698517913,0.08703866833042875,0.8109297500087767,436.8087713143654,0.021783733357734716,-0.06527288117962537,0.48490900947809457,744.9705547304915,0.2680776381578766,0.007719932563337539,0.2357008242507927,0.011102099892768304,0.2548192914874481,0.02607780062655654,0.21682598698517913,0.021783733357734716,37.59094272413221,109.51240481296381,117.02364827642234,171.05488963474605,83.72133782328257,101.04694035071162,45.97309906534358,163.78616442072976,155.00901468792082,38.85285234013003,163.67957814225522,162.72065189269597,159.92403196605983,161.57646015900022,33.246425499858724,3.9646863590330863,176.67827753723827,163.30850709095745,173.14062467937168,22.907904333399514,-3.3794538855343177,5.3056463715787645,-12.637401776956565,3.9523015198435165,-2.4134641184817687,6.28499603050249,-2.3101022068698693,6.316096065777755,-0.13446194688722998,3.4223707293919015,-3.117266531367798,-2.183185625169932,2.469434602887787,-1.5341773605816469,0.9428241848396776,-0.22675047243646274,-1.0388077970024203,1.6815432121604805,1.2275488543910134,-1.643533797112566,285.28413058092946,279.1977469849436,79.71018346043496,-73.62379986444358,-17.50768245028253,-115.21282986247041,-558.4777951152971,510.42994873411953,-84.67266593158763,74.0815615972674,26.19519402532006,-325.43084206628953,266.36704062707184,-14.886751739161852,-26.326202444210054,-75.81888204208275,43.71575698486112,216.48316461218215,-52.39329965570709,-131.98673989924725,217.59094272413222,288.0785379111684,351.05488963474613,263.72133782328257,184.76827817399416,318.7951791086506,335.00901468792085,141.14714765986997,157.46756951761475,174.7469176249188,194.82288565885892,213.24642549985873,176.0353136409669,179.35703610372866,196.0485290127712,202.9079043333995,-3.3794538855342626,-8.685100257113094,3.952301519843428,-2.4134641184817904,3.8715319120206773,6.181634118890568,-0.1344619468871858,-3.4223707293919237,-0.3051041980241256,1.8780814271458508,-0.5913531757420246,0.9428241848396665,0.22675047243650762,1.265558269438972,-0.41598494272150854,-1.643533797112522,285.2841305809371,6.086383595964918,-73.62379986444363,-17.507682450278132,-132.7205123127552,425.7572828025276,-84.67266593158324,-74.08156159727173,-100.27675562258742,225.15408644370214,-41.21295418336971,-26.326202444221057,75.81888204207685,32.10312505723332,-184.38003955495762,-131.98673989924177
129,stance,swing,0.6482412060301508,0.2734817411742192,0.14830902491005976,-2.9523613842147465,-703.9649681958764,0.018203803370060848,0.01952866683803297,2.213287354892709,-67.16191202134233,0.26332398933192697,0.09293088167946588,-1.0666873999069149,-488.67398692664057,0.010702809326749718,0.01785365125031449,0.7013193286232546,322.3585345623833,0.26594331228006585,0.012321109601390491,-0.8291044694521256,104.83037648755362,0.0013734975468150806,-0.01078356016083966,1.9461939263721861,10.74777023740678,0.2708508925313569,0.03058150999948029,-1.4307438934984447,-82.38403587003891,0.0007124450164465029,0.0,0.004028417196286497,63.34938988162165,0.24029377763942356,0.12187786269622097,-2.3055662139214093,-501.1648907585684,0.0233133577003148,-0.017429954221381126,-2.146115840248928,161.50552223202652,0.2385380490688291,0.12133741359709276,13.471401840598928,225.30234747475762,0.01152064158632822,0.0,-1.741494122332267,-6.366632326245647,0.22856951544631485,0.15046328891494867,14.404120947702081,-353.51122158180794,0.010395826516796852,-0.05155922067647013,-3.6796312143121317,132.6366198683744,0.23311412147905006,0.2566982573029334,29.763445191508872,-2222.225007389112,0.006585940940063942,-0.04049413737862766,-5.589007281193096,594.4085557064143,0.23958257225024207,0.1598411164886844,22.35846491191393,-543.410246106329,0.0034256011245832885,0.007660442283122135,-0.9977358869675111,-178.6292463657215,0.29940058720388335,0.08655659526639313,-2.4873134083551967,118.1602216215445,0.008037042938789374,-0.09177183491809499,2.3801387741121074,605.5478318848424,0.2764975934423009,0.14728085345317657,-5.2122097471665025,-548.089674258151,0.02734312098032643,-0.00030788650769219276,0.03962838311616735,-26.426651017404964,0.2625516163806008,0.09038869950586295,-10.312935390531305,776.4867829810053,0.03311704928499487,0.03453036630914634,4.531407241007527,-603.6275884599281,0.2455301903140636,0.13298060795219152,-3.198375885546101,-639.6461350318813,0.034611964064154996,-0.02706200001247385,0.2590365941282457,368.9290984011756,0.2313926671829123,0.12580412183100687,0.3571238686500746,-857.0810774065777,0.030939894758318598,-0.015303936685086218,0.5273479162196137,-37.761680166347155,0.21729763203969876,0.10897675893966681,1.5748300713543293,-405.2459352139056,0.021496953633360266,-0.036243043854992905,4.178592841916231,13.292558853935002,0.21729763203969876,0.10897675893966681,1.5748300713543293,-405.2459352139056,0.021496953633360266,-0.036243043854992905,4.178592841916231,13.292558853935002,0.26839998382939223,0.007748138815018037,0.23601960717677195,0.01104827357361742,0.2554450477605766,0.025924337609990758,0.21729763203969876,0.021496953633360266,36.444021957986095,110.76125996002175,113.35434488294264,172.32841711502175,81.53186604734637,104.90596258669159,46.41198630105711,166.0649384931417,153.96090383983912,40.129213188582405,162.3613721875229,162.5285651820022,160.42062934539555,160.74018977230813,33.82003032418872,3.7539546883431827,176.0537942993912,165.030847334679,172.88263390299485,22.278769774591733,-1.910883273173312,6.493585224827564,-11.360769633817045,2.956301135816168,0.20851060012915487,4.1443446826074535,-5.968611849920991,11.811741268991632,-1.490274136334133,3.39725848161497,-2.618593011393272,-3.6830915524255836,3.689571008737338,-1.6022745142451742,0.8171295877117002,-0.901563764965381,-0.995613466899958,3.6225717282720034,0.25785158042249656,-1.9832460768291003,178.05701113558501,11.28518471205729,373.17497235875896,-206.40314593524226,693.4504737528438,-537.4690058363615,-350.8396905896959,594.9189027446997,-88.09774423851499,-82.57043794388288,160.05402275545282,-166.16107586871354,61.40863178502527,43.84554013537028,-16.57668086325302,-95.4802958402942,-6.051869012590906,233.0979267607501,-137.71651834550804,6.15075643764426,216.44402195798608,285.68276199796435,352.32841711502175,261.53186604734634,186.43782863403794,320.02584233298086,333.96090383983915,139.8707868114176,157.50941462389468,174.98084944189245,194.56022009649686,213.82003032418874,176.24604531165681,180.1922510122656,195.16140367758658,202.27876977459172,-1.910883273173268,-8.404468498000965,2.9563011358161235,0.20851060012917697,4.352855282736564,10.321467132657544,-1.490274136334133,-3.3972584816149918,-0.7786654702216758,2.904426082203908,-0.7851449265334739,0.817129587711656,0.901563764965381,1.8971772318653832,-1.7253944964066201,-1.9832460768290725,178.05701113558283,166.77182642352554,-206.4031459352291,693.4504737528503,155.98146791648884,506.8211585061804,-88.09774423852379,82.57043794388726,-77.48358481156555,88.67749105714363,27.26885927212715,-16.576680863251916,95.4802958402927,101.53216485287481,-131.56576190787533,6.150756437632705
130,stance,swing,0.6532663316582915,0.2741836162391008,0.10765859040520831,-6.433288578221063,128.4698780676679,0.018297135001470635,0.03610840235468711,0.880443367673341,-309.2896933890638,0.26386698392521063,0.0819034603397533,-4.601389279276118,-97.78326954948612,0.010766493994638582,0.02713167463500989,0.9433054127582855,-85.94487561924359,0.26602991585815183,0.010709177793537413,-0.3516901896403148,101.40003871873135,0.001370980441070896,-0.0002504520215463854,1.0729642360035652,-176.7276460808968,0.2710857403898511,0.030383784719320253,-2.0288233209540567,-30.444247697831855,0.0007124450164465029,0.00197631125273768,1.0296821721746816,102.24830159084327,0.24089913210809916,0.09975711159006957,-4.426199973302065,106.17268257077443,0.023138182281004435,-0.028221988322800436,0.6604730519362745,492.9432659975809,0.2395962176129606,0.1846904764611753,3.5532513352959385,-1861.8531102699587,0.01152064158632822,-0.01750245349077663,-1.7414941223322669,346.5573303441273,0.2296307688644035,0.19331883106817258,6.381012838791521,-1231.7709060825177,0.01014677499017469,-0.06559206627475771,-1.6799436549389815,489.40106938858224,0.23535708980441386,0.3540186402021632,-1.9252086833030653,-4431.474389305458,0.0061789646850023555,-0.05617092744917709,1.6285110725967795,777.85705377446,0.24116380672338172,0.23119922855275396,6.459894868540291,-2139.74775581888,0.0035025904942629082,-0.010027496351432316,-3.530767146294021,-78.48761960022614,0.2998783263038889,0.06916430300314715,-1.7663204143548277,419.17236082929946,0.007618266567701426,-0.0713317486933794,5.568584142849559,408.5644141423324,0.277147120277946,0.10939104047906711,-5.87830384635265,-92.11575497498663,0.027340026643565704,0.0,0.6546646364440117,211.51574540959916,0.2626581296973552,0.06258664201618314,1.3468029212251942,1372.526613441636,0.03346408814237323,0.04554178131665875,-1.6959636396029438,-710.5366750626897,0.24610948422176354,0.10601464593294346,-4.858458506867199,168.96277825098343,0.03440593044246937,-0.02050034535772034,2.692669001241196,239.48045548093438,0.23215610724768765,0.11257724213665125,-7.650620044442625,-878.9494806823959,0.03085058481841739,-0.011386151490879607,-0.0672651987646562,-148.58582617906094,0.217921230793618,0.10286610623348741,-3.261893719477729,-239.30334565050666,0.02141948166069961,-0.023276973220668105,0.6185025657990499,-364.65049776023903,0.217921230793618,0.10286610623348741,-3.261893719477729,-239.30334565050666,0.02141948166069961,-0.023276973220668105,0.6185025657990499,-364.65049776023903,0.2687915641030786,0.007786763613406654,0.23732940302265176,0.010897430807354521,0.25597839975704323,0.025849729712537784,0.217921230793618,0.02141948166069961,36.12763048110137,113.16349242249515,110.38529475313395,172.5788433054723,83.60098134593692,104.248506243674,42.56786346992677,170.02707519338887,155.2545489262953,40.9451458068274,161.96717592938967,160.34507092329602,162.44771847033894,160.76902397629993,33.52586489384806,3.021464421187145,176.31679992540805,166.0224290142431,172.97199485361426,21.66731178554742,-1.5899361856791843,5.4190653134084865,-8.886899542195152,1.8778980431074042,4.555887376521716,0.8832974793832553,-5.836129247972356,12.295180515473255,-1.0198664115959273,2.592517081714683,-1.5086833880969086,-3.853146186664548,3.086606781631762,-1.093518665753803,0.7762243771687922,-1.186351435655504,-1.0996306011490629,4.024235943424311,-0.15653675712163617,-1.5817171494980506,75.42052241629644,-183.09762847946135,383.58175924358324,-125.06360834783418,565.9617758376481,-401.60088009045177,384.56637099598123,-364.8401752108624,144.63469996209085,-205.94915376572308,252.61420418558546,55.18268838760717,-202.51793956881104,50.56756571848237,50.10263504285907,9.746223172114817,-48.957426580788066,-41.436016917233395,-49.910789009881704,130.55800933578084,216.12763048110136,282.9641380586062,352.5788433054724,263.6009813459369,187.84948758961093,325.2816241196842,335.2545489262953,139.0548541931726,157.08767826378292,176.74260734048693,194.294888870148,213.52586489384805,176.97853557881285,180.66173565340478,194.6393066391617,201.6673117855474,-1.5899361856791512,-7.009001499087704,1.8778980431074483,4.555887376521761,5.439184855904994,11.275314103877328,-1.0198664115959715,-2.592517081714661,-1.0838336936177526,2.7693124930467956,-0.31729428858496667,0.7762243771687922,1.1863514356555338,2.2859820368045525,-1.7382539066197586,-1.5817171494981226,75.42052241629203,258.51815089576223,-125.06360834782537,565.9617758376459,164.360895747203,-220.20547524878492,144.63469996209085,205.94915376572746,-46.66505041986243,-101.847738807474,100.67020076134145,50.10263504286347,-9.746223172111923,39.21120340867176,80.64722032590076,130.55800933577805
131,stance,swing,0.6582914572864321,0.2745637370576886,0.08365285829477384,-1.661206830770871,799.2500569789389,0.01856670188618835,0.02837734390007644,-0.8951517746455658,-10.160511325938554,0.26414713968710035,0.0466857632947821,-2.0494338275399238,795.6519309497339,0.01097548947383524,0.02733410765994533,-0.1624482655399822,-176.76493236095527,0.2660509422076391,0.008786534831136134,0.18999139706776946,41.20133950497837,0.001370980441070896,0.0,0.17003667932802882,-12.938339193008577,0.27115625720190284,0.010191325869289126,-1.7367162321701162,225.54470829530968,0.0007323074410971325,0.010348564544468978,1.031649538712281,-165.57904833243344,0.24129636167550464,0.07739344085398996,-1.2385040775317355,604.8766788431408,0.02302971962671882,-0.010792034101418687,2.8080878381186314,41.1267669449104,0.24039423476190622,0.15704848229353371,-5.2406897199028375,-764.1823105495471,0.011344737531144539,-0.01750245349077624,1.741494122332267,373.86020894377106,0.23051241827112057,0.2145940712143598,2.0245138513955916,-1072.6703489165343,0.009736609770316887,-0.06844307650500231,1.2389724981358434,-507.69931134521823,0.23667209776248882,0.23734942631496322,-14.773985856786394,-6.0217342354075125,0.006021409005901368,-0.02412719192539399,2.2286515507108855,-173.86592408354107,0.24190618258745564,0.22476468300667612,0.8534623408702939,-602.9937216982995,0.0033248222667799504,-0.027824654664555835,-1.786556184457207,425.1661303546672,0.30009570582703055,0.06880463130302834,1.7254741376678389,339.73394108661677,0.007320140941871001,-0.035806165140713477,6.486313790617888,-199.58413577918324,0.27759700088430156,0.08820242283656807,-6.137996229327156,173.1574847616682,0.02734312098032643,0.00627165757717213,2.165414769142252,36.70834275364659,0.2631806278581504,0.10392440725686969,3.481301930489918,-242.39810689849205,0.033574755629885905,0.01748550560961957,-2.6096648701751577,313.9225136908464,0.24659566414253536,0.08415187923995923,-1.5002575111643879,580.659239921367,0.03440593044246937,0.0,2.6658753426803075,82.13235347952637,0.23252409675212485,0.048913468118017035,-8.476539253785909,789.9284869552486,0.030825461074993177,-0.01597996883347471,-0.9659769700020776,67.65595523260703,0.21833146225310063,0.07619390748762991,-0.8302286789019764,777.1392928826374,0.021263014204006822,-0.03002693766605784,0.5137637186978131,-225.79639068602742,0.21833146225310063,0.07619390748762991,-0.8302286789019764,777.1392928826374,0.021263014204006822,-0.03002693766605784,0.5137637186978131,-225.79639068602742,0.26897951903858275,0.007911369810547905,0.23815625901169515,0.010691459640172313,0.2563874262862072,0.025788737212258783,0.21833146225310063,0.021263014204006822,36.08311521018224,114.8712988621225,108.34245299922682,172.8693633488329,85.58529612782883,103.65776622160398,40.33927394859141,176.16119304551495,152.74259535532642,41.667850051618416,161.70909161102992,159.4921028101422,162.85515286816653,160.30524071216837,33.97056194687449,2.7238592841004015,176.08178371302688,167.04607582531716,172.90085171238294,21.247429465172598,-1.1528880730095423,4.653408054179744,-7.505676576092658,1.699380448903284,5.896568648748633,0.10815493295474363,-2.1036231966951173,8.145005839736799,-0.036659061338270967,1.3274177402509557,-0.07975678842260857,-3.128491669133059,1.6542148321664087,-1.0940577733559131,1.3206736584941945,-0.8036117732858369,-1.4876479048978193,3.206129347194288,-0.24376438952605445,-0.6711052794845926,72.1803934825071,-61.92541372411423,216.12134039182905,-82.01553318519896,-39.121061554077436,454.6405954791407,660.3501596239028,-943.2532278006165,216.79488486258745,-229.09735339628514,265.593139956134,182.18346854515025,-360.9572931326461,-43.35056239599709,185.6286004236496,141.65286445224973,-123.75949581147952,-176.5117435618449,-51.877220684024714,210.49559560508067,216.08311521018226,281.2118163480597,352.86936334883296,265.5852961278288,189.24306234943282,328.9037884008414,332.74259535532644,138.33214994838158,156.62305833735164,177.13095552720944,194.27580265904288,213.97056194687448,177.2761407158996,181.1943570028727,194.1482811775555,201.2474294651726,-1.1528880730095423,-5.80629612718933,1.6993804489033282,5.896568648748633,6.004723581703399,8.108346778398438,-0.036659061338270967,-1.3274177402509335,-1.247660951828325,1.88083071730469,0.2266158851382815,1.3206736584941945,0.803611773285866,2.2912596781836854,-0.914869669010647,-0.6711052794845926,72.18039348249832,134.10580720663012,-82.01553318520335,-39.121061554081855,415.51953392505663,-244.83062569883612,216.79488486259189,229.09735339628077,-36.49578655984442,-218.67925510499904,142.27803802765143,185.6286004236485,-141.6528644522542,-17.89336864077027,158.61837492107023,210.49559560509056
132,stance,swing,0.6633165829145728,0.2750243484832694,0.09096304436731004,1.5993753110145383,451.3317774114082,0.01858233443765231,0.027111902106992943,0.7783276759553651,-73.97597970869722,0.26433618757641447,0.061306135439854484,3.3951125393142076,339.9576587672656,0.01104120864448728,0.02549902875018594,-0.833226570768911,-65.94078634823163,0.2661182227408768,0.012618639070600431,0.06239362448007264,29.400231854985876,0.001370980441070896,0.0014584593284840623,0.9429306762748352,48.02472876255848,0.2711881657754721,0.012929350225148156,0.23795766693851272,209.41839215439595,0.000816450690260262,0.012344648325222961,-0.6344288663422445,-224.86423368365908,0.2416769556342699,0.08730983442894655,1.652962628136562,237.1966708251349,0.02302971962671882,0.0,1.0738073930911547,-279.40473989280264,0.24117459431942828,0.13202022801994054,-4.126972891332708,915.1544586547109,0.011344737531144539,0.0,2.015894912278514,-145.9757865724045,0.23178749319821618,0.21366570394652032,-4.399593682982738,-670.0717395894246,0.009458904874546523,-0.05314008136886978,-6.782449296599488,-736.4786044388544,0.2377425111744135,0.2055363702847114,-1.9857286253674626,1212.1023933322663,0.005936480344043621,-0.033772419401831406,-0.11888514934836449,2.1532826754609435,0.24342274826113727,0.23977673951627454,0.3996564595121277,-379.108252867086,0.0032229457237648584,-0.027982834888690754,0.7422592894312964,377.26258200244484,0.30056983013608013,0.0865057516229245,1.6480910538523905,-28.41214543244318,0.007258405611513349,-0.006142665370586269,3.5627134315009754,-253.45348894659708,0.2780335767888663,0.04770263616422106,-4.138027617592158,1078.1327889504234,0.027403058378009645,0.021762962503942326,1.0235927043198585,-423.3950320501179,0.26370259610194685,0.09757460111658448,-1.0893589571516207,-320.94165591886286,0.03363982186709302,0.019313993676707303,1.4590364979935158,302.26122959108443,0.2469552317518134,0.09093668099661789,0.9773127486239529,-301.9070099301512,0.03440593044246937,0.006292371654142163,3.518119789980158,274.1753391094666,0.23264769989208983,0.027385892852370412,0.28835972395186765,1535.1693672164356,0.030689982116573422,-0.021094462747181936,0.6126941503067741,283.0960816222275,0.21868699870806654,0.09452209941035193,4.548551435121676,414.1387130165114,0.021117703392699028,-0.01811351876139358,-1.6508078933570143,-503.67239309495085,0.21868699870806654,0.09452209941035193,4.548551435121676,414.1387130165114,0.021117703392699028,-0.01811351876139358,-1.6508078933570143,-503.67239309495085,0.2691667311440082,0.007952743553367687,0.239160860517493,0.010598557620043672,0.25676598889647717,0.025752483634726306,0.21868699870806654,0.021117703392699028,35.205217317125694,114.7638605248542,106.68332397748941,173.75803281478207,87.53825302757255,103.82104277479029,41.96383429414086,174.92996871925368,154.46549278896828,41.79281709813384,161.72559166067435,159.1007620733157,162.82165542632274,160.12234376085453,34.436829980698846,2.945346679386061,174.7506642300566,168.24519021809985,172.85198790952927,21.20681096292821,-0.8645050954027279,4.796699346331959,-6.714825769412942,1.0536213276782653,4.162710878490786,5.452549695254036,0.8005557733734293,2.8152485777785747,1.1589766523496847,0.29003111793291264,1.1605944004069622,-2.0221565530449395,-0.5411047071385661,-1.52920270993468,2.641838451778344,0.2372954432615848,-2.343444629405144,2.2502485709434503,-0.6779158594736456,0.5338164746736234,4.78665126361116,38.93384681978593,150.10834818768342,-184.2555437438429,-192.07845859351616,737.713831085412,231.781779449685,-661.1820875362563,247.27725862012284,-183.08577719458037,218.29606925308124,198.8476560168166,-472.1775068055284,23.560449354608785,214.55910937560984,200.72083853204467,-127.85803381788728,-185.37165660478854,-141.50654550595013,254.0153973965798,215.2052173171257,280.44135679227145,353.7580328147821,267.5382530275725,191.35929580236282,329.39546150822196,334.4654927889683,138.20718290186616,156.48159124119184,177.38082916787616,194.55917374155337,214.43682998069886,177.05465332061394,182.3039890905573,194.05879887245746,201.20681096292822,-0.8645050954027831,-5.661204441734632,1.0536213276782653,4.162710878490786,9.615260573744777,8.814704800371427,1.1589766523496847,-0.29003111793293473,-1.4506255183398087,0.5715310347050868,1.112635741843697,2.641838451778333,-0.2372954432616,2.106149186143544,-0.14409938479995038,0.533816474673651,4.78665126361116,-34.14719555617052,-184.2555437438561,-192.07845859351838,545.6353724918915,313.8535930422219,247.27725862012284,183.085777194576,-35.21029205850084,-234.05794807531302,238.1195587302197,214.55910937561094,-200.72083853205487,-72.86280471416322,112.5088518906297,254.0153973965798
133,stance,swing,0.6683417085427136,0.27547793850861635,0.09972698202356324,2.874790932157874,45.54519113622933,0.018839183314399335,0.03619973260314547,-1.6386289576475512,-435.8300064618464,0.2647632817518225,0.08080749735824162,1.3672260595682886,-337.5526937011044,0.011231761119565753,0.018959971270307997,-0.8251697363764838,65.5399588372113,0.26617776270081095,0.009413606433950937,0.4854711142033072,249.27742557605856,0.0013856383237692282,0.00947669021381748,0.6526972699065081,-187.64320457869138,0.27128620042024604,0.012582860210379717,0.36799122666804324,32.755997063578356,0.0008563742584360573,0.003972395033491619,-1.2282925083596794,-33.32461283499967,0.24217384744865988,0.09400613058400573,1.145382061414354,-163.22069111640124,0.02302971962671882,0.0,0.0,-139.25493458525943,0.2417210712244182,0.11557136780777767,3.9568425278832406,1130.669157604578,0.011344737531144539,0.0027577968838822815,0.2744007899462858,-216.33499711190177,0.23265981228063334,0.1703770492748346,-4.70987549121172,785.0999136829402,0.009202538600780505,-0.13660839606881656,-6.162822521350162,1733.87727541334,0.23873778992615427,0.21739235470322985,-2.592052255457033,-51.19406257055998,0.005681987705380448,-0.025322017546985598,2.250292582625066,109.38862422902693,0.24431599906500615,0.22878133084096888,-2.9566708537738027,-446.24220017839474,0.0030435877452855697,-0.020364762308462372,2.005027554260848,75.15981910175039,0.3009651103659544,0.08536836048747455,1.4399249373417755,70.50835565999873,0.007258405611513349,0.0,3.9390425449234336,527.0602122846207,0.27807642436333896,0.04661420557433515,4.697509187260063,1001.8823461560352,0.027561844221572082,0.016559021439683314,-2.08981168362277,-265.7859260880488,0.2641612771156035,0.09297607602921516,0.2557576498983177,321.18401673956646,0.033768866119099045,0.03214918900653939,0.42813643224781445,-420.81295715355475,0.2475096006349637,0.09397411791959699,-4.534498816995066,-503.12242046351287,0.0344691703585914,0.03535798783899672,5.421406389006617,-257.29397579636907,0.23279933185616877,0.051811555795925265,6.952298607685871,593.485720274043,0.03061345642426773,-0.009822238679637758,1.8792097799700698,36.279550532559114,0.21928143310144588,0.12190799226272234,3.3319694418670007,-499.56158071444014,0.02108096878931945,-0.04661797177014851,-4.548270382759001,291.78378488434527,0.21928143310144588,0.12190799226272234,3.3319694418670007,-499.56158071444014,0.02108096878931945,-0.04661797177014851,-4.548270382759001,291.78378488434527,0.269426295845374,0.008078239254042593,0.23992170398897436,0.010460514241861976,0.2571321962395792,0.025792118587393845,0.21928143310144588,0.02108096878931945,35.37480836313512,117.19970517997483,104.0901772605878,174.08492592257247,87.7809812154331,105.52026488547966,43.38198339071893,175.23263166254313,154.68663104765074,41.57467056563293,162.46517573169155,158.3683704475656,162.90436660924325,159.49687321518746,35.19054343067923,2.441824300205495,175.0500019640253,168.34670965345344,172.58153519736854,21.57992888494718,-1.104781025134053,5.044702997092167,-5.99704996114106,-0.15243406108509494,3.9661318789645423,7.522364290597108,0.22584192340222928,1.499959733844747,2.4485395177584515,-0.5126403220061416,2.1141735558294736,-1.1300227644414265,-3.091287748793696,-0.8572693376312007,3.4770466170430465,1.213683086332711,-2.772653269901717,1.3430976225230387,-1.665940726269278,1.8818132873152156,-73.39754042491053,-42.40285647739866,210.60157256004513,-241.59625650755584,122.39751686896571,-46.48393637557408,-152.06267055413812,-81.65426574081513,54.968466752603604,-150.10168860207185,142.99374655286724,208.8236769102812,-461.6605973390284,190.70720196682913,69.23766051111173,119.04388528206633,-1.0322973529383448,-182.93601851536522,-134.73640887226702,199.66083945852594,215.37480836313512,278.1751031831603,354.0849259225725,267.7809812154331,193.30124610091278,329.91926271019383,334.68663104765074,138.4253294343671,155.96015370267557,177.59178325510996,194.68741664586668,215.1905434306792,177.5581756997945,182.50817373576916,194.16146408231572,201.57992888494718,-1.104781025134053,-6.149484022226221,-0.15243406108518331,3.96613187896452,11.488496169561628,11.262654246159476,2.4485395177584515,0.5126403220061195,-1.60153323382331,-0.4715104693818834,2.619777279411857,3.4770466170430576,-1.2136830863327848,1.5589701835689764,0.21587256104593772,1.8818132873152156,-73.39754042490725,-30.994683947519547,-241.59625650756027,122.39751686896571,75.91358049339826,227.9762510475285,54.968466752599205,150.10168860207182,7.10794204919144,-201.71573486108537,259.94486247793867,69.23766051111389,-119.04388528206331,-118.01158792912058,64.92443058624461,199.66083945852483
134,stance,swing,0.6733668341708543,0.2760266297096369,0.11985541554477623,2.057115925449006,-151.1958657857354,0.018946150845724125,0.010643269366816479,-3.6018733940129586,-58.4182793390677,0.2651483232282561,0.07504710086265141,0.002623155383495601,130.27826265233332,0.011231761119565753,0.01720586557052275,-0.17453351712859358,-88.23798184511037,0.2662128318507658,0.017497745746010575,2.567694384038461,184.86537671161324,0.0014662235587977052,0.008018230885333419,-0.9429306762748352,-220.67884874300785,0.2713146266821091,0.01662775451326921,0.5671636675774926,-151.94159138771062,0.0008563742584360573,0.0,-0.9693495983522928,-99.3026854633421,0.24262174086626997,0.0988212119305984,0.012553672192823754,-169.14920965149236,0.02302971962671882,0.0,-0.32573968816774,-264.6393729751368,0.24233611560392856,0.17178748960670695,7.2365362303213905,-954.8457038159095,0.011372454082741346,0.0027577968838822815,-0.15832616422302082,36.0744759920243,0.2334998253517321,0.1663302718740405,3.490857710815689,1782.30283168695,0.008085956170337305,-0.11507799615630887,10.64345296886129,1435.2234934214239,0.23992735896037562,0.17948559384795718,-2.5002418170313843,1268.3673899958133,0.005681987705380448,-0.011156413546303007,0.980498008732313,-156.1362978982947,0.24572205811883546,0.21006145455372363,-4.085189773436582,228.11746162191912,0.0030182747457903614,-0.007831804192601745,1.4976343557805498,-121.96342219114705,0.30142780360831606,0.10097735903339466,2.356717743902632,263.2038511914549,0.007258405611513349,0.03344570191507655,8.859800992150452,247.88851164240037,0.27850206126700033,0.09491378377487517,5.931141690508742,-32.905142183860235,0.027569480704036614,0.0007598300052209276,-1.6476226332484827,251.37477883129807,0.2646370290268636,0.10014502975877863,2.1386211105827293,403.3443349290053,0.033962929294294425,0.023616872392765758,-2.7702394532985104,-276.4125159151397,0.24789969524849276,0.04536382856450648,-4.079193989702832,1156.676337970803,0.03476128710416783,0.060778868026068196,0.9322506864990507,-918.3331140327921,0.23316841904581773,0.09725824066830911,6.253040329721171,-480.48964844575363,0.030591266149943896,-0.0022079322952213544,0.9773127486239527,-65.25099016646477,0.21991220466045572,0.12800922947936716,-0.47216796904357305,-540.5951319590948,0.0206491810633508,-0.06382477888962494,1.2816924572394333,934.6178968643352,0.21991220466045572,0.12800922947936716,-0.47216796904357305,-540.5951319590948,0.0206491810633508,-0.06382477888962494,1.2816924572394333,934.6178968643352,0.269675602867692,0.00812512744563091,0.24082141978022836,0.010237678466193657,0.2575912021428243,0.025798758321217818,0.21991220466045572,0.0206491810633508,35.34249531807421,119.12143670176796,103.03763551429412,173.18342310201214,88.59642484136936,111.8053468297501,40.90812288445641,175.81900929355427,155.31265808021735,41.5393572220094,163.21603133244167,157.97550571790686,161.4637404279445,158.93567706224894,36.86968823744862,3.713429879350644,173.30025543961025,168.6091242103402,172.12020430492547,22.256986165773366,-1.6021688182661535,4.370539984750061,-4.598227050216499,-1.3744817527996935,5.392836676168838,4.9853744552985155,-0.7277122723968097,1.994602690936208,1.7114235543859042,-1.218528566510027,2.5977174813403074,0.07657386816392575,-5.180909705520781,0.38745258621436485,3.337694336312133,1.4337164008702967,-2.3538194771733685,0.41169562104027446,-2.0320506220089984,2.5404580772718828,-123.78149565804694,-181.28526029523564,276.30155597238854,-218.79779133520307,147.64863808716788,-364.9776909631854,280.242952085121,-262.6374228465594,-283.1342958766841,-135.89830678721054,36.626492544600396,230.1300966312721,-196.74525448037858,194.64407327985901,-128.75710118814783,-61.99293797772929,167.51851842031158,-202.81475232075104,43.4761456860673,53.81302619210725,215.3424953180742,276.22105861630627,353.18342310201217,268.59642484136936,200.40177167111946,339.4936487866631,335.3126580802173,138.4606427779906,155.24461144554894,177.26910572764208,195.8053652996976,216.86968823744863,176.28657012064934,182.9863146810391,194.37719047069888,202.25698616577336,-1.6021688182661757,-5.9727088030162365,-1.3744817527997377,5.392836676168838,10.378211131467376,11.105923403864185,1.71142355438586,1.2185285665100047,-1.3791889148303467,-1.4557627829942725,3.725146922526509,3.337694336312144,-1.4337164008702816,0.920103076303131,0.5084074552628124,2.540458077271899,-123.78149565804804,57.50376463719206,-218.79779133518107,147.64863808717672,-217.32905287601756,-497.57200496114075,-283.1342958766841,135.89830678721276,99.27181424260357,-130.8582823886641,65.88697209171008,-128.75710118814894,61.992937977736695,-105.52558044257928,97.28917187817177,53.813026192108886
135,stance,swing,0.678391959798995,0.27668251554926737,0.12040151393762369,1.355234492100225,-432.40899026311666,0.018946150845724125,0.0,-2.225747342964817,-227.6979909708929,0.26551752397154765,0.08083386072893002,2.6765553324560662,135.05090650459604,0.011404684391631309,0.01720586557052313,-1.711983624267044,-301.34771572879316,0.2663536194419769,0.035219580142880305,2.3434145987421418,-381.7369356138933,0.0014662235587977052,0.0,-1.5651806069076508,17.468622224560413,0.27145331353093216,0.018282997572967606,-1.1590599430576982,-232.535885813225,0.0008563742584360573,-0.005769811985124431,-2.226309447689755,-101.60511325921507,0.24316702545801264,0.0941322981437326,-0.5546099953845715,442.77457612957807,0.02302971962671882,-0.003273765710228557,-2.659692190704904,-215.47741266970024,0.24344757865765143,0.18830037514769146,-5.6395967064475485,-1321.8359156523384,0.011372454082741346,0.0011665791529976433,0.636958337604823,537.6401942615956,0.23433147330449305,0.20546104636845977,13.202715782024036,305.5983516595521,0.00804597582534021,-0.029639019497345848,8.261534196453155,-965.8824427240907,0.24054166524120912,0.19226429624060276,10.155358699274814,1589.4768341749166,0.005569862946121121,-0.015467766202942209,0.6810835585215946,-14.634864937297928,0.24642716946253101,0.18772414718833974,-0.6640330485283745,1108.9685425890382,0.0029648761453599237,-0.0053131607428286405,0.7792645171638874,230.1868501672248,0.30197995819543577,0.10905396595383277,4.08518977343681,401.9833857053372,0.007594543319202562,0.08904322605176372,6.430384370475207,-909.2072969795611,0.2790303317379608,0.10622366980055392,4.366804240688602,-205.57790530457467,0.027569480704036614,0.0,0.436568003123955,266.87654978084123,0.265167759826747,0.11446975553255927,4.309469558732559,242.62182457875073,0.03400622162053388,0.004307586460825595,-2.3498788030802347,227.37173602007704,0.24796551850998386,0.05297719339997037,7.090389001807023,1211.3753108703613,0.035080013253325756,0.04472734147215305,-3.8080721439863066,-441.5907367365923,0.23377680161162917,0.11465618222528404,2.123256914763704,-438.44936763855594,0.030591266149943896,0.0,1.2234209340759485,153.8059053923763,0.2205679580208365,0.1171625855386663,-2.1011474622445285,28.654506253045128,0.02043951372510211,-0.033736640541611435,4.8448743093449105,184.11965110973904,0.2205679580208365,0.1171625855386663,-2.1011474622445285,28.654506253045128,0.02043951372510211,-0.033736640541611435,4.8448743093449105,184.11965110973904,0.27000174312343106,0.008168358263647299,0.24158298242477944,0.010196577725256284,0.2580813879837655,0.025880173128690804,0.2205679580208365,0.02043951372510211,34.03731590190756,119.2285023022051,101.62817204626698,173.18064155343546,91.37866052479461,108.66842877401515,41.785129751684835,177.86334932113,156.12530886825496,41.035718163144494,163.87090988621316,158.6652324774244,158.87283446152838,160.01096525140983,37.544339760279726,4.052426893581344,172.74240364663362,169.0023576695982,170.75470448681008,23.448107303376737,-2.3488161573757362,3.2227405820646653,-3.220149901117042,-2.3514068383233266,5.450037789388347,3.8542467934796507,3.042354004659739,-1.139612355065409,-0.39703129507255713,-1.8784524505208264,2.482279008539027,1.1828425283351873,-5.068626989802534,1.0989525043774409,2.183005399071706,0.5906384835414592,-1.0890500696975731,-0.695241596781001,-1.2289945384696048,2.422647721406748,-92.58700168188366,-85.95899047590834,182.99046508256916,-189.61847628853792,-222.34618995556144,215.51252868099075,810.6735456495882,-556.9212818170108,-241.2127859699099,-119.41064870057167,-15.206935569113952,115.96526757981398,262.4819736048259,-14.393385442783753,-229.43627147215727,-317.1498606899822,507.98833685387336,-353.9599640341451,250.788537533657,-87.66704966340718,214.03731590190756,274.80881359970243,353.18064155343546,271.3786605247946,200.04708929880977,338.261959547125,336.125308868255,138.9642818368555,155.09337195064236,176.42813947321795,197.55530501168957,217.54433976027974,175.94757310641864,183.20516945978505,194.20281179018684,203.44810730337673,-2.3488161573757473,-5.571556739440369,-2.351406838323194,5.450037789388413,9.304284582867975,6.2619305782082915,-0.39703129507255713,1.8784524505208264,-0.6038265580182446,-1.7866690863533876,3.281957903449147,2.183005399071706,-0.5906384835414585,0.49841158615611464,1.1936531829371155,2.4226477214067645,-92.58700168188146,-6.628011205964393,-189.6184762885291,-222.34618995555707,-6.8336612745706224,-817.5072069241653,-241.21278596990106,119.41064870057498,134.61758426969334,18.65231668988377,-243.82965691494655,-229.43627147216276,317.14986068997916,-190.83847616390298,163.12148787025095,-87.66704966340605
136,stance,swing,0.6834170854271356,0.27723669517634664,0.13347586270156217,-2.28870307217018,-819.8134404513289,0.018946150845724125,-0.011726050662980282,-5.890295413820887,-132.44086689783825,0.2659607238385971,0.10194715445517422,1.3599186981432307,-635.1531382802735,0.011404684391631309,0.0,-3.2031537757093758,21.97094054605879,0.26656679748034245,0.041049651261006556,-1.2688577326840167,-613.5457389652015,0.0014662235587977052,-0.0077122274755472165,-0.7673666338169447,232.08845045209628,0.2714983754014354,0.004978910864448328,-1.7698804109473403,61.130856215974966,0.000798386198284054,-0.02237496932351473,-1.9905065155303157,216.4095696721094,0.24356779411394566,0.09324724212773848,4.462549412188504,592.1993436107388,0.022996817458776825,-0.026730574780953333,-2.4913418255516238,481.207409337634,0.24422858168581488,0.115108125722813,-6.048246841561171,783.179670257975,0.011384178496339312,0.009159388216593957,5.245092873581864,323.40255040505014,0.23556476049111358,0.2990208827486516,6.562197928499575,-2249.5744938390044,0.007788076577399161,-0.032047501719595216,0.9360917354535161,-836.9185214450847,0.24185966344520576,0.2815495003733304,13.474399732464981,-957.511672842794,0.005526532768667464,-0.0043113526566388605,0.8334139390107284,-25.08434493400986,0.2476087329649494,0.20338775557353908,7.0602227148952625,1192.7135276828064,0.0029648761453599237,0.0,3.81107003585312,412.33032843191285,0.302523823366646,0.1420345426860252,6.396751771091878,-288.7635961966273,0.008153312406003421,0.09807268051281617,-0.2779607865384414,-861.0707093767088,0.27956963583786015,0.13880126358078998,3.865032089457777,-805.2345049343949,0.027569480704036614,0.005147448127069644,1.0345537464584167,120.08978661633122,0.2657874788312109,0.14345628160533624,4.577031407856563,-537.5003707112043,0.03400622162053388,0.0,-0.4850963777198874,228.19203418214198,0.24843212935301506,0.11662401953744012,8.095432250200082,-656.7046081753193,0.035210808123988455,0.022506786176960267,-3.5058471701500395,168.2543389292479,0.2343207424852678,0.11859750614332083,1.846514021796064,-114.74852699278978,0.030591266149943896,0.010087755484436202,2.5231007425171543,-37.360852655319626,0.22108971808295486,0.10689216955731197,-0.18418298157578794,298.40209960121047,0.02031011934936476,-0.015132574775606606,3.1321412121111494,-332.24872035761854,0.22108971808295486,0.10689216955731197,-0.18418298157578794,298.40209960121047,0.02031011934936476,-0.015132574775606606,3.1321412121111494,-332.24872035761854,0.2703156479741804,0.008153861248609298,0.24256590654020585,0.010132096289308537,0.25862058799282583,0.025973534725645175,0.22108971808295486,0.02031011934936476,33.77494561692267,120.2852190403933,101.2018416575299,172.28788491899948,93.25675807442722,109.28516779824287,42.30355702136957,175.7449490303979,155.98331788169844,40.226748071160415,164.80744287443883,158.93618223843532,157.9031093781168,160.2775803060848,37.8489371317638,3.811504853504327,172.99201364962744,168.30075089129045,171.16842893974444,23.72730166583331,-2.532691448234817,3.506630532730897,-2.759126898632922,-3.280195082332704,3.1582016012386123,7.151329517418987,7.41976054820192,-3.6025961212949564,-0.7128255508392776,-2.418635588626304,2.4448839580326323,1.24205394434294,-2.5428999205477036,0.2427954460858875,1.0318021607126033,-1.7537193849586132,2.7515909434684844,-3.145690952167151,0.48843719239956973,1.659382201257756,5.475220125648364,102.1401844599447,103.55227775469635,-200.2172420889915,-519.8513367943034,925.2630982812093,504.92363755185187,-187.72118069523563,261.9422203022391,-61.49287975137977,-27.957148981666002,-31.670990676938153,486.9043013902092,-208.43207604352793,-157.35120593670172,-392.154418826743,640.8939824694035,-365.91265333730576,289.90109288593555,-172.72800319129303,213.77494561692268,273.4897265765294,352.28788491899957,273.25675807442724,202.54192587267008,340.2383688513005,335.98331788169844,139.77325192883958,154.96580905440072,176.0296268159654,198.12651743784858,217.8489371317638,176.18849514649568,183.19648149686822,194.89573060557774,203.72730166583332,-2.532691448234817,-6.039321980965626,-3.2801950823326598,3.1582016012386562,10.309531118657622,2.8897705704556347,-0.7128255508392334,2.418635588626315,-0.026248369406317248,-1.2683023137492129,1.2745976067984466,1.0318021607125591,1.7537193849585981,-0.9978715585099304,2.147819393657265,1.6593822012577837,5.475220125647259,-96.66496433428861,-200.21724208901796,-519.85133679431,405.4117614869126,-99.5118760649547,261.94222030224347,61.49287975138308,89.45002873304907,121.1210194099828,-365.78328198023075,-157.35120593670283,392.15441882674145,-248.73956364266203,117.17308969464365,-172.72800319129632
137,stance,swing,0.6884422110552764,0.278023981506067,0.09739947301129012,-6.88409656771216,204.01188154038033,0.018828301090317287,-0.059198948882622233,-3.5568113318878205,1172.1687873503515,0.2665421184886851,0.09450138533338466,-3.7068932934763588,-501.98518892074077,0.011404684391631309,-0.014986634687862694,-1.4911701514423317,467.08523075159286,0.26676617875113273,0.022467241120930334,-3.822874235079005,-96.17995950542951,0.0013887137349228584,-0.0077122274755472165,0.7673666338169447,190.8777893769498,0.2715033528361025,0.0004952547493761706,-0.5446794785755351,-89.65486048877139,0.0006315001948831445,-0.0257749025934694,-0.05133889822130947,317.3901377397085,0.24410418367035172,0.13898204097979816,5.397142201708307,-590.3163864659537,0.02276107063394542,-0.028312377022305286,2.1765631795225935,576.2594588700948,0.24460444424280534,0.127513974729991,2.231555758456757,644.6797828447436,0.011464508235671939,0.05388108039502666,3.887235226097803,-884.1975246056959,0.23733670830699208,0.27141278434333016,-9.406073100780127,-1130.1844359632441,0.007723890380922166,-0.020231062357109465,-0.14970722510552106,-256.43639135420756,0.2433713084610416,0.3276853990794474,0.53212580638237,-2169.968285835818,0.005526532768667464,-0.0070917467153971655,0.4289795893355648,169.7457901330254,0.24847126750849624,0.2586811593983427,11.323037581449631,-518.6894424031129,0.0029648761453599237,0.03298905067278077,4.923287918489662,-153.73133283217163,0.30340744103650136,0.1733429284773695,1.1830430779933072,-959.5251319677768,0.008580198399733382,0.08624965030765877,-2.223592608185221,-220.4737742024489,0.2804253193116371,0.14506821341319506,-3.726004854129472,-955.8897196585709,0.02762121385104234,0.010397525090034384,1.6435005319313092,3.8870946999136593,0.2666095315011725,0.16047007118940934,-1.0925442172594666,-1249.9106813485444,0.03400622162053388,-0.0005677540187712843,-0.05649152486774254,53.88799630746894,0.2491376192088526,0.1343383215426851,0.49034268848720197,-945.8597103129799,0.03530621210937561,0.009492696546021848,-2.117073762787828,282.77914824142715,0.23496873634673793,0.13321411209258124,0.9700053871979726,-160.07000044835593,0.03069265062717441,0.025357796407207693,0.8479349777410763,-419.694368750683,0.22164225118221653,0.11531150029669858,0.8978686141495597,-63.4798918618728,0.020287427546452796,-0.0022578343897404454,1.5056911901728507,-294.30060879080304,0.22164225118221653,0.11531150029669858,0.8978686141495597,-63.4798918618728,0.020287427546452796,-0.0022578343897404454,1.5056911901728507,-294.30060879080304,0.27070890789549684,0.00806329985293865,0.24357758243793742,0.010088175632913383,0.2593651497645197,0.0260823206923854,0.22164225118221653,0.020287427546452796,32.884752456153095,121.60324245394756,100.36312693443321,170.91838306777234,92.53564788746336,114.698697418541,47.242249080490936,173.3379991148591,153.33009534037254,39.64223255776285,165.16192833330854,159.45106733514328,157.70888908293688,160.05342244530615,37.98246024554229,3.364083768009564,173.47689784429662,167.4540455080563,171.41020905202896,24.29476382760854,-2.2937888194295213,4.249275099250044,-2.1794234915220994,-4.363640427157421,0.2254012386918073,13.153373409371243,8.116963427291438,-3.026257387178338,2.235553833593174,-2.496471342494495,2.2013026368639905,0.8645411144966115,-0.17511642306674294,-0.9958422297283765,0.6015862439289683,-3.350611956928337,5.352095482758771,-4.372755700673537,1.6845842845046346,0.686687890338469,41.72442960985778,82.40630449744363,96.60520164313151,-137.28707653073158,-332.80776414540804,613.6581944710827,-125.18285309867395,325.6546465577682,731.6879299821047,1.037691100443529,-76.25492660773308,-22.613449212048636,292.9118439987582,-106.53249108538388,-88.54866819404711,-172.13968968953947,250.34516161353312,-24.48097940906315,59.45573435818757,-113.1802268731286,212.88475245615308,271.28151000220555,350.91838306777237,272.53564788746337,207.23434530600437,339.9920962255135,333.33009534037257,140.35776744223713,155.1958391089286,175.74477177378535,198.03588269084847,217.98246024554228,176.63591623199042,183.1590183876938,195.7049728796375,204.29476382760853,-2.2937888194295435,-6.543063918679454,-4.363640427157554,0.2254012386918073,13.378774648063095,5.261811220771556,2.235553833593218,2.4964713424945284,0.2951687056304935,-0.5693724088661181,-0.3942559857994193,0.6015862439289573,3.3506119569283217,-2.0014835258304493,2.371272174843087,0.6866878903384525,41.7244296098611,-40.68187488760891,-137.28707653074042,-332.80776414542345,280.8504303256745,406.0332834243497,731.6879299821003,-1.0376911004446336,75.21723550729284,97.83068471932826,-195.0811592794255,-88.54866819403722,172.13968968954097,-78.20547192398331,-53.72449251492457,-113.18022687313412
138,stance,swing,0.6934673366834171,0.2782155843523395,0.06428896252355021,-0.23833240342263012,1185.7223501647863,0.01835118653534601,-0.04747289821964195,5.890295413820887,922.6396793837457,0.2669104865052643,0.06469194547551216,-3.685158577442126,464.54976370505005,0.011254064947532186,-0.014986634687862694,1.4911701514423317,482.86664880185646,0.26679259889864326,0.0026288046772978023,-2.2354904915325586,322.13481688173215,0.0013887137349228584,0.0,1.1510031086649712,191.14811490765197,0.2715033528361025,-0.0004952547493761706,-2.670934285206353,-374.68982867588215,0.0005393419511135061,-0.02289093814985955,1.1993441150195325,231.73423079116534,0.24496459854590344,0.14748987732078703,-1.4702785924944737,-733.7753491318904,0.022712270956040087,-0.004855567951580438,3.3002105249016154,-174.35064572479885,0.2455101291705384,0.13753582178770513,0.4309469558734666,452.50629523444724,0.01192569689226923,0.04822707893114491,-3.6413144088874803,-452.21732656366686,0.23829252716793098,0.20448748475086095,-4.796439618869763,1198.0454657364141,0.007584749317528713,-0.03355209694678639,-1.6411584289103902,83.93141649411326,0.24515298403896907,0.28689749842742457,-8.33432675834735,-828.8926496545005,0.0054552589323318135,0.0,2.5394017795436543,393.86429821481016,0.25020854361216893,0.3171871282514253,1.8472634947634519,-1375.7705198097608,0.003296424393327571,0.04948028058783602,2.266031514926765,154.11351720316816,0.3042659633513432,0.1539244228668625,-3.246716891900896,-338.3543487232081,0.009020143062361805,0.07572501610894451,-2.4937776126937163,81.14426705700687,0.2810276078319626,0.10135397861466447,-5.741899766407299,409.9812927860799,0.02767397844363495,0.021665041412811514,1.073620024849509,-102.01526234022707,0.26740024336577783,0.13247593771328126,-7.984884987606248,-645.7610849673928,0.03400051554999346,-0.0005677540187712843,0.05649152486774254,213.2961652841556,0.24978226323786618,0.12155208675841704,-1.4106954916389536,-29.362945574896262,0.03530621210937561,0.0012296629328614002,-0.6638456802864375,253.08994771565392,0.23565957778268068,0.12834630400460703,0.2377702986970024,146.85201415471036,0.030846118375141965,0.018609715059723437,-1.6949331142736472,30.6306790981392,0.22224862763367545,0.11591597472464427,-0.8221718445091857,-228.71404210340867,0.020287427546452796,0.0,0.17434614888698546,-178.08859530433543,0.22224862763367545,0.11591597472464427,-0.8221718445091857,-228.71404210340867,0.020287427546452796,0.0,0.17434614888698546,-178.08859530433543,0.27085550564808736,0.00788332679222864,0.2448257565071022,0.010194880098299483,0.260064047200551,0.026189065847826765,0.22224862763367545,0.020287427546452796,32.11980657912319,122.804439158182,99.53625872363479,169.77910869730638,92.89526529585935,118.12907816277512,48.26872107553915,174.1208352875518,156.8764576706471,38.754623387940974,166.14857667010534,159.335332637226,158.23479837422832,159.3126516576707,38.21401727282861,1.3722035815533549,177.31916469944971,164.72322083786196,172.3084803331251,24.27693054800984,-2.113350447130717,4.334834598031842,-1.7882203494557167,-4.659964695706897,-0.186600048463996,13.318748557329393,6.161641421582076,-0.3296851006138545,6.640821986669344,-2.408206532340439,1.678502786095613,1.0147830979906913,0.4009377075805319,-0.8278828562797844,0.141865796953332,-3.4837665175168064,5.267622718478878,-3.3917309462280882,1.0859822613260806,0.5218924839398755,44.022701915501955,56.57582626082816,130.20124811839122,-142.75437246372084,233.67179510162708,-462.4356104579532,-561.1827298811769,552.5720870076665,884.9910015325129,46.170014242057256,-140.88092032755426,31.751675133030066,91.31870736825822,48.91771798904286,-77.27719440482426,117.94973276281573,-248.1258188701288,181.77381033356232,26.98801376146636,-78.58573798772758,212.11980657912318,269.3153674209412,349.77910869730647,272.89526529585936,211.02434345863446,342.75562238309533,336.87645767064714,141.24537661205903,155.0967999419537,175.76146730472772,197.5266689304993,218.2140172728286,178.62779641844665,181.3086317189969,196.58541088113495,204.27693054800983,-2.1133504471306837,-6.4481850451627025,-4.659964695706941,-0.18660004846410647,13.132148508865418,6.970507087283287,6.640821986669344,2.408206532340439,0.7297037462448703,-0.2850793517459095,-0.6860170593264413,0.14186579695338725,3.4837665175168064,-1.7838562009620273,1.6078747452660611,0.521892483939848,44.022701915507454,-12.553124345347083,-142.75437246369876,233.67179510162487,-228.76381535632848,332.41891452484646,884.9910015325042,-46.17001424206167,94.71090608550139,62.95923095247133,-28.359476415773713,-77.27719440482097,-117.94973276281127,130.17608610731315,-51.59772422624912,-78.58573798772429
139,stance,swing,0.6984924623115578,0.27867010173243434,0.09500417247437926,5.032710971632477,412.3676147121065,0.01835118653534601,0.0,5.715949264933785,-316.3181571869611,0.26719228879497164,0.05746461571085057,0.9619485528055712,447.41671800150976,0.011254064947532186,0.0,3.3617609922949403,137.35333430041698,0.26679259889864326,0.0,-0.5853383870213811,-37.92014685673168,0.0013887137349228584,0.0038556429632967655,2.688453215803405,343.4159612461099,0.2714983754014354,-0.026348305905964178,-4.3104063999412014,348.7758640099111,0.0004014405149850575,-0.01372119289478058,2.2776483459110155,99.37725802351717,0.24558649399518376,0.12420537170849685,-1.9774844227328345,502.0970477608921,0.022712270956040087,0.004855567951580438,0.4242953832934517,-351.70283699722034,0.24598671380851092,0.13184509991464896,6.779357720612025,1106.283930422243,0.011949202496286462,0.017284955682589517,-0.6576625283109285,646.8051008101093,0.23939185890750325,0.2232073610381062,2.6345848463195654,488.8044889070327,0.007386683376431849,-0.036725116919023006,0.6938245989559225,312.41241934699923,0.24625470040503583,0.24392332110610682,-7.7984535871302345,1024.813408414428,0.005526532768667464,0.0184298792096648,4.387414747273373,-110.83346758275484,0.25165907784268143,0.27724662165727193,-2.503801813623403,959.0217671865207,0.0034621653974989813,0.05576323675244685,6.472167488370756,87.04482088205195,0.30495442016079144,0.14071260795575233,-2.2175031403304066,190.71932268658162,0.009341253838014235,0.06118655872279719,-1.4080723362555,107.9064945952941,0.28144395226253827,0.08736067807241794,0.3944101487457206,1073.695721619144,0.027838952960718838,0.021187676093547082,0.6182215134365603,-44.44524587340007,0.26794094796060247,0.08021997081145675,-7.582605372710678,758.5147959749725,0.03400051554999346,0.0,2.0871885282393583,275.7227197334116,0.2503592482215,0.12016047740561013,0.19523770783497693,198.7918023271133,0.0353185705308114,0.0028208806637460646,0.4265438021936293,164.30199323914067,0.2362586489497993,0.1356037633357672,2.445905026943812,-251.29088470108434,0.030879682939332437,0.008323292746165936,1.1557809988279037,400.20296583094756,0.22280723585281598,0.1070484666835409,-1.400764974829432,230.14956388709203,0.020287427546452796,-0.0005056117878611869,-0.2841439385139452,-49.935650617395034,0.22280723585281598,0.1070484666835409,-1.400764974829432,230.14956388709203,0.020287427546452796,-0.0005056117878611869,-0.2841439385139452,-49.935650617395034,0.2710383412068712,0.007848851433196528,0.24577576899178305,0.010207370998984968,0.26062740890134123,0.02627773389422053,0.22280723585281598,0.020287427546452796,31.729909659879663,124.04995140583537,99.52877705546213,168.1511811985822,92.12953640911311,122.54711487329935,49.84210881849551,174.25957032008833,159.09411278400523,38.19516129057618,166.3325504781847,159.75958631208678,158.23862992877915,159.25556555336158,38.218506437011634,0.7035093539323941,177.66105609569914,165.02590441175943,172.52479087441975,24.084739264189253,-1.851349604198344,4.817876368203093,-0.870868234050825,-5.798357738350601,2.5738614909694766,8.50577933441692,2.476935991299686,2.527230924456525,11.129935758543091,-2.0324510988557267,0.7854139903559015,1.1836534273913875,0.7426595303830924,-0.5042068730545768,-0.17506897622002263,-2.1651875070507867,2.8583686599433955,-2.545883235009586,1.955820603715353,-0.10311852159849502,6.451896543894249,138.5467385866576,92.72668209749652,-224.8215241402599,587.7910978273314,-1069.671271864138,-637.1389409922482,411.1805437975623,566.4393107530273,110.77016567158489,-197.91634504355173,27.26876181967255,76.72721226283647,-35.82724188423242,18.977447173693527,292.49657498470606,-495.987251610424,117.13607551581507,221.2282510757028,-134.87364996579416,211.72990965987967,267.6799582540443,348.15118119858226,272.1295364091131,214.67665128241242,344.8345424639169,339.09411278400523,141.80483870942382,155.47228823123916,175.71270191915235,197.47407199037318,218.21850643701163,179.2964906460676,181.63543455036844,196.60953013860902,204.08473926418924,-1.8513496041983108,-6.669225972401536,-5.7983577383505125,2.5738614909694544,11.079640825386416,8.60270483408661,11.129935758543047,2.0324510988557156,1.2470371084998584,0.06338368110847087,-0.6792758492745332,-0.17506897622000053,2.1651875070508164,-0.6931811528926232,1.8527020821169629,-0.10311852159847845,6.451896543887622,-132.094842042748,-224.8215241402423,587.7910978273535,-481.8801740368063,155.25876695544738,566.4393107530273,-110.77016567158489,87.14617937195801,59.877417552298674,-16.849794710537804,18.97744717368583,-292.4965749847046,203.4906766257061,86.35460110989983,-134.87364996578978
140,stance,swing,0.7035175879396985,0.2791704001561021,0.11486897228870095,3.9060657343875036,-609.5747501350195,0.01835118653534601,0.009973828061099862,2.711218457167998,-7.000499087844072,0.267488020331504,0.07435977012682447,0.8114918547338713,-473.6476160482993,0.011254064947532186,0.018799907948267504,2.8716056720495433,-310.5667484823216,0.26679259889864326,-0.0032539931822135903,-2.6165974951178033,-152.10937964798097,0.0014274639154585045,0.027019630309582078,4.602419804605789,-268.2188558642921,0.2712385457415702,-0.043815922085468834,0.8343507802199044,790.0589889355336,0.0004014405149850575,0.0,2.198110527316192,-81.85270637880907,0.24621289373895366,0.12761566201693936,3.57592289253964,518.2606501820624,0.02276107063394542,-0.0005912927426010053,-0.2344913544674486,107.87852988522728,0.24683520555159016,0.20567007023606748,11.549378417403595,-12.267186151411497,0.012099415039832945,0.041617405279778766,2.859239368098571,-155.01770949547253,0.24053581722861547,0.23096572441236424,0.11616830984415444,570.834305116188,0.007215652665076219,-0.026578985399490655,1.498664881109716,-105.47356481906225,0.24760447470335206,0.20852108046631634,1.9653054870238296,2297.916155982197,0.0056404838490118625,0.044094620575611976,1.425497582732043,-873.0955347074166,0.2529949418197797,0.29202329092857693,11.485673215231039,1035.3840688213422,0.00385685893355317,0.11452719001869817,3.1408538353494015,-1658.2886640905654,0.30568016041622514,0.13163795914494877,-1.3299397794729317,495.4787330440255,0.009635083351033136,0.061573535342557516,-1.4092902298264343,142.40562525330307,0.28190560459650954,0.1053178997075863,5.049012008659521,108.2607142561124,0.027886919911911806,0.027878322954887524,0.6269341366746319,-28.486717992687257,0.26820647422820454,0.05626884854030928,-0.3616207064507135,1081.2648364784095,0.03400051554999346,0.02040901510926256,2.827574135253801,-123.10997530409185,0.2509899062268673,0.12351427477685903,0.5872120694375705,-65.81028436793193,0.03533456266881024,0.00551653531671699,0.9874306336747822,231.01646989936643,0.23702242967550247,0.1529282640743942,-2.2877662309621476,-809.2800663246671,0.030929769558520517,0.030225604495179807,2.3272072458363957,-313.27932535922264,0.2233244916204447,0.10183793477660971,1.490889099079689,633.195608575299,0.020282346020946654,-0.0028557179750145372,-0.3275196864637206,42.21739063772791,0.2233244916204447,0.10183793477660971,1.490889099079689,633.195608575299,0.020282346020946654,-0.0028557179750145372,-0.3275196864637206,42.21739063772791,0.2711723912819549,0.00785853897833044,0.2468366666084582,0.010314696224283923,0.2611881777939589,0.026344866176869302,0.2233244916204447,0.020282346020946654,31.278952395527487,125.32698428009896,98.94702131951942,167.0049467959091,93.34051592763403,124.44503418461815,50.348000248077845,174.2538432070725,161.69139307124684,37.5136162077257,166.53645265551938,160.3807121650922,158.06599280841573,159.64526050669068,37.85796565655634,0.4538344958417243,177.90773127267926,164.86963967212657,171.9298933545414,24.838901204811016,-2.048507265785046,5.727264131566095,-0.8562938962145417,-6.9194775011366545,5.720848170906195,2.568283513468665,-0.24176502055109847,3.8027826762460855,12.333679381172155,-1.2949385356410887,-0.31060620931697563,1.288841005726095,1.1720654690160777,-1.1879556390358907,0.33259390925176024,-0.5441024473187429,0.2828262198816313,-2.214483956119389,3.3093817696246104,-0.8336215860681119,39.72001231346842,160.6142312907013,-119.49729853672663,-1.396920440518239,641.2317004846844,-1045.2139765018521,-302.6161374684229,14.464520260763924,-86.90161828795111,91.77055507917262,-109.07060075747876,-6.601043442850054,5.697295557471308,-136.1875496448186,154.391343208487,217.6266197933415,-300.81300067124516,21.75776885896412,182.36451248554732,-120.93590046658709,211.27895239552748,265.95196811542854,347.0049467959091,273.34051592763404,217.7855501122522,347.43754986417434,341.6913930712468,142.4863837922743,155.94993113675494,175.56921897166276,197.50322616324704,217.85796565655633,179.54616550415827,181.63843423147904,196.76879455935244,204.838901204811,-2.048507265785079,-7.77577139735113,-6.919477501136522,5.720848170906305,8.289131684374881,8.530896704925981,12.333679381172155,1.2949385356410887,1.60554474495802,0.3167037392319692,-0.8553617297841084,0.33259390925173815,0.5441024473187578,0.26127622743703816,2.4757601835565155,-0.8336215860680952,39.72001231346513,-120.89421897722296,-1.3969204405270763,641.2317004846934,-403.98227601716735,-101.36613854872812,-86.90161828795536,-91.77055507917373,17.300045678296236,23.901089121146295,18.203793563653015,154.3913432084804,-217.62661979334445,83.18638087790072,61.42861201894539,-120.93590046659314
141,stance,swing,0.7085427135678392,0.2798245637654866,0.13426111452852432,-1.0936684267093177,-918.0441453621069,0.01845142601334701,0.027248426705205525,5.645592490181585,47.87558364212036,0.26793962316810555,0.06562031274335164,-3.798328995418458,-532.6531542988847,0.011443008746007233,0.028860358513060222,0.24048713820131098,-278.23954363984114,0.2667598954495758,-0.02629746226249002,-2.11407587092066,262.0666196486306,0.00166026780838599,0.05011111838646971,-0.0072136773050105844,-665.9982134890438,0.2710580143754508,-0.01796287092887986,3.6298849461444225,5.481083173825674,0.0004014405149850575,0.008370370193823971,1.455008080797371,-239.67620845143244,0.24686906346269066,0.16014429525160817,3.2311653278405634,-480.6574367062011,0.02270632831541093,0.0024988709217568755,1.5085017137982293,67.92628076326267,0.2480537496902804,0.24791925486342675,6.656069417582766,-984.4882964915156,0.012367467875982724,0.046021029733830925,-2.2156294579136397,-740.1140167481622,0.24171312246943652,0.22437488174005749,8.371613038441957,1824.6786890149715,0.007119557895029938,-0.021663158314905524,-0.3662112283713174,-513.7117240105395,0.24835038965595355,0.26367513504604445,15.296181146358771,357.78050065275875,0.005969694784502752,0.03275648808134337,-4.387414747273373,-561.6245939327533,0.25459398528919974,0.39268052331788333,7.902068224781862,-2269.7277282303567,0.004613192432862762,0.08732960695696289,-10.194050241182367,-1177.0998978929285,0.30627741472506226,0.12734637901632612,2.7621826189059413,442.9982938101103,0.00996008333894445,0.04702283782001921,0.023139977848023043,168.75770371053395,0.28250242361638334,0.1381045173554273,1.4824575282041172,-792.0724480606732,0.02811913711101921,0.02748852168826689,0.3319228401432261,-46.9527482097488,0.2685064640263342,0.07658559185215316,3.284377908479175,589.2723706234142,0.03420563127973479,0.02841783050506282,0.8499023442786581,-327.0845705644488,0.2516005977167448,0.12606210624417857,-0.46617218531005583,-139.9726954770614,0.03537401309680856,0.012744806630326615,2.7483173690213913,20.488810912278655,0.2377956164279339,0.11261113789896211,-5.687562976319029,466.97337191130396,0.031183457858881977,0.03171231029225995,-1.9927549344305593,-321.85516978108126,0.22383073268474168,0.12203227672454253,4.963009985726224,227.83781452124722,0.02025872686328682,-0.0037972669282000287,0.14015144477979508,70.18210070905207,0.22383073268474168,0.12203227672454253,4.963009985726224,227.83781452124722,0.02025872686328682,-0.0037972669282000287,0.14015144477979508,70.18210070905207,0.2713955241896547,0.007989035770681323,0.2479160621135122,0.010555248260757821,0.2617522081995334,0.02651684159144597,0.22383073268474168,0.02025872686328682,30.527379944559428,127.40363146611666,99.44792993684634,163.67581854159639,96.53677113962233,123.07656825091962,49.4419039308324,177.57081026547817,167.74224572518773,37.37215822950094,166.13086360873635,160.45046205237415,159.1606471122505,158.8497907070144,38.0360782901236,0.5420677479383963,177.82619440193815,162.9095855331135,175.16749752039016,23.554654796619758,-1.452153500545402,6.4320897480091075,-2.071846108791775,-5.812397139762845,9.018401194333025,-1.998883746003518,-0.5644322244633042,2.672602987378773,10.256552660171739,-1.1101339623816464,-0.31077295193029775,1.1173112822371167,0.7999187822169739,-1.8729259649622771,1.3766028148200202,0.022014701927480913,-0.16487757795851227,-2.327212191200905,3.7886297744243387,-1.3185547071923136,118.78977453017315,20.123169758213063,-159.1726837354616,257.8392885074272,432.7422841541556,-263.5491204184347,388.8724650810208,-474.23827479099924,-693.9175761363124,14.077970431878297,72.97097895138678,-66.69414418319215,-107.03013329337129,-88.84334146435177,175.5186695576556,66.5849161120281,-48.05441407181675,141.4279250862244,-176.1776701027468,16.219242976317084,210.5273799445594,263.12374847844274,343.6758185415964,276.5367711396224,219.61333939054197,350.1714354597096,347.74224572518773,142.62784177049906,156.49697816176268,176.0465161093885,196.88586899713798,218.03607829012358,179.4579322520616,181.63173785012344,198.72215231700994,203.55465479661976,-1.452153500545402,-7.884243248554509,-5.812397139762845,9.018401194333093,7.01951744832953,7.583949672792879,10.256552660171652,1.1101339623816242,1.4209069143118778,0.30359563207476103,-0.49632315014234535,1.376602814819976,-0.022014701927480913,0.14286287603098718,2.470075067231981,-1.3185547071923578,118.78977453017868,98.66660477196565,257.83928850740523,432.74228415414024,169.19316373571877,-219.6793013452999,-693.9175761363168,-14.077970431874983,-87.04894938325737,-20.354805200074022,86.67532809329727,175.51866955766224,-66.58491611203252,-18.530502040202588,-159.9584271264358,16.21924297631103
142,swing,swing,0.7135678391959799,0.28051975809106217,0.10387732980921027,-5.32050859085984,3.150690667956525,0.018625040070071694,0.06671345107800046,3.1923801018124256,-849.8288959280254,0.26814752096209044,0.036185609368849854,-4.541806178420772,84.91950291655127,0.011544118801934802,0.02121686411109476,0.07522834903605255,-40.16664523245501,0.26652830279550266,-0.024500986859808258,0.017237878235279454,208.70995283242425,0.0019310932459757901,0.026947131040184986,-2.0910295771936753,142.62002136387048,0.2710580143754508,-0.007334666345323727,0.889437043273429,-420.2350198119758,0.0004855648385410777,0.01462319679193344,-0.21069558777359207,-239.3965613507436,0.24782238414349245,0.16008968541232205,-1.2548051145578798,-310.25913667142686,0.02278618491456609,0.014569528501602369,0.4481848341080586,-112.59524431727105,0.24932685635423768,0.2725652402620252,1.6550236787953563,-1758.1599653251942,0.012561937951730745,0.019349772536928017,-4.579092458516157,154.33723488371854,0.2427908411657015,0.3151025388690677,18.454647596426863,-384.81305372162996,0.006997932481006816,-0.03025950025749386,-3.6642670184937183,-321.7712756509056,0.25025447606059875,0.3622515442488172,5.561089413182224,-2890.1154995930656,0.005969694784502752,0.0,-4.21897069799917,-819.9812287118608,0.25694147974257253,0.37144106203191257,-11.325660736832948,-1635.0406684511904,0.004734543425582952,0.012074423775658854,-8.68929589221777,61.186785636101256,0.30696002352191687,0.159398588480687,3.122304379422668,-634.481985238663,0.010107674685907703,0.061806097933994934,0.2867670938975324,-583.7819658793113,0.28329358969555907,0.12021697034280363,-2.9115151075281833,-72.24216768439187,0.02816318646154263,0.03121423089602549,0.15504721999373744,-230.91393262909634,0.2689761786689297,0.08927767174110515,5.560714676699204,433.37843354561676,0.03428612188672776,0.028950747212565693,-0.4597079809718298,-336.52732099850476,0.25225686206851733,0.11882912718580317,-0.8195486891258668,217.67730319535448,0.03546265117765775,0.033137815407384356,1.193348331285624,-406.0941980859916,0.2381541999056428,0.095766827126464,2.40543348673942,1268.46060569603,0.03124848624487489,0.01019791671195802,-0.9075180785965958,367.69865115805464,0.22455094666290243,0.15171743212059208,3.780716380700274,-406.40180989672734,0.020244182534231075,-0.0014471607410467414,0.3778280593559012,144.84787659951226,0.22455094666290243,0.15171743212059208,3.780716380700274,-406.40180989672734,0.020244182534231075,-0.0014471607410467414,0.3778280593559012,144.84787659951226,0.2715633990560265,0.008146454239130841,0.2494272074933206,0.010610058711477872,0.26236530008724473,0.02658538383182363,0.22455094666290243,0.020244182534231075,29.78351758193995,129.3446705419828,98.13784876860517,162.30099827135197,98.37085836720102,122.03636265193225,48.25127424526845,177.3789440181729,169.53489079203774,37.34060596194835,165.81368791489783,160.8709438343707,159.33753711098737,157.66622014123837,38.971005036557344,0.5937022572729013,177.6426117822014,163.0139944556514,175.38276689912522,23.366924605749077,-0.8546401850797829,5.9295070437089406,-2.4560193608925545,-4.3281278678961685,10.070016855872602,-0.08045136510857974,3.666500960162695,-0.9634311407489025,5.3596333898524025,-1.1534513956222108,0.4227704635612867,0.618548099362352,0.09638573742440174,-2.080853543200234,2.0966006384744373,0.12509268948556254,-0.200132715513514,-0.7930977743482831,1.5387519193457404,-0.670614118969447,83.93258615394387,-224.95663202982558,101.59226904188311,207.29694914189622,-187.02491186903686,1189.669941880585,1827.5444605730102,-734.7878837918681,-684.2636051241683,16.00432337516402,121.36032209784636,-67.54438958467416,-175.19228736651735,86.68298823560163,18.6890432425993,-19.304283680452787,42.95219573501159,339.60032489349487,-484.5366662248063,121.28842927674954,209.78351758193995,260.4388470399572,342.30099827135206,278.37085836720104,220.40722101913332,352.15594677386486,349.53489079203774,142.65939403805166,156.8457061231538,175.9747622887831,196.63722517779567,218.97100503655733,179.4062977427271,181.76368596052566,198.74969150487428,203.3669246057491,-0.8546401850797608,-6.784147228788657,-4.328127867896257,10.070016855872558,9.989565490764022,6.323064530601349,5.359633389852358,1.153451395622244,0.7306809320609573,0.11213283269856107,0.015747095274159337,2.0966006384744817,-0.12509268948559205,0.07504002602796613,0.8681378003762492,-0.6706141189694912,83.93258615394058,308.88921818376616,207.29694914189622,-187.0249118690524,1002.6450300115458,-824.8994305614711,-684.2636051241553,-16.00432337515851,-137.36464547300048,-69.8202558883219,105.37203147821302,18.68904324260699,19.304283680451327,-23.64791205454268,-363.24823694805514,121.2884292767556
143,swing,swing,0.7185929648241206,0.28086855702990077,0.08078866637917896,-1.0620031938655334,694.4569667716706,0.019121912958854556,0.05933264883397376,-2.895401438743331,-424.09414980189246,0.26830329763412414,0.019974019492891428,-2.9448666545485924,498.27520405110874,0.011656243561194116,0.02961642232246779,-0.1631977385067813,188.01606737967342,0.26651365437560787,-0.026124217255100276,-0.01648840526814586,388.70946999158485,0.0019310932459757901,0.029095745751357302,1.4261533715781158,51.41778025115777,0.2709842991357993,-0.009023805167337822,-0.5935825896543477,-52.38722353354184,0.0005484073169140374,0.006252826598109469,-0.9509875106673995,9.209711183472635,0.24847800502462355,0.14753318857263445,0.11298304973575761,-81.24680432721289,0.02285275573753759,0.007003241113797684,0.3768912181472589,69.89313203832903,0.2507930988386425,0.26455265867041533,-11.013879982670518,-875.0157781322691,0.012561937951730745,0.0,-0.6645014691325422,443.92112924249955,0.24487998215656284,0.409848726930278,4.5041451618426445,-3789.796152008174,0.006815442314552611,-0.058489962520872706,-3.600093395717116,179.56140336806348,0.2519911086936301,0.31956548090717257,-13.750205784224931,-1481.868629820416,0.005969694784502752,-0.009645227476437417,-12.628432121261959,-1917.6240637221765,0.2583270612895205,0.2788547872693105,-8.530501307390976,1039.821136152772,0.004734543425582952,0.0,-9.579107671975317,-982.3723000962004,0.3078794105891898,0.15872632252811186,-3.61452075032688,-668.0023510441298,0.010581250152351437,0.049904919165723066,-5.84401545812498,-452.2266481337031,0.28371063437359745,0.10884305898830976,0.7564055916775626,405.56286859468247,0.02843284797429585,0.029046785205791896,-1.9888202013552396,2.5168239063951527,0.26940372705890814,0.13247217151747204,7.6399400546662966,-432.2225588627216,0.034496593563278166,0.023797649791778078,-2.532281786359595,-65.91282163813497,0.25279486030152676,0.11782543600170751,1.721539404593014,70.34056739945574,0.035707056467737044,0.02473825719601133,-1.333031355460954,-84.64917738595558,0.23875809710257173,0.13678634882096644,7.060784819621025,14.69079435756692,0.03128594948412779,0.022591525582746387,1.702708896303674,1.3143413733694922,0.22535553099751146,0.16002942627931932,0.878569685256585,-373.8881736537775,0.020244182534231075,0.0,1.5959089985437438,181.16471341217806,0.22535553099751146,0.16002942627931932,0.878569685256585,-373.8881736537775,0.020244182534231075,0.0,1.5959089985437438,181.16471341217806,0.27166745204385806,0.008314414270734625,0.25089385120059593,0.01058687484278133,0.26298371007055094,0.026791313362670224,0.22535553099751146,0.020244182534231075,30.716733414580755,131.1437705512969,96.75881278724962,162.81415007603417,102.67858069490372,121.50269286679018,50.96377197860356,175.75142040820998,168.96892199130033,36.450402971370515,166.51845154446164,161.19952210636228,158.34895407367318,157.99910582435743,39.48356347977495,0.6016722309238255,177.6413477664776,162.8612651080173,175.61681671311584,23.278898181465422,-0.6086099211087765,4.171219074342509,-1.0508182792251062,-3.72901071622619,7.13875383886531,9.95759808194211,17.802848786320798,-4.712199864800838,3.379531503144892,-0.9492864912744696,0.9089287776963041,0.4384731959589815,-0.960807723979188,-1.0017401535491917,1.5644323951476522,-0.17199819938360322,0.26680278118733475,1.0858564006935303,-1.081085464015947,-0.0995755184812576,-64.5148375454326,-457.2583804259021,379.4046237329824,13.338919147483756,-467.71231277305276,1161.1508366327132,2360.9791798096526,-742.5385783367705,58.065912889199794,93.0258802299824,-9.62582637178871,-18.670251146615,-148.71265579887353,235.35812590014953,-151.3752728128547,-30.141740058949832,18.291411339135994,323.273821241325,-305.0682114493787,-6.355281072138072,210.71673341458074,259.5729628632838,342.8141500760342,282.6785806949037,224.18127356169393,353.2175015830904,348.9689219913003,143.54959702862948,157.03114548416784,175.83162337780558,197.48266930413237,219.48356347977494,179.39832776907616,181.75698000259854,198.89571489458126,203.27889818146542,-0.6086099211088096,-4.779828995451318,-3.72901071622619,7.138753838865221,17.09635192080742,-0.7064968655134005,3.379531503144936,0.9492864912745028,0.04035771357819878,-0.3981154823807385,0.5626922415984936,1.5644323951476853,0.17199819938358854,-0.09480458180361365,-1.1806609824972323,-0.09957551848124103,-64.51483754543811,392.74354288045527,13.33891914749701,-467.71231277305054,693.4385238596537,-1667.5406559500054,58.06591288920863,-93.02588022998901,-83.40005385820031,-64.7298027115809,83.98285308730142,-151.3752728128613,30.1417400589557,11.850328719806523,-311.42349252151837,-6.3552810721353215
144,swing,swing,0.7236180904522613,0.2813317044868328,0.09320393087588828,1.6589584118705474,445.01175293538967,0.019221348098553845,0.03761393913083118,-1.0698726600156576,122.22442615179894,0.26834826487659186,0.006588959574391511,0.4659848170677805,1005.7041898658088,0.011841771287587746,0.01957668583464469,1.9648370664197132,707.4512353848158,0.2662657478482152,-0.02466669947556852,3.9238657173467018,377.63544480337185,0.0022235128012658145,0.04128033075453797,-1.5742679666292734,-240.7854752842875,0.2709673228662313,-0.013300320512704132,0.36293228414235285,252.46540252399222,0.0005484073169140374,0.005065533368140438,-0.1181356763819069,-20.861673713199934,0.24930512975728777,0.16122519344986735,-2.0713559118163043,-311.43365449453296,0.022856569247368078,0.018357379940268304,1.15062837218172,-213.40802412440402,0.2519856770443926,0.16187297912965773,-7.139104744644572,1426.8154372600288,0.012561937951730745,0.012671365811977815,-0.11757357165684525,-308.3388932465981,0.24690992384841787,0.36037032944035075,-19.6337559413439,-3479.984450697966,0.00641009366170156,-0.06644134343053036,-1.8596297987141779,418.36138423731506,0.25346618943655025,0.22405852129178214,-9.332062645314483,619.977622281773,0.0058727578249405665,-0.12691891579157802,-23.491574353498514,847.4705387119955,0.259744040418646,0.28570738055059586,-0.8751970569055443,-718.1337546320112,0.004734543425582952,-0.08419801513866634,-18.562384335395706,333.9732108120059,0.30855526294430996,0.1230717467688589,-3.59128708835756,749.6220181724185,0.010609231662447635,0.0030722742342461297,-4.258224344632167,873.4870406483858,0.28438748978589384,0.12781903659081936,1.1644936220666333,59.45297361184404,0.028455113951048078,0.011226088168837065,0.1803419326208245,303.0535630431492,0.2703075572771455,0.16606098887343007,1.2167693614959536,-1264.8624796668341,0.03452529424644413,0.0035006790079465376,-1.122148399445551,380.27344912010085,0.2534410373047154,0.13613103074955213,-0.11260831325193674,-201.70013217459856,0.035711276878120174,0.019740515352500338,0.3426028299192325,166.41798963452493,0.23952893707972286,0.1667294886301932,2.553079661187329,-759.6520275179865,0.0314755367532442,0.027310568936115623,-0.8943086175577064,-388.74675627174264,0.22615928260540816,0.16054727820357287,0.02304629372761947,-33.63222464580801,0.020244182534231075,0.014592125676478392,2.1985789479205127,-140.0565896073048,0.22615928260540816,0.16054727820357287,0.02304629372761947,-33.63222464580801,0.020244182534231075,0.014592125676478392,2.1985789479205127,-140.0565896073048,0.2717282600194678,0.00845875987608036,0.25228219210105884,0.010487180422264781,0.263729927832866,0.02683677267092255,0.22615928260540816,0.020244182534231075,29.61319865593779,131.83013348228403,97.3933381540942,160.3897270195595,104.59477065779292,125.87992895537705,55.16005272084901,174.4088952286707,169.72354212099168,36.44277156105327,166.8792053207444,160.7002007197263,159.04419326286262,156.90124812873802,40.03238100687542,0.6103290024682538,177.7468464526197,163.54787501547273,174.13878493657447,23.95616459286484,-1.5030305121695606,1.3339454313882964,1.357092435418843,-4.194068378976733,5.369390596846926,11.589406289491604,27.394934928099005,-8.426130420515472,5.943210403814212,-0.21851792597414232,0.3260284899754701,0.4309073843209944,-1.398213818343178,0.28455475730379176,0.5752411127170972,-0.17783937140840692,-0.016299435723201736,2.455885353705248,-1.5272602560249129,-0.7344862905487244,-257.6946460492823,-441.6842418755632,372.52118781168974,-188.53159198540558,-362.2135525670807,-624.0803729696646,541.9746270026853,-669.4852441579526,336.999648622961,101.16518451187245,-129.22827670906304,58.24883272392757,-102.45828433158638,242.3508136313887,-170.07826982654592,9.285445185106585,-62.05789933071459,245.10418420937327,-85.3846568019855,-106.94707326179095,209.6131986559378,257.7830651736537,340.38972701955953,284.5947706577929,230.47469961316997,355.314646892321,349.7235421209917,143.55722843894674,156.67802311820236,175.9778223984761,196.93362913561344,220.03238100687543,179.38967099753174,181.64282454491203,198.09494952943933,203.95616459286484,-1.503030512169594,-2.8369759435579343,-4.194068378976689,5.369390596846904,16.95879688633846,-10.436138041760588,5.943210403814256,0.21851792597410918,-0.10751056400136091,-0.5384179483223553,0.859795870020911,0.5752411127170751,0.17783937140843642,0.1941388071315498,-2.261746546573698,-0.7344862905487409,-257.694646049279,183.98959582628416,-188.53159198539674,-362.2135525670719,-986.2939255367498,-1528.2685525394238,336.999648622961,-101.16518451188125,28.063092197186172,-30.185740526754582,72.27254380483619,-170.0782698265481,-9.285445185105132,52.77245414558748,-192.33173006377703,-106.9470732617915
145,swing,swing,0.7286432160804021,0.28180527995327653,0.09746161524219961,3.410476735133377,593.9331556352305,0.019499942497857886,0.04858015978859022,-1.6670152462629344,-374.50339727543695,0.26836951833336425,0.02465728398603497,7.162713143097769,1246.3498415997187,0.01185299417259758,0.04936352851764087,6.9468649286773285,-276.8413081362784,0.2662657478482152,0.013311619100143127,3.7788426982833463,447.11842776070205,0.002345970942001299,0.013273957142017803,-0.9938011538921206,579.5406515184908,0.27085062757285755,-0.005376244522691044,1.9437581392300074,17.11440256360797,0.0005993172000109265,0.00506553336814055,-1.1606525731116208,-186.32886320533123,0.2500983587276373,0.12671554121769663,-3.0170034275962454,647.6067558319576,0.023037252018344306,0.018567345356830096,-1.767913044409575,-298.3088839010428,0.25241996295049834,0.19280286224182636,3.325973658133854,-134.1187495022256,0.012689288361901377,-0.001181643936249706,-3.763384818344597,-381.9047238742714,0.2485017945127473,0.2125245466152631,-30.4705729356245,-117.88057452086393,0.006147690119270896,-0.0771797092416183,0.6045436317936067,857.109042116631,0.2542429531287234,0.22577590658240348,-7.519274907021155,-1283.095470633455,0.0046941277916225654,-0.24574145213471496,-4.111140274910208,3851.672733826301,0.261198492249828,0.27005883694865174,-15.747925977059461,-2430.5993837009437,0.0038883322181591656,-0.1865566264863898,-6.2225929904476045,2884.6064517091518,0.30911631256676625,0.12263298495667894,3.9193688795467057,803.2956183692498,0.01061212728033381,0.007108694596555375,2.9347487694970256,694.4942530517491,0.284995247806671,0.12054651247641668,1.353922914409666,462.368516319555,0.02854567298101783,0.030859266940674562,1.0569442513397402,-321.8272050710243,0.27107268172095267,0.14470100932145152,-5.072245670628575,-63.20024476123834,0.03453177626687562,0.01251977643051621,1.289561923390179,67.96356704335939,0.25416301136433633,0.1166936941599795,-0.30559760218687976,714.77798942346,0.035905453606958154,0.028181501717812675,0.33951125393126347,-149.6857714418662,0.2404337703551365,0.162445440893201,-0.5739089242783696,-310.98621913349905,0.031560427563887744,0.01360349927563372,-2.2042936792917467,-33.511044235524885,0.2269690714819695,0.16026104732180796,0.540557377258513,204.85082284251814,0.02039083706364292,0.022096270833372084,0.1883050828924333,-297.49790730898275,0.2269690714819695,0.16026104732180796,0.540557377258513,204.85082284251814,0.02039083706364292,0.022096270833372084,0.1883050828924333,-297.49790730898275,0.2718227934269284,0.008574556203116923,0.2532923123138869,0.010091338101859661,0.26445834921597206,0.026924382460452683,0.2269690714819695,0.02039083706364292,29.646318573597068,132.12399511026652,98.37714047794628,159.14518298538425,102.64513420430076,136.4348615710783,73.28774149844138,172.40048223663243,173.3917720403053,36.630089831436926,166.63553061012544,161.37867240997517,157.79418510587547,157.88424564512812,39.6772763974589,0.22831223163158212,178.18286445486817,164.25153378486013,174.54389251667791,22.7933970119622,-3.19850586130258,-0.2678185324470904,2.6931132565707867,-5.623800585426254,3.49841662713584,3.685433529483143,23.249829962227206,-11.440694780961195,6.766462645084213,0.06744903145792117,-0.38984787264604354,1.0238886002195626,-1.990539224799156,1.4339464156105044,-0.14489694984276644,-0.07867714224685322,-0.3568946995233674,3.549215035963624,-1.9392227183072623,-1.1744204758861965,-203.45267281617365,-120.0130289718768,637.3361567686985,-720.7758006129869,-400.5609829439143,-1817.8043417592314,-1726.5624050795554,-524.5893507769069,-114.49346372341658,-4.872979051236011,-63.24008305606904,79.14943026055734,-60.42076214299141,121.08928031428512,-71.70488632454929,18.6434533081533,-1.4726245883158489,98.64785601335477,-106.82192356806591,-8.996761165130943,209.64631857359706,257.5223234633305,339.1451829853843,282.64513420430075,239.07999577537913,345.7922542769377,353.3917720403053,143.36991016856308,156.7343795584376,175.35570714846244,197.56152204258697,219.6772763974589,179.77168776836842,181.58882331350023,197.3372895286401,202.79339701196218,-3.19850586130258,-2.9306873288554893,-5.6238005854261655,3.49841662713584,7.183850156618939,-16.06597980560818,6.766462645084257,-0.0674490314579764,0.3223988411881113,-0.7014897590315397,1.2890494657677047,-0.1448969498427554,0.07867714224685314,0.43557184177013214,-3.113643194193492,-1.1744204758861854,-203.45267281616754,-83.43964384427757,-720.7758006129914,-400.56098294390995,-2218.3653247031366,-491.80291962357245,-114.493463723421,4.872979051242606,68.11306210730724,-11.036368153245705,49.38439398973254,-71.70488632454379,-18.643453308156232,-17.170828719827195,-115.81868473318643,-8.9967611651249
146,swing,swing,0.7336683417085427,0.2823112182078599,0.1274800789676804,7.628135855440598,-8.650416982179305,0.019709590910499467,0.02086001705783716,-4.833725898964706,-106.69469049217452,0.268596076775949,0.07857602633919193,12.992113878371265,470.4782822402245,0.01233788715208664,0.08939442381130001,-0.8174876384674576,-1576.2402047412065,0.26639953296479957,0.013311619100142833,8.417518257655185,987.1356223783545,0.002356919405708202,0.03129237945913995,4.250261194360481,217.3324051044446,0.27091329025796307,0.0062349371679991114,0.5349363300077565,-94.18514352030617,0.0005993172000109265,-0.00659931661288067,-1.9907875678927403,21.896367985841472,0.2505786527846013,0.13090355096146342,4.437254699560038,398.83269503742355,0.023043175733366367,0.0005894096446950022,-1.8474508630045865,312.46834876713115,0.25392339425285315,0.19529985006567577,-8.487031875320183,-1200.0402817215615,0.012550062133275974,-0.025151597186459675,-3.955812002553977,-237.40174536565468,0.2490458489400285,0.054133415514481795,-20.818485333513365,2548.479958221526,0.005634418191936566,-0.06036552803561985,6.754531428588494,626.1485016373857,0.2557352940253181,0.14848791921116886,-22.22749451097712,-641.2867313561168,0.003402994486903274,-0.1682369085042427,15.218704378423416,1405.152108524705,0.26245819958395905,0.1274367677158302,-25.303331566462333,541.3408575610401,0.0028596024558705246,-0.14673663815823915,10.428635279771136,1431.4016497116934,0.30978775525543234,0.16246238877435273,4.482035709323199,-807.9004739610508,0.010680675829247185,0.0325672367417534,2.7216173945812674,-106.6760473521409,0.28559901252435027,0.14142630206227305,5.811413384072129,-131.54599617574488,0.02876525733738651,0.021848643458683512,-3.054102339449714,-319.8417106559678,0.2717618387778636,0.11508364545002822,0.5815910221870368,998.9740163085377,0.03465112114524328,0.01646110034855112,-0.4390974743866748,-197.63592764415478,0.25461383825104683,0.1330596980642569,7.071090072913362,441.2644817857772,0.03599450805116351,0.023152688758844634,-1.161776782561808,-126.57759935287979,0.24116155457613692,0.16096155974297352,-0.572409978345269,-76.30637221464085,0.03161225533892896,0.0051568636166009745,-1.2311030319850862,180.45627409035052,0.2277699463975871,0.16598001566345733,2.0818485333508807,-9.079209203193933,0.020466255607933304,0.01648463907238221,-0.7913497687526279,-5.779373414747014,0.2277699463975871,0.16598001566345733,2.0818485333508807,-9.079209203193933,0.020466255607933304,0.01648463907238221,-0.7913497687526279,-5.779373414747014,0.2720550295516429,0.008750928667076309,0.254348277917352,0.00949805060027054,0.26511565763040285,0.027028345551650457,0.2277699463975871,0.020466255607933304,28.25743076985722,130.6688513092235,98.86391310681195,158.72466635382176,107.6799858554892,127.12502010192279,73.25235451685593,166.17364970566,175.37900173489604,36.7834269941552,166.2598266324486,161.43619075133918,157.4768764110081,158.27265177676549,39.771027434283404,0.6598427968778697,177.0729376402817,165.86629459494839,173.81733229491093,22.583592672981098,-3.5477809927340833,0.1277843361935761,7.762480945656905,-11.438046274584513,1.3436520747976068,-6.679984079947582,10.042548947400263,-13.698385202192835,4.792522326191955,-0.26749258980565915,-0.30955023420611694,1.2263790452311043,-2.0054576589762467,1.5015324489046256,-0.14541101114770702,0.009532018623281194,-0.031099682841953722,3.4473210925329165,-2.6008474275632447,-0.8249060007510438,66.58791772823821,314.69614786344965,1128.7224394604375,-1376.8306695956517,-557.5423429181077,-1471.8817963828567,-2577.2742570888445,-84.02011690680526,-501.6086584435704,-84.82827426001992,113.84044681487472,-50.361243382916705,71.15181536890749,-68.39908717927018,18.59634263842461,96.73350433521095,-3.758859824142194,-138.2230273903925,-65.13519889883003,110.38358177815907,208.25743076985722,257.5885794606337,338.7246663538218,287.6799858554892,234.80500595741196,341.552651440556,355.37900173489606,143.2165730058448,156.95674637339616,175.52055562205697,198.04367921104887,219.7710274342834,179.34015720312212,182.2672195628404,196.40092496789202,202.5835926729811,-3.5477809927340553,-3.675565328927543,-11.438046274584513,1.343652074797629,-5.336332005149953,-15.378880952550173,4.792522326191955,0.2674925898056923,0.577042824011765,-0.6493362212192951,1.3561214377569075,-0.14541101114767388,-0.009532018623281194,0.021567664218716715,-3.4257534283142443,-0.8249060007509996,66.58791772824426,-248.10823013520982,-1376.8306695956737,-557.5423429181033,-2029.42413930096,547.850117787878,-501.6086584435747,84.82827426002763,-29.012172554851475,21.349070828078418,-49.80274454084226,18.596342638419113,-96.7335043352095,-92.97464451105411,45.24838287933841,110.3835817781552
147,swing,swing,0.7386934673366834,0.2830864867770723,0.17412629720642706,3.323537870990871,-919.1813769050617,0.019709590910499467,0.0,-2.739323693420472,173.55831227277793,0.2691592271407933,0.15523129281388745,11.891138090235724,-1081.1156913581644,0.012751430592811655,0.04114757235213875,-8.894745169224313,-1011.287810309912,0.26639953296479957,0.0979097925439142,13.699803727211576,-542.6085910842527,0.0026604672179725564,0.05599015005016352,1.190444123539493,-804.2650616517643,0.27091329025796307,0.0,0.9971737822420016,733.9990668125245,0.0005329924099317235,-0.014942381887062954,-0.9405885732539166,-18.531281207286586,0.25141397230513945,0.17131106583639066,0.9913653667497375,-839.1463766805912,0.023043175733366367,0.0,1.3724723703354755,580.2770555503606,0.2543827755139725,0.10750605947478897,-8.734732690826615,1302.055544061706,0.012436508490680676,-0.04093854848453105,-6.149332007949177,93.33688064811143,0.2490458489400285,0.003293538238243451,-4.857709033900508,2617.9256548987523,0.0055410013952948145,-0.009294971265854235,6.89749339699349,-491.3865638035705,0.2557352940253181,0.0023840019494666305,-13.964367684469593,2444.507166176296,0.003003304590574893,-0.09278964933648902,10.010991469056737,-902.00172335118,0.26247926378466047,0.01575399708470758,-10.30731434328014,2723.6509021084753,0.002413592136166806,-0.08174622166456888,8.163353237810684,-821.5938603260465,0.3107491003936442,0.16767856997500274,-4.200233873830724,-906.1498220116536,0.010939436192311233,0.034461633235563206,1.862627690581032,23.415783899756917,0.2864166176766436,0.17895267714045843,0.031852601085591334,-1325.4526848214584,0.02876525733738651,0.00016477106680795535,-2.1575453029916085,300.62063326691435,0.27222930127321426,0.1505461452228288,4.967694191768833,103.02199190286102,0.03469721446133342,0.00810673648693152,-0.6967288067018373,241.61509501642067,0.25550029476196706,0.18775992604855632,4.129221310233011,-877.2715980780066,0.036138143946243026,0.016505353149352243,-0.9326254229821067,66.69583352014662,0.24205147447315634,0.15669257678922843,-1.3408071374908437,521.4672702703822,0.03161225533892896,0.0012306044818137048,-0.39066278391133163,75.02931712143437,0.22863721234290876,0.18118414815950534,0.4493090435580711,-140.96078189957768,0.020556511828189475,0.014143006825807951,0.1302209279703525,271.0712562915513,0.22863721234290876,0.18118414815950534,0.4493090435580711,-140.96078189957768,0.020556511828189475,0.014143006825807951,0.1302209279703525,271.0712562915513,0.27238963428515706,0.00891362028280385,0.25461143091382377,0.009287516469216711,0.26593066682025573,0.027118136517398767,0.22863721234290876,0.020556511828189475,26.547047433309842,131.84239327959546,99.94062044816712,154.76403370554723,105.63691849358746,126.62422846141183,73.03580579764393,164.22274053484637,175.002600622509,36.22626647801081,166.46436376778942,162.23231083306513,156.47759263800307,159.10486029680405,39.494605986327485,0.4162428125475252,177.69871708092782,166.6741533319111,172.58824089362687,22.622645880986642,-2.529280557501188,2.8949568229644775,14.03705737175111,-19.461294752216784,-2.105024005206976,-11.10734834371146,-2.6524238778617955,-12.285118066456729,1.7251695954000672,-0.7850964384920316,0.7542772209707927,0.5177454506425081,-1.2754456030010877,0.7465184037585398,0.04200096612130082,0.8935188812226078,-0.39467218519313835,2.1600388812863063,-2.593847832868371,-0.06503774444740715,370.4196841553215,627.8721787798432,849.1849699314195,-1106.6374645559501,-528.5121692180447,-322.8269424675902,-1480.423086807588,516.8446402342557,-531.8259637289542,-97.89829818252798,298.4605097627819,-264.74541489242245,122.55954534257347,-12.447740487574494,-45.928601542827145,194.97519707675272,-123.73928884160588,-327.1239832049036,169.512323925993,86.3757510437652,206.54704743330984,254.7046541537144,334.7640337055473,285.6369184935875,232.26114695499925,339.22534115735533,355.00260062250896,143.7737335219892,157.30936975419976,175.07705892113464,198.59946628313156,219.49460598632749,179.58375718745248,181.88504010652463,195.21088677461353,202.62264588098665,-2.529280557501127,-5.424237380465649,-19.461294752216915,-2.1050240052069316,-13.212372348918436,-10.559948471056618,1.7251695954000672,0.7850964384920537,0.030819217521261023,-0.48692623312120287,0.7885193698798406,0.04200096612125663,-0.8935188812225933,-0.49884669602941073,-2.658885577315717,-0.06503774444743476,370.419684155317,-257.4524946245394,-1106.6374645559458,-528.5121692180447,-851.3391116856394,629.0839751219534,-531.8259637289542,97.89829818252468,-200.56221158024843,64.18320331216965,-58.37634203040384,-45.92860154283374,-194.97519707675568,-71.2359082351498,255.8880749697582,86.37575104376081
148,swing,swing,0.7437185929648241,0.28406123124511046,0.16088246963090538,-1.6098679325500134,-164.5070677795929,0.019709590910499467,-0.006670874333323479,-3.089421253007131,-158.00061190308406,0.27015619027156595,0.19808495186919972,2.1266295431132836,-1072.4466312360773,0.012751430592811655,0.0,-10.981184224496769,157.2921725812702,0.2673835509803163,0.15099808872036027,2.964165583441566,-1202.5757487679446,0.002919634481589245,0.04325664200727561,-3.832804751888441,-526.4263455229898,0.27091329025796307,0.016256784225707713,7.911811373349742,723.1860455850568,0.00044914250767863484,-0.016052468102869824,-2.177031600126777,-113.60197387979895,0.2523003720392384,0.1408670219840739,-3.9963772268781,143.5521783662859,0.023043175733366367,0.014383101808870695,3.984479343531726,-23.378497619640463,0.2550038571621475,0.10751359186641293,4.598953492134207,1412.6093645437657,0.012138619434938977,-0.08695392892464263,-3.017752900562903,749.8270927129323,0.24907894982684503,0.005312219193873456,5.4923252684842625,1013.6461675260003,0.0055410013952948145,0.008956013642706994,1.8159729984018347,-604.5970317424333,0.2557592538439057,0.008142515347152234,2.340416706875205,1603.3846166504945,0.00247043519708931,-0.06762392891573234,6.153360425145185,-876.7495901566693,0.2626165312129511,0.02384566878839118,2.0700443341254755,1050.5782279601467,0.0020380323888899293,-0.06469288702446307,2.1714105528761602,-660.0324086738221,0.3114729670139751,0.1202489830072096,-4.624997677728635,683.6812318241316,0.011027023901966415,0.051287113029000034,2.9569519061366143,-54.885404300035695,0.2873975318925961,0.14174642870634935,-7.509719126696355,-145.06227270992756,0.028766913328007696,0.00016477106680795535,-0.03278944229478297,213.04448289349867,0.27327486536301765,0.165010220241675,1.6169879257333832,-455.09769170102027,0.03473259588380541,0.009458800783708504,1.989194937838669,220.69749188299352,0.25650087268369565,0.17455940972489037,-1.7457099077701586,-347.78777758732946,0.03616039099738816,0.013779568929878697,-0.49146689793721593,26.2402196169276,0.24273635434286284,0.14748611112497503,4.668467109799298,830.5518891188386,0.031624623223168294,0.0012306044818137048,-0.4770395433274511,-8.594487561903847,0.22959089261024546,0.17049568444293545,0.6651572579782346,443.5762311516696,0.020608396380051977,0.017793392117310382,1.9329844653333268,260.6031331548397,0.22959089261024546,0.17049568444293545,0.6651572579782346,443.5762311516696,0.020608396380051977,0.017793392117310382,1.9329844653333268,260.6031331548397,0.27312856568873894,0.00895744962314475,0.2549517928170176,0.00904625282991588,0.26682891398439884,0.02715332395239799,0.22959089261024546,0.020608396380051977,26.583639318223085,132.33248415170198,109.23962893975865,145.0115262267624,103.92416002739763,124.15081648728747,72.76060159469928,158.92252663206142,176.39184828792438,36.38449853919631,166.51562074698103,161.96514551397374,156.89633568496038,158.2745472094493,39.9638523054392,0.43886508800519863,178.1772687842171,167.08054036978555,171.60144417499745,22.701881582994652,0.17502990329931417,6.438057489759867,16.29700325652548,-22.56003084298607,-3.968028017846082,-9.92447596404398,-4.836075040615762,-8.503966707376172,-0.5524622338980605,-1.251395084102427,2.690052878987684,-1.4343788933862187,-0.7737034344277642,1.3764295294315145,-0.6070049965027557,1.9690817379876386,-1.2747106259736765,0.15964286936804226,-0.8972059810708454,0.0431919996888113,443.007789818162,554.6217843401889,26.133478416354492,-137.74747293837808,-32.5867155015589,-155.73085663083933,-355.0362663321667,422.9826998976632,-256.26400569789047,-95.26012999794008,336.8595092738822,-345.00025608875126,65.1921736919428,186.1669908965306,-147.95828777566769,99.40651712326708,-58.371565880469014,-373.26381604835274,325.75817968191865,6.470685123640863,206.58363931822308,254.2511551665211,325.0115262267625,283.92416002739765,228.07497651468512,335.3143749199858,356.39184828792435,143.6155014608037,157.09988071382267,175.1347351998489,198.2383995148885,219.9638523054392,179.5611349119948,181.38386612777768,194.30332575799213,202.70188158299464,0.1750299032992976,-6.2630275864606135,-22.560030842986027,-3.9680280178460596,-13.892503981890084,-9.056428941274232,-0.5524622338980605,1.251395084102427,-1.438657794885213,-0.004278901498994329,0.7694245329287257,-0.6070049965027888,-1.9690817379876684,-0.6943711120139476,-0.8540139813819899,0.0431919996888113,443.0077898181565,-111.61399452202366,-137.74747293836498,-32.58671550156769,-188.3175721324026,166.71869419975977,-256.2640056978993,95.26012999794007,-241.59937927594225,103.40087681280463,38.20870312086185,-147.95828777565998,-99.40651712326557,-41.034951242805356,332.2288648055474,6.470685123646359
149,swing,swing,0.7487437185929648,0.284703396019594,0.15794671999486906,1.67020050637184,214.50796938740194,0.019642546947350487,-0.031049459829217533,-4.32726954169268,359.54227738722875,0.2711500306771672,0.17660445405120698,1.11277998736053,500.661525977363,0.012751430592811655,-0.06921608819556793,-7.313919314136164,1720.8177558099928,0.26791710169565747,0.12770040142272404,1.6136152973829334,91.87339415436321,0.003095207338648695,0.0174694992774152,-4.100272916892588,228.6860773933862,0.2710766750240506,0.07951569219447012,8.265375245408434,-1058.3897036400226,0.0003716610722144381,-0.03682209646120151,-2.0823169539554187,503.2715655839139,0.2528297212698035,0.13114647059138446,2.434100827717441,734.9312238148872,0.023187729520390193,0.04004501852795722,1.137512595263711,-791.3919734489347,0.25546331412569523,0.15372669758669075,5.4623463498143074,-1281.1192977882624,0.011562599657267178,-0.07126772336456036,1.3866186725828393,49.04077989506687,0.24909923807765538,0.05849278716773376,5.3296896347025555,-1059.9743705441776,0.005631011582658704,0.008956013642706994,0.8211413191800646,163.798628457843,0.2558171283504151,0.025905777897961252,2.1500505733243944,-216.89429131329143,0.0023236671140348664,-0.030946830993321055,1.199437799140424,-722.0767787520991,0.26271891874735787,0.03655846275431044,0.25126081209826434,-567.9073321288428,0.0017634123670767221,-0.05992300002762245,1.5298616933501312,137.70755396130554,0.31195763288617895,0.12119618125411175,2.6709342852058042,613.7694566458608,0.01145488456446199,0.06417974284497655,1.3110155870630829,-237.83053758672284,0.287841204899823,0.10347811305305754,-1.4260596874564004,1094.7624698729244,0.028766913328007696,-0.00016477106680795535,-0.016394721147391485,6.525099016661819,0.27388769544649744,0.16679728015482267,0.393848044019865,-489.96036358993626,0.0347922777857928,0.028098645409933305,1.5213364383533836,-450.48351453926233,0.2572546606888504,0.1702151028548863,0.6338667616166195,83.57719683325449,0.036276632076191556,0.011565987340937991,-0.6689046228119789,4.259957500872742,0.24353374694677418,0.20361184422439746,7.006448029532697,-898.2451306314975,0.031624623223168294,-0.0035637627878089394,-0.4770395433274511,126.4564189425886,0.23035073680967194,0.18786914572712582,4.90736161794673,-200.6747594718919,0.020735339889669982,0.033569986376896746,2.7493478943506626,-1.8083845846039635,0.23035073680967194,0.18786914572712582,4.90736161794673,-200.6747594718919,0.020735339889669982,0.033569986376896746,2.7493478943506626,-1.8083845846039635,0.2737118008541173,0.008965211487756319,0.2551856641141854,0.008893684048285532,0.2674709462796327,0.02727511181121538,0.23035073680967194,0.020735339889669982,26.950750191583527,135.46143185055593,112.25059482141191,139.23872351961566,102.76450803423901,120.22099940652883,69.19740315382802,158.42892945009353,175.35917483684628,35.672755599872836,167.68275864668297,161.7441285775088,156.17137959924537,159.17196892191788,39.557008654772126,1.9928535829959144,176.39673279326115,166.76877880847118,172.27888012837494,22.56275468689678,1.9230590386612636,8.46904510779052,14.299705396036082,-20.845691465165313,-2.4325286836146045,-12.672482581207339,-6.220627559592129,-8.034035655424919,-0.8503480498048733,-1.7424846796773632,4.139799927240981,-2.9495938065308867,-0.6202478774539211,2.617543437894534,-1.4450170014733557,1.8925793548232863,-0.9813210885144374,-1.5913562548780593,0.6801037217237905,-5.733154533865667e-06,201.43634349416084,314.4305133548895,-371.82986860844494,258.835698747726,27.963830442972814,-183.15178662322788,-209.92245205395108,31.2095691647404,23.5249267089556,-80.3559330652316,137.63903754138465,-109.73018952924403,14.995960633259658,181.78854250543907,-144.3374180856143,-203.7701306407366,274.2789336757509,-218.5687763233398,167.16373573325276,-19.103762444919973,206.95075019158352,251.4893183410276,319.23872351961575,282.764508034239,222.98550744076786,333.78810428693987,355.3591748368463,144.32724440012717,156.64448575344423,174.90035717593537,198.72897757669,219.55700865477212,178.0071464170041,181.61041362374291,194.84163481527173,202.56275468689677,1.9230590386612691,-6.545986069129208,-20.845691465165313,-2.4325286836146485,-15.105011264821988,-8.88438370522988,-0.8503480498049617,1.7424846796773852,-2.397315247563596,0.5522785589672905,1.1725264364211674,-1.4450170014733226,-1.8925793548232566,-0.9112582663088633,0.6800979885691959,-5.73315450624887e-06,201.43634349416857,-112.9941698607211,258.83569874771746,27.963830442972814,-155.18795618025072,54.734495873682675,23.5249267089556,80.3559330652316,-57.283104476161796,52.447085053082226,37.451124419831366,-144.3374180856121,203.77013064073955,-70.50880303501576,148.05997328832402,-19.103762444919973
150,swing,swing,0.7537688442211056,0.2856486354661644,0.17766840436831088,0.5459910562681056,-521.3740545701768,0.019397536037844013,-0.0501610204809888,0.5240689719901588,927.1699624153359,0.271931109407759,0.20926867033513474,7.158403673539064,1184.8274794428526,0.01205579151546926,-0.07350672677523815,6.313466587664039,921.7354870914814,0.2686669721001427,0.16721532789003807,3.887516278460296,1426.6476489995393,0.003095207338648695,0.0020478689731790647,-1.5344522152714846,1777.2598623040637,0.27171244294333463,0.09932588216951142,-2.725271075293747,-1193.5711121251,7.907118646052758e-05,-0.03698027668533643,2.880974084133686,573.3045211725703,0.2536184270200563,0.16533034688575682,3.3898662285479326,-319.0586987739235,0.023445638231134783,0.02581538919845578,-3.9692088318344854,-218.7958915981752,0.25654884909769216,0.16241154513087858,-8.276617339908688,-1246.0888376389137,0.011422360908661985,-0.07301806286853363,-2.5248807408134852,-188.29571448038868,0.24966681703456095,0.05887693914063304,-5.160683480703498,-1000.8756165934124,0.005631011582658704,0.017208690217381046,3.4621903698374497,564.2625982495535,0.2560196134207696,0.02975106382277438,0.16057458312352285,-331.10216724469257,0.0021594117700207555,-0.055569277668089834,-1.1036926276397618,402.95282898799223,0.2629839529491753,0.026370903080836058,-3.637567044053873,-596.934701182854,0.0014357911825821634,-0.04931739261893405,3.555406070075217,-192.23873860043352,0.31269101908688074,0.14709254366254443,1.5435395749936118,-391.02121935755997,0.011672046443121961,0.06446314907988535,0.5666952469735603,-243.57262472138606,0.2884375129283052,0.12741417054095833,3.492918761473786,256.2686030936319,0.02876525733738651,0.0,0.03278944229478333,-0.7550471719302461,0.274951219937438,0.16896849204086964,-3.3072368339644904,-219.76533488067236,0.0350149943301364,0.024748614234496345,-2.5382775700936353,-319.76713809576677,0.25821157723500104,0.18092992994214285,-0.9057380803002605,-390.89071737713493,0.036276632076191556,0.007056909404130137,-0.44865325471236406,-113.30368363906145,0.24478270453607287,0.2179026742358567,-4.359122142778607,-1310.27716882272,0.03158880651173303,-0.0035637627878089394,0.7938792400151535,82.7475771010871,0.23147902472810603,0.21981590170873194,-1.351674495508125,-1203.004540989091,0.020945783177809735,0.04542502924646289,1.9148097458900708,-442.8211839797021,0.23147902472810603,0.21981590170873194,-1.351674495508125,-1203.004540989091,0.020945783177809735,0.04542502924646289,1.9148097458900708,-442.8211839797021,0.2744897899793502,0.008656901519605624,0.2557675319044509,0.008818842735011679,0.2684255097419673,0.027377253312729864,0.23147902472810603,0.020945783177809735,28.15609408437651,138.17162748477054,114.70719014994523,135.27727644966075,103.69758450341327,116.38360835423032,68.73638462089767,157.2767652692343,174.0680429675116,35.1751391741277,169.68852753143477,159.4464677763324,156.4465083024043,160.58334022201163,38.66001699368917,2.48484227074035,176.17284537612616,166.04745392172947,172.57675991234615,22.71809851905787,2.199515767562246,9.598163151618067,12.560019652420488,-19.95866703647625,-3.686984495806153,-11.765197437644268,-6.945848428092667,-8.190302695670237,-0.3160308096874504,-2.058992401340939,4.073359788951355,-2.537194868554505,-0.6229902622341992,3.2034500571243774,-2.057632313946122,-0.07885927347705955,1.4818615717725756,-2.0370282494595027,0.7828315639869786,-0.14880561282294805,282.4115517855834,480.74091665953813,1510.1839176969534,-1708.513282570908,-314.38892932844266,72.26564493798983,-227.80811505523874,76.51269080325686,-90.82786013847307,-8.945666168864943,-115.02684261984383,120.82643074159664,81.91780036979885,-38.37394162643079,-40.39778069626248,-393.76858066044707,470.93494760062146,16.033277363089518,-45.48855507462965,-47.711089228637874,208.15609408437652,249.98446659960598,315.2772764496608,283.6975845034133,220.08119285764354,331.34480823674585,354.06804296751153,144.8248608258723,155.13633329443752,175.68986551810514,199.2433572157008,218.66001699368917,177.51515772925964,181.34231235313345,195.29485843140398,202.71809851905786,2.199515767562307,-7.398647384055805,-19.958667036476292,-3.6869844958061306,-15.4521819334504,-8.506333505357821,-0.3160308096874504,2.058992401340939,-2.0143673876104597,0.5228274809440454,1.1458177431782888,-2.0576323139461326,0.07885927347705955,-1.4030022982955161,0.6340259511639864,-0.14880561282294805,282.4115517855839,-198.32936487395855,-1708.51328257091,-314.38892932843174,-242.1232843904441,-14.315169335203223,-90.82786013845548,8.945666168862754,123.97250878870662,3.1460780471055703,-78.7717223226845,-40.39778069626688,393.76858066044116,-77.16636694016265,-93.19964430325653,-47.71108922864007
151,swing,swing,0.7587939698492462,0.28648900812379813,0.16343406729404603,-3.569739740564633,-545.5542072119401,0.01913841608824507,-0.02578243498509531,4.991021537858474,381.81150817407797,0.27325323339410323,0.2485482095641627,13.020593851107844,1004.3432406420866,0.01201266951969368,-0.005764162691406461,1.9497539229641916,-1193.9905827760117,0.26959765775485384,0.16677091678413422,15.951782624011532,4183.446054112584,0.0031157889363690877,0.0020478689731791098,13.761635246967426,1726.653058644964,0.272074925096106,0.05212603314629164,-3.7303143236881002,236.15265498237062,0.0,-0.007867583052822634,3.6795375301910402,1102.2570121720105,0.25449133279629355,0.16521547791347438,-0.7725192604627084,-293.27523608830256,0.023447180668113368,0.00015347247936925708,-1.061441089140069,418.38934894736803,0.25709559096118145,0.07054461376851262,-7.061159556104476,932.660367159417,0.01082874977919146,-0.09664340920188193,-0.5058005684261005,-47.55865026127238,0.24969096610921954,0.0066266215325225045,-4.729361788346858,572.6240465608988,0.005803963243134896,0.043751896756651365,6.492122206110276,122.91422233358374,0.25611613401697564,0.027519592803725308,-1.1776093989840881,-302.52223355187004,0.0017651819113404937,-0.042039219210806146,5.249214974899157,553.8690476729972,0.2629839529491753,0.0,-5.748082918382707,51.08220373034069,0.0012677601799517546,-0.024190275705258307,-0.40218593077483716,-568.5784851705027,0.31343594990791307,0.13670914180681143,-1.2589272158752176,167.80690356798274,0.012102755409485966,0.0698751724628013,-1.1369504905387975,-463.3099948920199,0.28912174932737034,0.1385828242236485,1.1495041627308662,-181.43503894290689,0.028766913328007696,0.00016477106680795898,-0.023983134935635197,-7.280146188592209,0.27558587124590317,0.13355871900945077,-1.814848788951726,654.3742156693094,0.035041007577094274,0.002588318072308718,-1.6924036430111205,226.9336222289465,0.2590730519445503,0.16111220757548667,-3.2946831617716885,38.72180187871651,0.03634755578879588,0.007056909404130293,-1.8076351116467722,-146.69354746424963,0.2457237235722602,0.15980157143265247,-6.162166732504746,465.2395598868264,0.03158880651173303,0.004414923041489121,0.3545943973869958,-70.49903408984005,0.23255994185197076,0.1742844774305617,-7.183136281441171,-66.8170139305373,0.021191872846920867,0.052814305431068395,-1.7011162662493773,-713.3983970600073,0.23255994185197076,0.1742844774305617,-7.183136281441171,-66.8170139305373,0.021191872846920867,0.052814305431068395,-1.7011162662493773,-713.3983970600073,0.2753537060922153,0.00856671863607696,0.2560755953665691,0.008622567156346395,0.2692500479749947,0.02750648524367295,0.23255994185197076,0.021191872846920867,28.29669819488838,140.6336180223756,119.17595674973899,128.4871234227738,101.66127410453768,112.49958429729607,66.31382060800647,151.9896174098302,175.85742038399707,34.425464495992415,170.44300664744046,159.65553300109403,155.85593502668803,161.31790220937305,38.302158619412,1.6397171702636417,178.0078975728662,164.95815444008002,172.78781177595388,22.606419040836244,4.761366091782717,13.30061210939394,29.47743321208593,-38.016679229697125,-5.592216415558766,-11.946194692383317,-8.510156354117152,-7.2650638885580126,-1.7631908652669182,-1.8323908723292726,2.9837512576948066,-1.7352578191781514,0.203046598624463,2.231875682855027,-1.8510248476669502,-2.0648938176435356,3.751693460235547,-1.43021778891736,0.2229323139385659,-0.47951416761320803,760.6501190210082,202.57086681315758,2650.707181496883,-5809.550389978041,-372.75612525366546,-206.24245905868105,-542.9510766631274,398.22788024902485,-434.27538789825496,58.314997696523555,-220.43285704201625,163.11637735182222,159.8314353818146,-250.99500099740476,90.16504760925955,-201.48416005735947,180.21407878669686,140.71453840473328,-73.14365447850483,-46.300802655574564,208.29669819488836,247.66308017251276,308.4871234227739,281.6612741045377,214.16085840183374,327.84703779382727,355.8574203839971,145.5745355040076,155.13152885656712,175.4759958554731,199.62006082878503,218.302158619412,178.36028282973635,180.35238525687015,195.39423081679013,202.60641904083624,4.761366091782728,-8.539246017611212,-38.01667922969715,-5.5922164155587,-17.53841110794204,-9.028254753824887,-1.7631908652668298,1.8323908723292726,-1.1513603853655343,0.5838974338125728,0.380850835188154,-1.8510248476669613,2.064893817643506,-1.6867996425919083,-0.2565818536745924,-0.4795141676132025,760.6501190209996,558.0792522078509,-5809.550389978038,-372.7561252536699,-578.9985843123488,-36.047507649212385,-434.27538789825496,-58.314997696523555,162.11785934549707,-0.9985180063251199,-160.82995338814413,90.1650476092562,201.4841600573639,21.270081270662665,-119.44445713407501,-46.300802655574564
152,swing,swing,0.7638190954773869,0.28729118890630556,0.14179162305610415,-4.936965800133205,270.4560326700001,0.01913841608824507,0.0,4.361370561679316,76.80041542592107,0.2744290813631777,0.340128910044759,17.252305589539755,-878.9308375424347,0.011997860232138544,-0.053911209961528025,-5.686438766868529,192.6954955315623,0.2703430617160636,0.32753475124693504,45.93220023939004,2283.4304361653853,0.0031157889363690877,0.1403557609024975,15.81884485653689,-2554.1474727960003,0.2722363226734481,0.06183528595154123,-0.3518775578830289,2813.6226959779856,0.0,0.0,13.958934005460229,944.9089101705732,0.2552788840845133,0.15756633421779004,0.44237641861529586,376.34906813997577,0.023447180668113368,0.015147639558857288,0.23570924803848559,-169.34496262201006,0.257257840190843,0.09144511743133736,1.096853686818955,388.9145445322023,0.01045107036391947,-0.0781014856667858,-3.0028571253488776,-43.23344177029502,0.24973341624594309,0.011345664885891595,0.5943320626220163,412.47947355234345,0.006070729138001926,0.0824561495752721,4.69750918726038,-432.0640921722795,0.2562961922429176,0.017915793481225968,-2.8798498746841625,-237.56953362609545,0.001736907054334269,-0.002813348272119343,4.462830464551066,-273.52282920781374,0.2629839529491753,-0.03139877449084841,-3.124178061839403,882.7899675320962,0.0011926728337856018,-0.053359462274962494,-2.158950564804106,568.289516499789,0.3140649803110698,0.1344400088296279,3.2300411183903934,463.7108224030257,0.012374309482949097,0.05303651098401824,-4.089686611237613,133.5687768707744,0.28983030513155794,0.13896697619654472,1.6694510334044026,164.04098927856427,0.028766913328007696,-0.00024103653201642988,-0.04037785608302651,34.51777379807363,0.27629351862095003,0.1507288057197471,3.269388449144029,-255.597450052049,0.035041007577094274,0.007739532395188904,-0.2575376481947163,-129.84014886121986,0.2598307954015888,0.14781753635649833,-0.516574242323217,557.4858168421774,0.03634755578879588,-0.011110277647595895,-1.922960264403289,278.37936719018757,0.2463887504801196,0.1559713502910865,0.3166523284456961,514.4015201923612,0.03163317759757714,0.0,0.08534623408712542,60.62749143466663,0.23323062751635285,0.14762357727213854,-2.023202273704468,863.3451724625711,0.02147658021731795,0.028328383354509653,-5.255023390391282,-160.86233390036745,0.23323062751635285,0.14762357727213854,-2.023202273704468,863.3451724625711,0.02147658021731795,0.028328383354509653,-5.255023390391282,-160.86233390036745,0.27607491366474873,0.008563016314188175,0.2563100571426785,0.008579712011630927,0.26993982957693985,0.027606590665290337,0.23323062751635285,0.02147658021731795,29.03737886628894,143.74122982909947,124.01183836877034,121.28431066841914,98.65808790464081,111.54772431063634,63.64515499276341,151.21300116288174,175.34765605963207,34.07485774419202,170.79214634457173,159.67070919781295,156.1355577639368,161.66260894171782,37.66412000776865,0.6557712430780698,179.12603608155246,165.3721761519571,172.44486261845609,22.401153904956313,9.8442405818436,11.634051260292981,39.20029283329321,-78.34610814178215,-7.433277211923327,-13.837985970897307,-12.40264316842551,-4.1880124419112645,-4.680607572483905,-1.4729120224814163,1.8579541905391705,-0.8978342921543111,0.9833558220051151,0.680887233029902,-1.1514509309385044,-2.103825706214305,3.29305834349814,-0.6228117830802988,0.04771945867538531,-0.6141403128789655,1005.8863283098599,-1380.1743401989606,-841.3029078948604,-6045.372862306091,-211.51964013318857,-336.0784235141419,-528.0361770219275,440.2046817715684,-459.7665683969692,48.30883247800112,-230.6086633710689,229.31676964549516,85.5455515471394,-302.99079609685487,170.42830579729255,110.24856857585512,-224.29934554396604,49.09910613807759,120.86997512974436,-55.918304299712844,209.03737886628895,245.2961490371895,301.2843106684192,278.6580879046408,210.20581221527715,326.5606572225138,355.3476560596321,145.92514225580797,155.13299591123624,175.46228671342325,199.3267289494865,217.66412000776864,179.34422875692192,180.21819267536947,194.8460165234124,202.40115390495632,9.844240581843573,-1.7898106784493633,-78.34610814178217,-7.4332772119233494,-21.271263182820636,-8.868620014395125,-4.680607572483905,1.4729120224814163,-0.38504216805775415,0.512792124096557,-0.47056369790855807,-1.1514509309385486,2.1038257062143493,-1.1892326372838349,-0.5664208542035802,-0.6141403128789655,1005.8863283098555,2386.060668508808,-6045.372862306084,-211.51964013319943,-547.5980636473369,-19.56188662540955,-459.7665683969824,-48.30883247800441,182.29983089306452,-47.016938752421844,-132.56249029957004,170.42830579729807,-110.24856857585361,114.05077696809485,64.95167083002164,-55.918304299709554
153,swing,-,0.7688442211055276,0.2879140495615479,0.11381632055903873,-0.8515886584540673,1301.0861007793142,0.01913841608824507,0.018050434981531176,5.762885009475775,-110.93600485303863,0.2766716143995782,0.42193821548918614,4.187118096912481,-2656.833888177793,0.01147084831405018,-0.06291430105189444,3.886392069010052,730.1772231027708,0.2728894643000492,0.6284010699438352,38.900832233714,-5129.939631187145,0.004526399598705752,0.16103123436551034,-11.90818860022867,-3168.2245412525435,0.272696385256423,0.04858957527812048,24.547300711266647,5222.9875431645105,0.0,0.13242321097190388,13.176109491704379,-2699.936827967867,0.25607491404471355,0.16966147207041204,3.0098834344114365,306.8847283230334,0.023599418251619472,0.0025224096455852027,-2.763400512476861,-67.0966610311568,0.25801463736752656,0.08156826891242176,-3.152470666333582,654.0759254285038,0.010043810224751398,-0.1268228777983532,-0.940307520891379,1452.1234998745203,0.24980499289199232,0.01259980809153777,-0.5838394410871067,-63.349389881658965,0.006632668263991906,0.09096304436730865,2.1497695209617196,-667.3125548624181,0.2562961922429176,-0.0014236220172211761,-3.565242902763952,300.63927640706675,0.001736907054334269,0.002813348272119343,2.5002418170316707,-251.57053180177277,0.26266838737640297,-0.03139877449084841,3.124178061839403,671.4699750929827,0.0007314841771883102,-0.04588827133143032,5.309266496358745,1134.3045699137379,0.3147871057755475,0.16917186661475522,3.4014830595320964,-622.1961559472294,0.01263578567063188,0.028772794460413045,0.20544927700667984,1191.6695118401358,0.2905184023544713,0.15536122656942147,2.7981573213094086,-49.12467402523415,0.028764490850298988,-0.00024103653201642988,0.3229291645424932,162.86647145550796,0.27710073361494586,0.1664168943777326,-4.383667382439667,-752.5489911597323,0.03511879182227205,0.0,-2.997329762219366,-209.74464710509332,0.26055865532501765,0.15592050664761511,2.308189369305496,368.77995328084097,0.03623589470691049,-0.012269324408968172,0.9901474731792458,301.45025299905546,0.2472912748314671,0.16298400689441828,-0.9923022079583798,-131.13584709452502,0.03158880651173303,0.005272674137842144,0.963915919343447,-60.692742424840176,0.23404359589490684,0.15395078623755187,1.4936996227053092,338.3357055831359,0.02147658021731795,0.0,-3.3178231396199114,253.28570068617174,0.23404359589490684,0.15395078623755187,1.4936996227053092,338.3357055831359,0.02147658021731795,0.0,-3.3178231396199114,253.28570068617174,0.2775428783793996,0.00878391600025025,0.2565718247847106,0.008548857594377072,0.2707166279660594,0.027636724963194064,0.23404359589490684,0.02147658021731795,34.29477742301312,152.86878243513715,153.86853496232314,87.55746002555283,98.14338959576662,104.41970142655086,59.5872445783238,151.94221620848825,171.03363023550543,33.60756175133332,171.73360277372976,158.52221028951624,156.83309535818532,161.94828986127112,37.355239965964195,0.25479795054878634,179.92463358426676,164.97333970117327,172.7958954334942,22.05133333051699,14.870776426555222,-0.5704867870780874,21.022127605102373,-98.7741954337787,-7.718041944535544,-15.32386729051541,-13.817052605593833,-2.8408962325623306,-6.38396039689477,-1.3468749680277516,0.6660762489403351,0.5694333330378905,1.0628008855303903,-0.8132579462591059,-0.13817755322179154,-0.956868002810816,1.4974286808991948,-0.9367594357708494,1.437705933332987,-1.0415071756505254,582.6580072957375,-2703.338797729495,-5016.078397607831,327.9583508063831,66.07732005545097,31.34453446070272,29.237305014380308,-169.1765042615319,237.36105376331415,-11.782822918152334,-241.4269881838753,387.61649440464515,-76.4384258414876,-273.91458627560786,215.94632881448672,249.63151818478877,-359.15809008959974,-75.81358415215534,264.64760506839247,-79.30744901142195,214.29477742301313,241.42599498787595,267.55746002555287,278.1433895957666,202.5630910223175,322.9758464439937,351.0336302355054,146.39243824866668,154.65883547493692,176.13662518542066,199.3035298272353,217.3552399659642,179.74520204945122,179.82056846518446,194.8472287640112,202.051333330517,14.870776426555189,15.441263213633189,-98.77419543377866,-7.718041944535588,-23.041909235050976,-9.224856629457145,-6.383960396894813,1.3468749680277186,0.6807987190873833,0.11136538604953712,-0.9514354994808975,-0.13817755322174735,0.9568680028108013,-0.5405606780884377,0.3961987576824118,-1.0415071756504868,582.6580072957413,3285.9968050252232,327.95835080639023,66.07732005544655,97.42185451614935,68.18454950177347,237.3610537633097,11.782822918149042,253.20981110202874,-134.40668330261641,-57.96825746112882,215.94632881449664,-249.63151818480054,109.52657190481679,185.34015605697655,-79.3074490114203
154,swing,stance,0.7738693467336684,0.2884350715249894,0.13323294307164113,8.13927641875443,1047.651254972791,0.01931982749509463,0.05791844230628944,3.24643583953822,-1039.7931714426522,0.278669666443471,0.38221049895845244,-9.449542532850243,334.88672467451084,0.011365555698953672,-0.014851993187557483,1.6520257869281945,-771.7700685488858,0.27665865035871523,0.7184978892742131,-5.6249819835965615,-5505.039608944035,0.004734193301851611,0.020675473463012857,-16.022607819368208,759.7452432182131,0.2727246601134292,0.3085418257632674,52.140459559348464,-23.56492902002552,0.0013308865424312005,0.13242321097190388,-13.176109491704379,-2622.04578884916,0.25698402450733154,0.1878164189857443,3.5266450449774545,-304.5170495366725,0.023472531518822767,-0.012625229913272085,-0.4386290537821888,381.28017868269404,0.2580776217879528,0.059761995156627855,7.670481078060227,1099.0876783639007,0.009176468577001343,-0.08755181250991528,11.591348903540839,870.4948166707566,0.24986004748304397,0.00547793180963924,-0.04234522262079009,124.38703039726622,0.006984930588929655,0.1040618734040332,-2.009149655578022,-905.5998493802924,0.25628188448395056,-0.017915793481225968,0.1416503907135064,695.3891237740331,0.0017651819113404937,0.022314710190510623,1.9344834112669071,-304.83398291767253,0.26266838737640297,0.0,3.6242638988941214,-51.138133150424096,0.0007314841771883102,0.0,9.241095363977228,-63.08838592094158,0.3157652000760422,0.16862576822191042,-3.0231865795717376,-154.45841529402836,0.012663483296621592,0.05510132783835674,7.886891397206015,216.42821281213813,0.2913917244940647,0.16708916033030774,1.1757357165678763,-109.04372613809142,0.028764490850298988,0.0030044827096166815,1.5964711032688192,279.43270460287647,0.2779660502227363,0.10667184710226281,-4.293917994672409,1338.6520279751471,0.035041007577094274,-0.02238438481304606,-2.36552405126099,369.52567888270397,0.26139783566940406,0.17101541946509638,3.1897569464289695,-515.7811125558018,0.03622424599574092,-0.0011590467613722766,1.1066905195068293,-431.9522333319691,0.248026780700164,0.14599846377894193,-1.0012958835595862,231.7155876511289,0.03168616929745495,0.009687597179331167,-0.5246310767152911,-231.87405434152873,0.23477787159914232,0.1626356337817397,1.3771565763773144,-366.0953411139517,0.02147658021731795,-0.005016572822575032,-2.7094384588719573,157.44131770162912,0.23477787159914232,0.1626356337817397,1.3771565763773144,-366.0953411139517,0.02147658021731795,-0.005016572822575032,-2.7094384588719573,157.44131770162912,0.2791220121101512,0.009187615759582778,0.25677439312773637,0.008426119354656514,0.2715542437935923,0.027642662872421443,0.23477787159914232,0.02147658021731795,39.16404815829349,146.03441390176715,147.73354666172204,40.86318091824838,94.37440130784316,100.55821907139774,54.03725889105628,150.08932915992918,170.80603232825544,33.44857028615573,171.6075675954934,159.02877192582298,157.16810591142496,161.12919271414236,37.617791566960506,0.23537956692123427,179.94490367948302,164.95635449174623,172.65111214172288,22.21225012012661,15.700099951650033,-15.535182887742264,-11.212555383871145,-75.05004431458231,-6.76918354302432,-13.522965524056072,-12.10880090697445,-5.88827881639903,-2.295069343706868,-1.5913323533171186,-0.5684477007560691,2.997808867691386,0.21513043666352777,-2.07202318180034,1.018863931518658,0.4050337730298142,-0.316570702628506,-1.3847573524486976,2.707494383985874,-1.411200101938486,112.40960744593924,-1500.7187590334029,-5176.665375098682,6882.398128525452,229.29283662699063,713.7565380973007,551.7029136279206,-433.29496986763826,824.641430964017,-33.524383930512116,-213.3601693181322,318.69968744245455,-38.975381358622734,-156.34704609648315,123.50729326130778,207.22859891921723,-383.52606201540715,172.09282803473934,40.4182762660168,-36.21364120456697,219.1640481582935,253.1296342565263,220.86318091824845,274.37440130784313,194.93262037924092,320.8953614881846,350.80603232825547,146.55142971384427,154.94386211835086,175.91509019252786,198.74698428110287,217.6177915669605,179.76462043307876,179.81971675359574,194.8633622618495,202.2122501201266,15.700099951650044,31.23528283939222,-75.05004431458225,-6.769183543024386,-20.292149067080437,-8.183348160105941,-2.2950693437069125,1.5913323533170856,2.159780054073199,-0.8380288136181869,-1.0531592502817146,1.0188639315187134,-0.40503377302988786,-0.08846307040124929,1.2962942820474483,-1.4112001019384695,112.40960744594048,1613.1283664793652,6882.398128525448,229.29283662699055,943.049374724298,391.3464610963787,824.6414309640256,33.524383930516514,246.88455324864873,-71.81513419380579,-32.83975283517865,123.50729326130006,-207.22859891921578,176.2974630961914,4.204635061456417,-36.213641204577975
155,swing,stance,0.7788944723618091,0.28925307411503176,0.19561809361184743,9.677569682981064,-447.8641533625503,0.01972051098579572,0.0506779308562873,-4.687297618088615,-931.7654964370385,0.28051292594689936,0.326967938777123,7.552813822284463,2829.096502217334,0.011321582050858647,-0.04631102681141,-3.8700910319838084,-523.9840941767844,0.2801105486143629,0.5718685876966333,-16.426199011954928,530.415977493192,0.004734193301851611,0.0,-4.272558015120967,1373.8223116747868,0.27579730812841563,0.5726142944675545,24.310467253778953,-4016.9441703476477,0.0013308865424312005,0.0,-13.176109491704379,1311.02289442458,0.2579625162455753,0.20510514086415546,-0.050589425253627335,-694.5128961919112,0.023472531518822767,-0.0018859225532307845,1.0685610823241007,7.2521814784776595,0.25861526043442734,0.15865853100347965,7.893636653906675,-1559.2190178776855,0.009163892511083904,-0.01032690891854526,7.808384103940383,-1051.1002358814794,0.24986004748304397,0.012174227964695656,0.6662814674281372,-46.123128477656905,0.007678516237901792,0.07077058551727819,-6.951736502960856,28.30028659221929,0.25611613401697564,0.0,3.4235925120504818,229.59026968572624,0.001961175498460005,0.0222553926064602,-0.563416302743946,-275.2193549521432,0.26266838737640297,0.005025988312107744,2.610226974900465,-163.57491077731743,0.0007314841771883102,0.046987058959798496,4.675212366500033,-1338.5867769848985,0.3164818371144612,0.13878808189544115,1.8491371771800458,979.6410800792215,0.0131895678599621,0.10803803463333816,2.3806071947166205,-1268.8800763471083,0.292197690397992,0.16717766593191274,1.702240475700445,157.40403142145698,0.02879468665642579,0.015803899179228052,3.131298055023676,189.30244404295073,0.27817281248029524,0.1232619396574067,9.070121843441267,1078.9158008323896,0.03489382313068365,-0.02377411106794975,0.7164961561997855,410.80159094804156,0.26227740325934024,0.18797836540569535,-2.875540405124694,-940.5091291193341,0.03622424599574092,-0.0011468066249798895,-3.351081002518955,-493.9406739901338,0.24875859607547657,0.1529207316827641,1.336497667932373,147.0757318352303,0.03168616929745495,0.0,-1.3664765866015758,12.14600574098759,0.2356781248776379,0.16779155584938424,-2.1856505392439702,-556.7773775203523,0.02142616240000564,-0.027230537275095168,-1.7354983385985063,529.8100754416314,0.2356781248776379,0.16779155584938424,-2.1856505392439702,-556.7773775203523,0.02142616240000564,-0.027230537275095168,-1.7354983385985063,529.8100754416314,0.28141846420117744,0.009276793220234295,0.2570444691112851,0.008601519988691356,0.27226107736753385,0.027702442556712174,0.2356781248776379,0.02142616240000564,43.85945786743419,137.3549117838521,131.77020387863143,38.274749962213576,92.61195880605398,97.01694114763689,52.05260717371052,148.2056100913625,169.37068268861782,32.725010711823444,170.7782394034993,161.2811725855605,156.65938703609407,160.4464064376684,38.10978382535422,0.4071089033399088,179.77585440319797,163.75571392676147,175.0652149811563,20.996107785544353,16.000521225006878,-15.653087380378684,-31.004660084331835,-29.604364996336674,-5.413591325168794,-8.150434746823915,-8.272299704810688,-7.195619547814995,1.903893180633074,-1.6838034497414427,-1.4782470607896459,3.7724452671329245,0.6710885100668436,-2.3845850427061794,1.1031017760375885,1.125831483814492,-2.357104605687829,0.7928167253823174,1.843919765152253,-1.4054633686612503,250.26048619887084,1326.8145207221592,-519.3810039590688,7863.805752642903,240.80325222847367,973.602419226432,681.0436911221133,66.40989737223298,466.9520829605615,25.877350782723216,-141.66672173347646,-38.62422839183037,190.4310499944099,43.14700953100067,-79.16446018282585,67.68178242183053,-294.5481354196291,452.6319301168021,-274.16742727093384,48.401850151932116,223.8594578674342,266.5045460835821,218.27474996221363,272.61195880605396,189.62889995369085,317.5762927799803,349.3706826886178,147.27498928817656,156.49674988467726,175.21557729911672,198.55619026302261,218.1097838253542,179.59289109666008,179.81703669346214,196.06132276670067,200.99610778554435,16.000521225006857,31.653608605385674,-29.604364996336663,-5.413591325168839,-13.564026071992664,-5.291726367181965,1.903893180633118,1.6838034497414538,3.1620505105311,-0.6103947566017804,-1.281483266668624,1.1031017760375552,-1.125831483814492,1.2312731218732924,0.4384563964910192,-1.4054633686613223,250.2604861988719,-1076.5540345232696,7863.805752642894,240.8032522284782,1214.405671454921,533.3619803328032,466.9520829605703,-25.877350782718818,115.78937095075766,154.413599342588,-36.01745065182192,-79.16446018283575,-67.68178242181881,226.86635299778828,-225.76557711901378,48.40185015192442
156,swing,stance,0.7839195979899497,0.2904010825160632,0.23049494993577285,3.638129148779031,-1109.770197611309,0.019829153433348776,0.010809923531529283,-6.118041511587835,227.36241445004543,0.28195577638092956,0.45811817556432677,18.983588142700974,-2603.067072281025,0.010900118243562615,-0.05374738044367633,-3.614146013843531,216.02738530114664,0.2824060733506412,0.553410462018384,-0.29416813944385445,1145.8446736030724,0.004734193301851611,-0.022264808095992024,-2.2153484055511967,645.5466888568917,0.2784795776457665,0.5528681298213484,11.769161364899567,1086.2984842911335,0.0013308865424312005,0.0,0.0,2001.1360095651848,0.2590453827069713,0.18730798255103448,-3.45338406247897,-354.77895510527117,0.02345357752331291,-0.0018859225532308261,-0.36574280776733764,-142.71323706409945,0.2596721798884903,0.13909502685418274,-8.00006181518291,-1377.877194635177,0.009072680547669229,-0.009075590359760343,1.0275274373952716,-656.0987061238162,0.2499824015329404,0.012174227964695925,-0.5058942525469922,-81.11630234692801,0.007696192754932454,0.03419517488181322,-1.724724664701445,646.6093478395811,0.25628188448395056,0.016492171464005154,2.4490902870524733,-218.49760135737503,0.0019888541988426073,0.01665223478604883,-0.8315402565938405,-159.7903533476392,0.2627188998217508,0.02623343693367313,1.9802949463582606,-426.8533345290182,0.0012037159255279956,0.04698705895979953,-4.212038073056987,-871.6134050736299,0.31716005517046875,0.1872100614599009,6.822452416199375,-399.6902794797406,0.013749292689921477,0.07902702828777011,-4.865672184172014,-658.1121652489792,0.2930719020411191,0.18419710480970927,2.757685781105139,-167.88147612851674,0.02892332400787917,0.03447481492091004,3.4990082293286338,-355.2450336063123,0.27920486368662983,0.19782885055393423,6.549456888065221,-1030.9283583501503,0.03480207178746664,-0.015183418419078337,1.7631351542469835,-82.27217702990369,0.2632870654724764,0.14211551589600385,-6.2625961100467915,495.46008990393597,0.036212720301017506,-0.034838252816839305,-3.85753735979102,567.8607242787132,0.2495636724758702,0.1594306011450965,0.4768521750859509,-147.3553789359729,0.03168616929745495,-0.004045835851840508,-0.40256066725812883,172.73801411066898,0.236464218894111,0.14066929670391076,-4.218595961515698,-267.11891060149935,0.021202906475859706,-0.022458767180349042,2.615285917425869,126.77335232345384,0.236464218894111,0.14066929670391076,-4.218595961515698,-267.11891060149935,0.021202906475859706,-0.022458767180349042,2.615285917425869,126.77335232345384,0.2833106274733501,0.00919858788029855,0.25754014968682065,0.008683004190057039,0.27312529629011256,0.02776274742659991,0.236464218894111,0.021202906475859706,46.59479284889597,132.4179020854652,126.74035736042653,40.91724812385735,92.49568006828186,95.58941370424378,50.26170635917099,144.7775412063606,173.04584620699407,32.20836473402274,170.76551009287536,162.0904945170132,156.68090626891123,159.5850496506343,38.66967473654321,1.203160564303073,178.72793591051757,164.1976184506396,174.85276923936982,21.018515835169943,18.21528071746784,-2.2003635840019133,-16.432464971399497,3.9831793300703344,-4.349050354798443,-3.738016587106966,-5.264140694691875,-5.220842661904223,2.397916414690755,-1.3312584761038189,-1.9922338488312157,2.609625667773491,2.129010336104842,-1.6383848950566127,0.22324121611336964,1.0852526918421843,-3.276853470664992,3.1643072718407903,-0.04795714637528233,-0.9247493466426838,23.26645829812058,1059.9762125014481,4096.921576859201,6070.416517636273,48.031798777683136,787.9085833117149,461.2819526689326,412.2129633777238,-37.55453395727605,111.83395957541323,-103.88635187327066,-188.90673613082893,194.10491119229118,172.6326016191746,-185.77838438279153,7.400139534714644,-97.79485604057346,306.1991275561911,-335.4250331537537,119.62062210342327,226.59479284889596,274.1768907634308,220.9172481238574,272.49568006828184,188.08509377252565,317.8233874133547,353.0458462069941,147.79163526597728,157.02612517310192,174.93563065608873,198.2547243871775,218.66967473654321,178.79683943569694,180.06890352517937,195.87128507453977,201.01851583516995,18.215280717467863,20.415644301469865,3.983179330070279,-4.3490503547984645,-8.087066941905299,-2.822926247213424,2.3979164146907994,1.33125847610383,3.32349232493509,0.7138666571615986,-1.415143678943243,0.22324121611332545,-1.0852526918421401,2.1916007788227634,-0.9727064930180269,-0.9247493466427446,23.26645829812058,-1036.7097542033364,6070.416517636269,48.031798777685346,835.9403820893891,374.65842942046095,-37.554533957293636,-111.83395957541434,-7.947607702143702,180.95912842867205,-13.145782763610336,-185.77838438278934,-7.400139534716125,90.39471650585737,-215.8044110503337,119.62062210342879
157,swing,stance,0.7889447236180904,0.29156960627519024,0.23218220565987724,-1.4758996397454625,-710.079918131542,0.019829153433348776,-0.010809923531529044,-2.4022482266309124,435.2893554004809,0.28511712871639,0.5177577693570289,-18.608664291092207,-4488.895260651754,0.010781407373032764,-0.08263410232742474,-1.6989615314698108,1177.7057999445094,0.28567246280550235,0.5689121239836298,-4.910172141572496,-874.0649779898465,0.0045104263863140065,-0.02226480809599153,2.2153484055511967,701.7650776702914,0.2813537717447105,0.6908973232605129,35.22803996022231,-1067.6739873838023,0.0013308865424312005,0.0,6.935810202417724,1191.1475039187583,0.25984500853252035,0.17039776335180462,-3.6162070645025204,-339.75258422669003,0.02345357752331291,-0.0055617296664702935,-0.36574280776732543,91.45392350332199,0.26001320040281106,0.07825589969511013,-5.954375352476767,427.2075541898055,0.009072680547669229,0.0,1.2144272584750098,75.21574852188061,0.2499824015329404,0.007089863617489795,-0.14895775213896398,163.6867696176403,0.008022186337216491,0.05343666928912327,-0.453150092512921,-9.26564060364019,0.25628188448395056,0.024613972734195275,1.2276367195140883,-378.1015233047231,0.002128534642038382,0.01389820409797954,-2.1693495022176785,-32.95175003405267,0.2629320400089022,0.02492845008455222,-1.679756286697631,-219.35518579951784,0.0012037159255279956,0.004655018024553149,-4.0847213528327755,385.6799597338964,0.31836334526983706,0.2073554428622678,-2.167850556284612,-1155.7628241085615,0.013983809350291435,0.059136806651710755,-4.233585420850892,351.236758496095,0.29404891758200913,0.19489310091789355,0.01498945933347271,-399.261487258526,0.029141167208394728,0.05096981103177651,-0.4390037902658314,-680.0737842249778,0.2801610421341036,0.18908562697464393,-1.2909671852032756,-1468.4269258461957,0.03474122596064266,-0.006054159768985408,-0.11035989435199568,-300.7697783873437,0.2637056999015111,0.12503770098311565,2.1039579858695485,695.3704806339041,0.03587411280160184,-0.03991602632137136,2.356061955055951,686.7946362121205,0.25036091367492475,0.15771321585448211,-0.14446091433868521,-630.8652160694343,0.03164550763060228,-0.004045835851840419,0.3695838567216998,-11.251135018708547,0.23709188665355657,0.12539360648741818,-4.870262706093162,116.94841751831584,0.021200446146936808,-0.00094625669795122,-0.4613942951467315,-578.9254278969356,0.23709188665355657,0.12539360648741818,-4.870262706093162,116.94841751831584,0.021200446146936808,-0.00094625669795122,-0.4613942951467315,-578.9254278969356,0.2859282423854483,0.009112968433781687,0.25781090699222486,0.008776138995153001,0.2739553008693237,0.027764378183078295,0.23709188665355657,0.021200446146936808,54.50510819579936,139.44441455560414,121.30083477407246,36.361528414267696,90.67007259590662,95.30854160205288,49.07230887042102,144.82349267245974,172.0828126550788,31.938978423071738,170.02197230667346,161.9774281682,158.47960774361022,159.37303617592224,38.20897718252238,1.2319031581575526,177.06967735996304,167.1016753088665,173.77962990280142,20.81711427021147,16.23435497674678,-5.000060119057788,10.17043114038303,31.4048462361876,-4.930859679161937,-0.23175551756058965,-3.63630018049989,-3.0527756947726186,1.5264606785499042,-0.5598440570237417,-2.522330999214458,1.8738851050140743,2.6218916376275243,-0.649584021407973,-0.7640176649954592,1.2002047454699143,-3.339967480467444,3.8701948917761433,-1.5271860956894328,-0.2032460610891785,-697.2749699801313,-1513.6295179981425,3686.6339124693636,4502.988460487367,-88.1931600714427,530.2790765585489,380.92798997608526,300.83333901844367,-239.6754125074381,108.17438826806227,-125.36835096497474,39.134638220129375,-54.98502249222441,105.30785209552297,-72.26350512653197,123.7104312281852,-70.56817882710618,-50.765560452261795,-97.73065938897444,95.35396744015154,234.50510819579932,275.0606936401952,216.36152841426775,270.6700725959066,185.9786141979595,316.9063053275386,352.0828126550788,148.06102157692825,158.0390492702548,176.06162110205483,197.5820133584446,218.20897718252237,178.76809684184244,181.69841948187937,194.59674417301287,200.81711427021148,16.234354976746758,21.23441509580459,31.404846236187574,-4.930859679161959,-5.162615196722571,-1.5263150162226258,1.5264606785497716,0.5598440570237417,3.0821750562381998,1.2082899512240368,-1.413601686403399,-0.7640176649954702,-1.2002047454699292,2.139762734997471,-1.7304321567786278,-0.20324606108919507,-697.2749699801356,816.3545480180028,4502.988460487375,-88.19316007143837,442.0859164870931,61.15792651099678,-239.6754125074425,-108.17438826806337,17.19396269690257,-21.940675523231185,33.04434696899319,-72.26350512652537,-123.7104312281881,-53.142252401077535,-2.3766919488113576,95.35396744015868
158,swing,stance,0.7939698492462312,0.2927345720201826,0.21566178772727568,-3.4983524404827278,131.4714236153989,0.01972051098579572,-0.013333274726067932,-1.743274120628209,50.727984069414426,0.2871593720528595,0.27109642389505756,-26.130937089980172,1427.0764412207348,0.010069624752834724,-0.07082237070970465,8.222093181578726,900.845848668168,0.28812378313942144,0.5040619982839868,-9.078740782557928,-1724.2853798588087,0.0045104263863140065,0.0,4.837566947919099,40.4835786132668,0.28542326933682693,0.9069187826879058,1.0387695318964811,-9422.448054577788,0.0013308865424312005,0.06970663520017843,11.971331697676014,-572.9316583716181,0.26075792304216533,0.15096419295804417,-6.867982898928131,-239.56434961108263,0.02339768074274537,-0.0055617296664702935,0.5533921018137918,201.17812425323478,0.2604586713427125,0.07925205848758181,-3.7065185569938923,59.47161675168297,0.009072680547669229,0.003129708720390562,1.7834646084694519,3.37440834860522,0.25005365644366895,0.010677165129128441,1.1391989094393495,329.4429277805094,0.008233244707586962,0.029640902595251182,-1.8178466808184321,350.7427152847882,0.2565292610943445,0.02883022894655886,-1.3509250225427503,-206.65920742725046,0.002128534642038382,-0.005150272773927938,-1.1627136237702507,356.3822651491821,0.2629694370085302,0.009351464203043601,-0.22427978529519432,243.29297762070541,0.0012505000262772736,0.005934583051932259,-0.3358575732188154,347.67591874696757,0.31924402947059205,0.16542261868317104,-4.793254358761095,247.87919007235766,0.014343632455265307,0.036478431093288605,-1.3356545108444107,896.3808166268033,0.29503062667345975,0.18434775264220649,-1.254992482799662,62.82738196044769,0.02943558341523371,0.03006271652627855,-3.335904174942529,1.5567021939842343,0.2811052217466765,0.18485430597902688,-8.208602668178017,-688.2860874158989,0.03474122596064266,-0.01629256308593257,-1.2596766888419113,95.64863001402905,0.2645437257838645,0.16326082228665267,0.7260519365251393,-585.8979622745978,0.03581155420733538,-0.011159238193161301,3.0449212956072063,-342.22280028305954,0.2511487299216439,0.15797873265928056,-5.863501755260149,-797.1247390135437,0.03164550763060228,-0.0003314252315219007,-0.5156374011144966,-300.769778387286,0.23772445614524085,0.09172193282357727,-3.0432349814321165,908.9835792989395,0.021193396358292357,-0.027095895774788575,-3.2030600915885836,162.90375773556318,0.23772445614524085,0.09172193282357727,-3.0432349814321165,908.9835792989395,0.021193396358292357,-0.027095895774788575,-3.2030600915885836,162.90375773556318,0.2883602491373226,0.008907862166843913,0.25815378978628434,0.008816528133263443,0.27479946495691293,0.027861816671228622,0.23772445614524085,0.021193396358292357,59.985494546217346,140.1437589664697,129.81565275549502,49.65738833524269,88.80325545106132,95.80915406850576,47.92369655407731,144.4523837638887,172.23632920160114,31.934838993346684,168.92222892323994,162.84067323380947,159.02577385110084,159.37223514559523,37.90424985290784,1.2853712100262367,176.9902805030628,167.07676853956164,173.8538507250588,20.79372902229049,11.207492074451416,-17.41272054880743,20.619132138845522,49.23934476210437,-5.235413772601891,1.5914213682553575,-1.4357186848819563,-2.197392018502766,-0.010881700961899507,-0.24407869451524872,-3.252217275614887,3.0029386147094663,1.5763970447256996,-0.5800145222372818,-0.5030251670678593,2.3285736087083726,-3.98608139857561,2.6541006341296143,-1.0301748286765373,0.03358198441411977,-1291.140690969224,-1999.6008878301282,952.0726099659386,1660.5328068268407,31.228682448476498,183.22622708562898,405.855899599005,-37.087940919039795,-154.31304914585868,2.123652762499719,-54.17810116900402,176.43784099032143,-191.3606637153578,-54.48976771593661,121.46703884748058,237.39515409716995,-133.50153292233392,-269.23672554647635,115.58272737185551,49.760376999784484,239.98549454621735,279.84173557974765,229.65738833524276,268.8032554510613,184.61240951956708,316.68871296548986,352.23632920160117,148.0651610066533,159.1429320834134,176.30225884960393,197.2764849985031,217.90424985290784,178.71462878997377,181.72434828691095,194.6475797473493,200.79372902229048,11.207492074451395,28.620212623258872,49.239344762104395,-5.235413772601869,-3.6439924043465557,-2.2082737194647097,-0.010881700961899507,0.24407869451524872,3.4962959701300913,0.4933573554205807,-1.083039689305119,-0.5030251670678372,-2.3285736087083575,1.657507789867208,-0.9965928442623623,0.033581984414130815,-1291.1406909692153,708.4601968608996,1660.5328068268473,31.228682448478708,214.45490953410544,-191.40099006491164,-154.3130491458411,-2.123652762499719,52.05444840650429,-124.38339258380832,66.97727113154066,121.46703884748166,-237.39515409716262,-103.89362117482426,165.3431043716345,49.76037699979217
159,swing,stance,0.7989949748743719,0.2937370614282282,0.19702288465000042,-0.15457879938968905,464.1023283440838,0.019695150672282766,-0.028330266452415643,-1.8924192410086547,343.10834943529983,0.2878417158912147,0.2551352860406441,-4.266187494903857,653.4234155270647,0.010069624752834724,0.0,7.354765590823373,-595.5364656792798,0.2907384125369997,0.4776684980282733,-22.239673446686226,-1580.7145583525632,0.0045104263863140065,0.026353955199678005,2.6222185423679503,-620.4250576427555,0.29046853337976486,0.7013372180534424,-59.46993043754481,-753.0523559410367,0.0020314557404229466,0.1203148914339303,1.177703083104954,-1899.391072755552,0.26136223660245045,0.10137280959373265,-6.023888970141552,838.6243687594464,0.02339768074274537,0.0,1.6561478882450933,75.62589760293085,0.2608097035031888,0.04100445691125175,-5.356670661505076,591.1739709082481,0.00910413490666813,0.017924267421803614,1.248340910219786,-332.2487203576074,0.25008970972519295,0.018539098888237075,3.1620264466601404,391.80423123946576,0.00832008485576173,0.03516685340150076,3.071902322409589,441.6280230166502,0.2565716355286396,0.011036836829242953,-0.8493402395537646,402.37489164667295,0.0020767731066220207,0.00221264003998702,1.4123818058143178,110.43264007174196,0.2630260245737569,0.02267438189063066,0.7653992672793182,-202.1662106758425,0.0012633599763011844,0.0012795650273791106,-0.5904910136672572,20.749814872962055,0.32002588415107497,0.15918203222145258,0.3233975851461287,473.79676116875095,0.014350426748213935,0.04571314322613873,4.77526700755923,205.24232878356955,0.2959016588145941,0.18228011114101247,0.6464204338103366,205.2796150637554,0.029443305062930192,0.017443135906725818,-0.4233585420850853,341.0296393200082,0.28201887435499834,0.10658710769647255,-8.208415299935957,1464.9406586574173,0.034577481608020225,-0.018714226993527285,0.8509328696080994,310.6133563324365,0.2653465121857991,0.132334705370303,-3.78446374553347,185.48060033329241,0.03576195965393188,-0.009313802244916897,-1.0833631734170242,-447.4446827114899,0.25194863963129943,0.09878354997247031,-8.155764824022576,1075.2058159630808,0.031642176723752816,-0.009228121290177091,-2.653227986366615,-115.27053491405759,0.2380137151241453,0.0948083302921204,4.265250653695214,815.5441613805813,0.020928125586386168,-0.033137815407384356,1.1758294006880814,562.2771038344445,0.2380137151241453,0.0948083302921204,4.265250653695214,815.5441613805813,0.020928125586386168,-0.033137815407384356,1.1758294006880814,562.2771038344445,0.2906964308090519,0.00907666438796361,0.2583718619866457,0.008832406717619687,0.27554254737698525,0.027783912563872536,0.2380137151241453,0.020928125586386168,58.51378199779518,120.99139634605282,146.26443954403658,83.78682519577893,87.78626938345906,96.39684059136206,48.1088686355287,143.25706412346497,172.81717721582743,32.031399719244966,168.2641661774562,163.76815088815334,158.8438659416442,159.5370574392156,37.555359834285674,2.3982650857674868,175.74367944859057,167.5623678536745,173.42590280760598,20.86978480436145,3.2580666252972357,-25.09655145403404,19.739000084764363,48.093618164095616,-4.617003574152122,1.6097141013904634,0.4426535843142482,-3.4255188195870905,-0.024424237488883123,-0.5385008131795234,-3.066834528551184,3.647129738082639,0.6986688867193974,-1.1972198778495493,0.45675659477822017,3.5860856911701253,-4.68169142943563,1.164298152615565,-0.36555064471600546,0.29685823036594405,-1465.6641652748367,-781.0574115400369,-266.45331001230676,1438.7183163798682,105.41827067611842,-122.9982944428416,288.16271115766284,-226.0794712256276,-79.66326369875395,-50.07014502113211,85.74119288617993,-39.6410316191614,-56.429722844376414,-43.89303048132458,104.29273707983104,118.78858355962474,-15.918229119768174,-260.68030949273157,149.12408977145606,8.68586528143751,238.5137819977952,297.52238565174235,263.786825195779,267.78626938345906,184.18310997482112,316.07424133929237,352.81717721582737,147.96860028075503,159.70443410329884,175.93628321514547,197.0924172735013,217.55535983428567,177.6017349142325,181.8580554656419,194.29568761196742,200.86978480436144,3.258066625297302,28.35461807933125,48.09361816409566,-4.617003574152122,-3.007289472761703,-3.4499430570760174,-0.024424237488838936,0.5385008131795234,3.6053353417307075,-0.04179439635193165,-0.740463283071329,0.45675659477822017,-3.5860856911700663,1.0956057382655644,-0.06869241435013322,0.29685823036600484,-1465.6641652748367,-684.6067537348088,1438.718316379866,105.41827067612505,-17.580023766729735,-305.7427349243728,-79.66326369875395,50.0701450211343,-35.67104786504564,3.969983754120162,60.39970659850098,104.29273707982995,-118.78858355962929,-102.87035443984793,157.80995505287927,8.685865281440806
160,swing,stance,0.8040201005025126,0.29471470151415247,0.21410823195451498,1.165992568000547,-575.4764469880787,0.01943578468979154,-0.032352563580426354,1.7050509993245684,434.6275239287753,0.28972354578191123,0.22822016766486786,-19.563867587195574,-1221.703610456697,0.010069624752834724,0.003094871409123533,2.23680206922413,-531.888785556933,0.29292447156181617,0.2805476922871393,-24.965319258463154,2351.7761875796627,0.0047752902576675554,0.026353955199678005,-1.3978607670834968,-399.99789129042307,0.2924718845936455,0.3092310395970006,-6.529595854445629,10499.182608024841,0.002540081431214425,0.08154284709068053,-7.118025817455245,-747.8322767278113,0.2617767452491375,0.09042259526817906,1.5604027167447336,516.5268381576913,0.02339768074274537,0.011082972727952826,1.31345137420506,-84.25767144493125,0.26087077643729795,0.02541617244230443,2.2349283868076224,1078.132788950521,0.009252823938843135,0.015675848521594496,-1.555718510702496,-4.726036002031325,0.2502399790455608,0.042456325397069686,5.076929876670178,-189.84309510437393,0.00858668042016486,0.06051429277022206,2.6206259123137507,-311.2192583839345,0.25664018407755296,0.020294146136973248,2.693043737725337,224.6871238532126,0.0021507722303799603,0.009044519244306473,-0.052837844154748716,23.89118397092321,0.2631973202436119,0.01704391915057447,-2.256100998117741,-493.1296973980458,0.0012633599763011844,0.0,-0.12731672022422094,33.12885986451768,0.32084384888990314,0.1686728456695643,-0.03147786460277295,513.2083592293934,0.014803061030402381,0.08447106433509012,0.7270824618547899,-1046.299627319258,0.29686258758944983,0.19084444041919482,0.808119226383818,-147.74688487694394,0.02961089131379377,0.02580785680683044,0.0915293860625928,-122.00070847123997,0.2821764489597064,0.10235766979876565,6.514419026871467,1405.4317556254614,0.03455314327729063,-0.007740473944142589,1.8620655858559567,44.62235570382696,0.265873722822762,0.1252260107737533,2.590178573040649,343.1083494351789,0.03571794815462265,-0.02204731028780481,-1.4520101889304002,264.30379645426433,0.25214152941885465,0.0760112469907116,4.942586847383924,1729.3376708118114,0.03155276269301256,-0.026997033134704078,-1.6741352394467388,426.387256027756,0.23867730368586518,0.13458877356423288,5.153188751036072,-312.0302349760349,0.02086035298736387,-0.01527851486335052,2.4479660776018375,34.26609140742442,0.23867730368586518,0.13458877356423288,5.153188751036072,-312.0302349760349,0.02086035298736387,-0.01527851486335052,2.4479660776018375,34.26609140742442,0.29245865086288136,0.009205195282877061,0.2585450010106322,0.008930263461686901,0.27609590689442354,0.027849693242747647,0.23867730368586518,0.02086035298736387,61.9471842165199,120.79025505017052,137.39652893554006,78.55345810188948,86.33524871264638,97.2503125388934,48.74492685903386,142.5479510037189,172.292683388787,31.694294822830813,166.90507529890868,165.48738110639806,159.03989121157107,158.41904695476325,38.454310605528114,4.059435020548553,173.16793459774973,168.3219137873981,173.42685804781823,21.02385854648538,-3.5228010438887156,-25.262543780365625,17.941209425153986,63.69882532873628,-4.175933665304214,0.355257605010713,1.4603889649438135,-4.469547508207576,-0.8115175170297819,-0.7472962324160761,-2.3904967440954867,2.6045362868786968,1.0092641518173915,-1.0211505069742142,0.5451430447897437,3.522428719860385,-4.146063600784336,0.03419802616245134,0.46855974189086663,0.12087711287077854,-1069.30950905556,14.03536163987711,-36.92703412503802,3819.3683633827236,180.6987173504235,-303.7891372970366,89.23923214507668,71.73503023321854,-284.0646823248984,-49.75641708475357,205.03881375415708,-262.5477489653191,16.128123294202545,157.4528336666356,-66.3156046649236,-140.85545351197692,298.8451664805509,-214.26195115767564,118.07762425074297,-61.80538606164707,241.94718421651987,301.1569291663494,258.55345810188953,266.3352487126464,183.5855612515398,314.8406343925059,352.292683388787,148.3057051771692,161.4006298782605,175.91324877186244,196.87335756029137,218.45431060552812,175.94056497945144,182.77263038170173,194.4507165943036,201.02385854648537,-3.522801043888738,21.739742736476845,63.69882532873628,-4.175933665304125,-3.820676060293589,-5.281065025237314,-0.8115175170297819,0.7472962324160982,3.1377929765115407,0.5332566896328438,-0.47600746218450357,0.5451430447897548,-3.522428719860416,0.6236348809240082,0.5894368547615568,0.12087711287082273,-1069.3095090555732,-1083.3448706954368,3819.3683633827236,180.69871735043006,-123.09041994660423,-212.32965209167546,-284.0646823249028,49.756417084752464,-155.282396669409,107.26535229591452,91.13722900171197,-66.3156046649236,140.85545351196956,-157.98971296858141,56.27223818911185,-61.80538606165312
161,swing,stance,0.8090452261306532,0.29588890295540926,0.20874140292136276,-5.938261683692013,-996.5690512425691,0.01936999927951466,-0.011194075504429959,2.4756965773710156,-86.7744953513595,0.2901353859179973,0.05851350124470785,-16.54461574069986,2966.5337306478923,0.010100728988102298,0.02248042280627276,2.0091496555777915,-406.495025597069,0.2935579873338554,0.2267607667874365,1.3962681370290833,3854.282773432742,0.0047752902576675554,0.01230510326919054,-1.3978607670835548,657.8698044282744,0.29357638302395583,0.6357131391142901,46.04949275868519,-1643.840230553927,0.002850981841836825,0.048776943519806916,-6.338199195566548,1596.4493685527334,0.2622710064041407,0.1170552489580014,-0.8326644660441296,-197.4867825238027,0.02350906740332781,0.013200516323669002,0.8093371199543233,141.6598996513955,0.2610651424222069,0.06346604873846413,5.478834755083123,-10.365585866555355,0.009261681122965562,0.002288905505195545,1.2008430609531393,406.99839037830856,0.25051640646285195,0.06956351975929435,1.2540556415910473,-688.0623697352986,0.008928268702698638,0.061504802268975756,-0.055929420142530537,-445.14225491562956,0.25677559679634787,0.038102603037537916,1.4088218092222509,-433.4716492459453,0.0021676727975195736,0.0016816064303915531,1.65249420753214,357.4169594217862,0.2631973202436119,0.0,-4.190678093505083,-153.6381171319276,0.0012633599763011844,0.0,-0.2575376481947163,-198.959590587579,0.3217210886301661,0.1588656717731835,5.481270542225482,907.6226300754853,0.015199382168667105,0.05302050465181504,-5.740307136352955,-367.6520433079221,0.29781969339167147,0.19040191241120163,-0.83847288153584,-251.14173958079084,0.02970268050822497,0.01836302923398806,-1.6494963156653917,-181.68672133350674,0.2830475946544834,0.1720586557052313,5.916526967656679,-711.3476516549295,0.03449968790003889,0.0,1.2993987560787241,-180.512203510522,0.2666050650578971,0.15836665082799808,-0.3361386255819087,-545.4237052315625,0.03554037864601424,-0.02390686947034812,1.5729563889374027,381.1589982723945,0.25271257176185935,0.14845778964467077,9.22451327458867,-323.5703386656544,0.031370849757574884,-0.026053601083611728,1.6320710691887403,305.71021049988855,0.2393663661147406,0.1465991720110761,1.1292683926295237,-567.0683908267172,0.020774572673186664,-0.008535141260632114,1.5202122289034037,103.51603511408452,0.2393663661147406,0.1465991720110761,1.1292683926295237,-567.0683908267172,0.020774572673186664,-0.008535141260632114,1.5202122289034037,103.51603511408452,0.2932896648078045,0.009274250091780335,0.25876509446583185,0.009026010000562554,0.27687872993513635,0.02784792527561779,0.2393663661147406,0.020774572673186664,58.17176426424946,115.44335127645414,147.81929718695335,90.5477101747487,85.16215514952552,96.64818185223916,49.01576747503867,140.81030419629857,171.9842653304274,31.249256547571036,166.74113573147775,165.63117681808743,159.67244852845025,158.25801393007245,38.44796844434108,4.652841611242386,172.8043501027867,167.86786785720352,173.57512984213702,21.099810586630383,-7.488762611442108,-24.9554925430805,19.367874113658452,86.47922985638446,-2.8009360630925815,-1.4434430573737365,1.3395302892898973,-2.704563741866298,-2.879345667889884,-1.0385653064936318,-1.0061429330320086,1.0084588942100738,0.8607605781184187,0.38522066151362927,-0.20973189431649225,2.1704529925572857,-1.678222419580834,-0.9890882911801797,0.8211591467487532,-0.3243014285450845,-283.20963889530594,-319.288859716694,150.82069618096497,2539.9154200579574,227.37166994995152,-179.51257081090822,-16.143316894370003,605.5839335986465,-541.5815175652223,-53.33565836363344,289.14400459599625,-265.36045942262075,-109.02978481543492,353.26838443822044,-214.68648643253408,-318.5943975095292,522.806977278813,-145.64341079141388,81.83011241160673,-140.3992813895014,238.17176426424948,302.7284129877953,270.5477101747488,265.1621551495255,181.81033700176465,312.794569526726,351.9842653304274,148.75074345242896,162.0096077209512,176.3784309028638,196.70598237441354,218.4479684443411,175.3471583887576,182.54280828597086,194.67494042876737,201.09981058663038,-7.488762611442174,17.46672993163837,86.4792298563845,-2.8009360630925153,-4.244379120466274,-5.583909409756182,-2.879345667889884,1.0385653064936207,2.044708239525585,1.0362493453155557,0.17548876719713702,-0.20973189431649225,-2.170452992557301,-0.4922305729764668,0.4968577182037572,-0.3243014285450845,-283.20963889529605,36.07922082139799,2539.9154200579574,227.37166994992947,47.859099139052056,64.00241603341986,-541.581517565231,53.33565836362906,-235.80834623235836,29.552113190266827,138.58189800569735,-214.68648643253627,318.59439750953527,-204.21257976929536,-58.56916897788147,-140.3992813895058
162,swing,stance,0.8140703517587939,0.2968126050611008,0.15442721000786264,-8.849776791221075,270.9034680311109,0.019323281418390237,-0.007471190943532167,0.8329455184063979,-172.36515130971128,0.29031162117130527,0.0619426225322089,10.250541766049043,2960.3628512922364,0.0102955586503852,0.023287330259151227,-1.8485750724548833,-430.46078212814933,0.2952034742430969,0.2945805378854213,13.771191027292359,1103.3942437149783,0.004898959637257408,0.012305103269190267,5.213896061341254,1678.5817220322413,0.29886096136866336,0.7720400120460897,-23.050603196695857,-9425.542815825851,0.003030301969101923,0.01784235266287717,8.926691454431237,2318.7498649854033,0.262953179912032,0.0820541081722583,-0.42438906741405236,1172.3179324708128,0.023530349248510884,0.019217014134528795,2.7371689586411705,230.77410907871078,0.2615086261733629,0.08047983832253584,2.1307516444301835,-459.870335553224,0.009275828014272236,0.02774462300353538,2.5347175735015375,-58.40895776903673,0.25093910989741297,0.05505989968441667,-1.8382698191618463,-276.2726923648021,0.009204819136435963,0.05995218804517151,-1.8531655943759144,-220.19412710175683,0.25702312481159856,0.03445315929498557,-1.6634552496710204,-207.1252859283927,0.0021676727975195736,0.025652501229553815,3.5392924012902753,-303.54760625435847,0.2631973202436119,-0.02507344862334521,-3.800202677835579,535.3191233256581,0.0012633599763011844,-0.002588318072308661,-2.1269105954762355,-285.99508989960407,0.32244048880722154,0.22376099182258324,9.090357613542647,-1014.1122460272575,0.01533593042388795,0.02677953532651874,-2.967912948275015,429.37015843538467,0.29877617464885886,0.1824175772881815,-1.7159183573426782,-139.56254639612305,0.029795444371421786,0.009230004388083081,-1.734467813269101,140.2430210077876,0.28390568168036195,0.16182025238827896,-0.6348036028261895,-266.03760847865965,0.03455314327729063,0.0053188100365478734,0.047872585750240254,-132.21714921729335,0.26746534745419914,0.12184773312971409,-2.8914667056684245,705.8852116209323,0.03547767810969453,-0.0062387033638110915,2.3787335122996276,-75.225070091915,0.25363356750573574,0.16871992311722925,1.6906236447140888,-777.6240145238438,0.03129091745599134,-0.010594308821249693,1.3983291876877648,-150.16117151308666,0.24015066219853928,0.14593820464593643,-0.5459910562675173,42.15213964754968,0.020774572673186664,0.0,3.488328239552417,193.44122113349215,0.24015066219853928,0.14593820464593643,-0.5459910562675173,42.15213964754968,0.020774572673186664,0.0,3.488328239552417,193.44122113349215,0.29529716546104157,0.009387025418783692,0.2591242722076037,0.009088405834607969,0.2777286537158194,0.02787128105191215,0.24015066219853928,0.020774572673186664,54.241834936674486,102.05048328090987,159.25443067303036,152.93692098273425,84.2133985930794,96.17152420683585,49.53963562829878,139.1779514733614,171.66733569825507,31.42601974803159,166.3156500915369,165.47701223332732,159.94070612800294,158.88722998245896,37.95338181664229,5.115828833807731,172.76723962019048,166.83034600035782,174.51406577073126,20.772519774912674,-6.369129072987217,-28.47147704384993,19.45699531641994,89.22561347002183,-1.890791253746953,-1.4488888352998903,1.2981445740456254,1.6167231812259484,-6.254547844318351,-1.2833329998897696,0.5154731513416098,-0.062403003800861785,-0.08651257999600544,2.5292855175304507,-1.6125100851854346,0.32047497604607844,1.1082778794046466,-1.4295548461130392,1.2909729319572514,-1.2901709412950395,734.655631539254,-144.95245846397532,-19.26960096177956,-4276.14816418231,-18.757667375970946,283.4976800414556,30.842940834793612,844.2503229170912,-610.3532510864077,-24.405785652835768,219.69737965837058,-131.27092918222107,-160.1437684855326,300.1787553602901,-204.05565169807235,-316.5268971708818,422.4858561347326,-35.409066704816425,136.12584482496734,-206.67573708399254,234.24183493667448,312.1913516557646,332.93692098273436,264.21339859307943,180.38492279991524,310.84528717161646,351.6673356982551,148.5739802519684,162.2583301604315,176.78131792710417,196.84061179910125,217.9533818166423,174.88417116619226,182.11693154600178,195.28658554564396,200.77251977491267,-6.36912907298714,22.10234797086275,89.22561347002183,-1.8907912537470855,-3.339680089046843,-4.6378246630924025,-6.25454784431844,1.2833329998897476,0.767859848548182,0.830262852349088,0.9167754323450934,-1.6125100851854457,-0.3204749760460481,-1.4287528554507831,0.0008019906622560545,-1.2901709412950395,734.6556315392672,879.6080900032339,-4276.148164182323,-18.75766737597974,264.7400126654825,233.8970718306878,-610.3532510863989,24.405785652840166,-195.291594005526,-64.02066482330935,96.12310366221446,-204.05565169807562,316.5268971708789,-105.95895896384934,-70.54989225903293,-206.67573708399587
163,swing,stance,0.8190954773869347,0.2974409352167948,0.11979892260758272,-3.215613763781339,1150.78510571596,0.019294911933348508,-0.0028227637616520546,0.7433834988814474,21.58875617506629,0.290757924837919,0.16153402150650772,13.207774724548875,-861.4435721775301,0.010334772508294773,0.0039017788620024957,-2.317089360785537,-20.004089271000975,0.29651859575481443,0.36516469670997337,12.485657521099265,-857.1742931067165,0.004898959637257408,0.06470606870980639,15.472307293542059,8.184338480916216,0.3013355791249216,0.4040487853786523,-48.67958076720318,2042.2627765102054,0.003030301969101923,0.13849243552414134,16.965819548005445,-1378.128877025755,0.263095670807882,0.11279003220007121,10.94942530753193,583.8285737293438,0.023702203223775337,0.040709752088907016,3.128674899639869,-407.57632771977785,0.2618739850184133,0.08488063812972235,0.8570223374627618,-348.3843580686618,0.009540521555161899,0.02776345398259804,0.6138183597567877,204.80421499248183,0.251069772288826,0.051088446199878734,-1.5225543319245638,399.42927551891535,0.009530803255916445,0.04288002242600166,-2.2689357226727593,192.31331116060755,0.25712185970383516,0.02138445982476377,-0.6728393558872324,220.67884874297178,0.0024254868802286583,0.03725238433280653,-1.3982355035669534,-720.9675119192456,0.26294532578508584,-0.03819299173704116,1.1894135982100962,756.2403328892769,0.0012373467293433082,-0.021375985884183362,-3.1318601597485385,169.69918228291252,0.3239699428193378,0.25022604979873814,-4.710812332420366,-1846.1183000697642,0.015468523227225084,0.02319223381488009,-1.4250291621279652,125.31918739969649,0.29965303587697983,0.17315650178464198,-2.241111538783314,-114.58073873228125,0.029795444371421786,0.0009311919147005383,-0.24001871759716836,265.09612990630995,0.2846739288493405,0.1656787199984354,3.2427821588259174,441.97292110761424,0.03455314327729063,0.00048113151507779355,-0.029416813944330496,56.376855503838605,0.26782966539085906,0.129306683936858,6.758185109301864,670.295457270027,0.03547767810969453,0.0,0.8169255337422738,-115.93236638576846,0.254408249381128,0.16544898205385766,1.4091965457057842,-70.19142227893803,0.031264374292034686,-0.01200004140835775,0.12291356654464683,72.32606181454487,0.24083308173932289,0.14111182471190506,1.552907987077261,181.56554092322162,0.020774572673186664,0.026523434011251627,3.464345104616901,-137.49315785074768,0.24083308173932289,0.14111182471190506,1.552907987077261,181.56554092322162,0.020774572673186664,0.026523434011251627,3.464345104616901,-137.49315785074768,0.29651325873361245,0.009389736512000653,0.25922132272080844,0.00928727232888513,0.278561317342828,0.027888955991808895,0.24083308173932289,0.020774572673186664,53.28221193861564,96.62028173173499,157.86475222423343,158.7971779826472,85.06947181153288,94.98206525040537,49.62821309559791,141.95490020156984,168.46842376477045,30.505541865075493,167.1154684607181,165.52064353360595,159.43002434071258,159.73434731863452,37.69397448125335,5.091352562108402,173.2452268364147,167.34527479698323,173.75725649425885,20.56088931023476,-0.1052889276304768,-26.412301170859152,19.174209782384285,43.502866397265585,-2.989455333202843,1.4057798576157798,1.6495095941621962,5.780364126647218,-9.013549196396522,-1.2838495844115803,1.201870932881273,-0.31084692671677683,-0.748724532288951,3.4020925746823867,-2.260542464146374,-1.0107218533812385,2.5678665867984067,-1.3449583083140146,2.189258089713255,-2.4014445148163754,1023.6561379364657,576.9271716444956,432.7072213720198,-8802.99796372163,-341.22298583114645,709.304192545528,319.3794225909031,309.12182580164443,-260.4200416781725,40.74224066222171,80.87623870400068,-43.57497945739906,-70.48094960123592,98.40346758918948,-105.96601789677689,-260.07092855250943,247.6547253609232,36.454176446791664,122.03767531221987,-146.07564856741118,233.28221193861563,316.6619302068807,338.79717798264727,265.0694718115328,180.05153706193823,310.4233239663403,348.4684237647704,149.4944581349245,162.37898967420642,176.85834614060047,197.4283217998879,217.69397448125335,174.9086474378916,181.6634206014769,194.31814580449364,200.56088931023476,-0.10528892763041052,26.307012243228698,43.50286639726549,-2.9894553332028653,-1.5836754755870412,-3.2331850697492595,-9.013549196396433,1.2838495844116133,0.08197865153034053,0.39282557824711734,1.14155011053598,-2.2605424641464067,1.0107218533811944,-1.5571447334171684,-0.21218642510310956,-2.4014445148164087,1023.6561379364571,446.7289662919568,-8802.99796372163,-341.22298583112007,368.08120671438604,48.70178412347633,-260.4200416781681,-40.74224066222062,-121.6184793662257,-78.04349990883544,-7.562550307599501,-105.96601789678016,260.0709285525049,12.416203191594873,-24.037973255196775,-146.07564856741666
164,swing,stance,0.8241206030150754,0.2980166143335388,0.12210948373870331,2.7159026632107364,497.62269414953346,0.019294911933348508,0.0,1.0499179422764118,211.74878466019587,0.29193507867388324,0.19468407705028862,1.59281742255624,-1211.7854599514128,0.010334772508294773,0.0,-2.049621195781527,-10.598625117045847,0.29887347119495594,0.42006453307234914,5.156374011144417,-1489.6428192202613,0.0055492718855971734,0.167805679083684,5.296150719440915,-2758.616111267558,0.30292175318151415,0.28279799428525165,-2.525349161417319,6951.113409873347,0.004422185743213902,0.1883531018890633,-4.9238500232146,-2398.1137121678275,0.2640867480748468,0.192098583624841,5.443234789162292,-1556.8140528116746,0.02393949248558533,0.05066098297513063,-1.3590755410551074,-812.8595492136983,0.2623616979133601,0.08909312814628223,-1.3705986879181915,59.80719327254525,0.009554857702539554,0.033913651744809654,4.593051392521464,60.226663923661064,0.25145256161801477,0.03975784609723506,2.176094758917723,1095.2844777942587,0.009635774135692263,0.03714881394795775,0.07963150271562706,164.31131480917398,0.2572380440058173,0.02769095471320431,0.5544226271427761,-4.2506359308516,0.002542068619959842,0.011599883103252715,-3.7066122411142337,-219.44840149986075,0.2628134710804256,-0.013119543113695951,3.800202677835579,102.05254862039101,0.001048525947314416,-0.03406429957731923,-0.42139117554745914,546.5516152043122,0.32495532347856565,0.1764161442605693,-9.463595150977678,65.58656668740839,0.015569018200921922,0.012457634199604455,-1.7084236276750449,53.73885118710491,0.30051644099845326,0.15989384323005765,-2.8674835707324444,-98.9764305123311,0.029804803084132345,0.006817755970021077,0.9298148993571418,13.618813804721555,0.28557079444416533,0.19441102785386621,3.8071353027779926,-820.1863032524435,0.03455797876990448,0.005023163665248068,0.614474148602892,114.44091518195016,0.26876491211688114,0.18976919151465774,3.845171055839413,-1120.8628659395094,0.03547767810969453,0.00197160350797059,1.2135841013873767,165.0943266912031,0.255296371345473,0.18288270247105629,0.98518221477501,-293.387094928477,0.031170314024751566,-0.009358996594670323,2.1252242813012843,206.71513684737454,0.24156887149212627,0.16154532009394917,1.2787882494935119,-557.4671737021408,0.021041139849179144,0.0348175387398685,2.1064874571328365,-299.33425660363224,0.24156887149212627,0.16154532009394917,1.2787882494935119,-557.4671737021408,0.021041139849179144,0.0348175387398685,2.1064874571328365,-299.33425660363224,0.29793672934597304,0.009900285517613589,0.25959050453849286,0.00934414377821828,0.27944545231261075,0.02793682200643066,0.24156887149212627,0.021041139849179144,55.833996389704296,90.42853652103382,160.9632461687126,164.44221369995788,83.16156947435911,96.41345782676812,50.37504019196073,144.19626198111726,165.0037251280492,30.221037708234498,167.42122807793507,165.4901125191189,159.13286397091,161.31208196835374,36.422675755447806,4.174548096828159,174.64162002545632,166.37493521149526,175.47490125901643,19.33399540720381,3.9188723133089653,-22.673214012246934,23.805811611616136,0.7532721260854814,-5.32016799576854,5.679796516916503,4.507988017170294,4.723475199332941,-8.871834695355272,-0.8738632444905546,1.3282996709798112,-0.5003424958350251,-0.7948638322697364,3.5182650912911533,-2.677495189675659,-2.2933032003610627,3.597270094087303,-1.0631812134819656,2.517482231577557,-2.7582679118217914,563.8285314786415,838.912435462005,108.3508047782413,-4116.316729754101,-283.68029579869915,569.4589084789558,728.3381519607162,-902.8481251807834,460.2885859003338,107.54180166772369,-15.464730535703879,-31.85938761362526,-27.22278703734706,14.257008440740316,-47.251904921783385,-153.40911245006544,57.85065609391249,134.64011917085304,-65.39100433000883,26.30934151531089,235.8339963897043,325.40545986867045,344.4422136999579,263.1615694743591,179.57502730112725,309.1999871091665,345.0037251280492,149.7789622917655,162.3577342138304,176.86762169471154,197.73475772380155,216.4226757554478,175.82545190317185,181.1838318777155,194.80889666622022,199.33399540720382,3.9188723133089542,26.5920863255558,0.7532721260854814,-5.320167995768408,0.35962852114800703,-4.1483594960222865,-8.871834695355316,0.8738632444905436,-0.4544364264892676,0.04590606934571342,0.8407699016154498,-2.677495189675703,2.2933032003610476,-1.303966893726211,-0.24078568024424524,-2.7582679118218465,563.828531478637,-275.0839039833612,-4116.316729754092,-283.6802957986947,285.77861268025225,-442.55953928045847,460.288585900325,-107.54180166772919,-92.0770711320209,-60.217683518404435,-32.994896481035404,-47.2519049217757,153.40911245006984,95.55845635615296,-39.081662814700074,26.3093415153131
165,swing,stance,0.8291457286432161,0.2986681662091436,0.14709442676045456,1.7856193432491703,-533.1378759402728,0.019294911933348508,0.007729175356703887,2.8715119879286513,29.773094655971416,0.29271454872787167,0.17754223680858056,1.0290263833285913,464.00911264373707,0.010334772508294773,-0.016697429135801887,-2.4236082061829833,293.405738068505,0.3007403498560441,0.4169875510933346,-2.4856270941798075,-1834.1307610190959,0.006585448874279365,0.11793371413132335,-12.252477744322968,-1359.0755878971884,0.3041777700222608,0.3786683917965686,21.180855512931277,432.0361274621835,0.004923297967986989,0.08900650564258736,-7.13582580041504,377.12275845208194,0.26502630983928743,0.16749590947808443,-4.696947082535218,-434.9631004495829,0.024211358831565596,0.02705070142503653,-5.0407678060254755,-181.11810556206393,0.2627693933414915,0.07110577694461484,1.4580996567848272,710.135847551582,0.009881362276215264,0.07392477451045215,1.219111464517203,-1142.0694377435705,0.25146934863151177,0.07295874528447906,9.485329867012757,21.23453651431066,0.009904158169966273,0.04368033903620897,-0.6175657245906016,-302.10276290070203,0.2574001607562292,0.026956546529716317,-0.7155593149912688,-222.80416670836783,0.002542068619959842,0.0,-3.6037470764298853,-135.17208691486238,0.2628134710804256,0.0,2.2150673531889047,-215.365553829458,0.000894991959722008,-0.02561107307561513,2.361120897581256,241.21426750539226,0.3257429693948209,0.1551145407436857,-4.051650858175052,726.1130185725129,0.015593725580989953,0.006022147104578055,-0.884940205473642,100.09501891536708,0.3012600091757744,0.1443375714255218,-3.2358495338821234,89.72943304889175,0.02986396453192451,0.010276065275073864,-0.10314621704720241,-107.64549063464355,0.2866278085262638,0.20394138635801337,-5.000296265821793,-1185.6850638848284,0.034603627334227796,0.006656751099026483,1.120743137633063,29.502769125246814,0.26973689344628277,0.16795161917142515,-4.5067683172259185,-500.45645143665166,0.0354974932203274,0.012196825139571679,2.476164997975478,75.7470780132647,0.2562462664913899,0.17535031084556635,-1.539417473675907,-70.13549285898944,0.031170314024751566,0.009358996594670323,2.200452630337365,-195.6970410792707,0.2424566527955435,0.15396396792289518,-4.04977717575835,209.38110587417287,0.021124497685647656,0.047694162223642034,0.455960616138172,-681.7796315393347,0.2424566527955435,0.15396396792289518,-4.04977717575835,209.38110587417287,0.021124497685647656,0.047694162223642034,0.455960616138172,-681.7796315393347,0.29907520870383003,0.010284607820977409,0.25989573672978905,0.009486787971485796,0.28034509997167917,0.027975603729644815,0.2424566527955435,0.021124497685647656,56.39771503686736,81.43775881064138,179.23413885797703,154.194095084203,81.04966747521874,98.83474831570041,51.02990878108019,145.77763595504652,163.0768710547924,30.23637438486334,167.71180293021166,165.08108506569837,159.1868608648981,161.71031408615045,36.073562668178035,3.8480892891148537,175.36598731891428,165.99984845448472,176.39626165451838,18.389813282967765,5.561329479190064,-17.981020412447005,20.26316259422591,2.1328490128020747,-5.840513582436013,7.128984967957069,8.969491020903094,-3.2934863776823033,-4.387533257699679,-0.2030274570977696,1.0464465053867609,-0.6310417771049718,-1.0223203819105307,3.5453790916747523,-2.735435980948219,-2.552521978507531,3.149280215882957,0.008208718528735358,1.5320620662960782,-2.1370290222001844,352.73231664952317,1535.4150290225066,-1850.0777744588004,957.9019177502239,62.45149078441495,10.33453501264331,720.9112933538258,-1676.2769311873708,1028.151663630601,86.96318478104526,-53.87085137786346,34.693832933177426,-108.22372587679583,-75.60364431743733,116.04120385787277,47.748344513235985,-238.00363519655954,351.4741797991009,-341.0444138058376,179.82552469005373,236.39771503686737,334.959956226226,334.194095084203,261.04966747521877,179.88441579091915,308.854507009839,343.07687105479243,149.76362561513665,162.051822684925,176.9707376192266,197.7838767543285,216.07356266817803,176.15191071088515,180.78592339197087,194.78607493748615,198.38981328296776,5.5613294791900865,23.542349891637116,2.1328490128020747,-5.840513582435991,1.2884713855210341,-7.681019635382027,-4.387533257699679,0.2030274570977475,-0.8434190482889691,-0.21237727118408564,0.8099431107265775,-2.7354359809481745,2.552521978507531,-0.596758237375426,-0.6049669559041171,-2.1370290222001955,352.73231664951544,-1182.682712372969,957.9019177502239,62.451490784390735,72.78602579705603,-648.1252675567787,1028.1516636306098,-86.96318478104087,-33.09233340318179,-67.78616633635482,40.43755954043659,116.04120385788704,-47.74834451323152,190.2552906833192,-161.2188891157861,179.82552469006473
166,swing,stance,0.8341708542713567,0.2994949502808801,0.14005540678643374,-2.642266944229215,-383.97411241963016,0.01937259208768724,0.028859416964107175,1.349145024245975,-473.28407481741897,0.2937194227624117,0.20502605075208355,6.25622558983,188.79907926170296,0.01016695915014601,-0.02435787141892456,0.8991801918416513,482.29803303042223,0.30306430085418545,0.3950833562464213,-13.277100973972205,-1291.1865934140867,0.006734535344203443,0.044665199241241564,-8.362900415204255,939.847297647692,0.3067274656618817,0.4956709140132051,1.8167224713684635,-4191.369388633107,0.005316723488365538,0.11663625967383645,-1.1336715463092375,-433.9377277471149,0.2657701240495009,0.14489308530790393,1.0717463424327967,762.5603573653423,0.024211358831565596,0.0,-3.179358009015557,427.60838170088215,0.2630763288374266,0.10374739605366749,5.766445006067588,-330.30051222257333,0.010297820260433549,0.04616602827262079,-6.885033408921505,-625.169736784911,0.2521858153394668,0.135087794509424,2.389507186197228,-1420.4581265039126,0.010074772517965722,0.030942123248554693,-2.956577169653251,287.71025878399405,0.2575089640714426,0.020499403808769415,-1.6848152292227394,-99.14421877296947,0.002542068619959842,-0.024618680478957343,-5.065125677444515,299.80965667487715,0.2628134710804256,0.00914244033543887,1.6357247499013183,-147.8028142971492,0.000791128227961499,-0.01033444131017083,2.0028728194816194,-240.72022429409873,0.3265142635865424,0.13569603513318168,-2.1659768738669642,309.326979669076,0.01562954229242522,0.0035637627878090184,-0.7024435380733614,42.497037738422776,0.3019670698570012,0.1273727423870211,-1.9656802235073978,267.1189106012723,0.029908080122072786,0.005781110572561752,-0.15204932812671776,155.2321056060441,0.28762045661861774,0.1441567940265113,-8.109297500084654,583.9963619898126,0.03462488079100022,0.016286913792213576,0.9109843910676854,-240.63633016390648,0.27045286808845326,0.1444750375726885,-1.1845420239259516,489.41971252854813,0.035600259266876155,0.026857683889633797,1.9748612673498394,-203.36869320883957,0.257058686027338,0.16741117007230338,0.28030288955903265,131.75107071605728,0.031264374292034686,0.0127561052177656,0.1584198483437812,-167.21964465662094,0.24311624805416543,0.12084404194562387,3.383120971847017,1232.609847384528,0.021520478162984594,0.03940005749502603,-4.745569141252466,-486.03598260997865,0.24311624805416543,0.12084404194562387,3.383120971847017,1232.609847384528,0.021520478162984594,0.03940005749502603,-4.745569141252466,-486.03598260997865,0.30075153488983974,0.010397702517600558,0.2602709406756525,0.00958342969157724,0.281121598705353,0.028091269154565612,0.24311624805416543,0.021520478162984594,57.896226632491334,78.06478094877833,179.0098440361452,158.8412897198582,79.04255451357103,102.13075176201585,55.92553856028608,143.51507080199008,161.73269691331078,30.18557891324119,168.01396783538286,165.05222356588646,158.8107336376872,162.98910465029556,34.948391397506676,2.3973857392273885,176.86080257969584,166.339115165265,176.22403870701154,18.178657808800217,7.463920721846902,-7.241907187900068,5.212065134643186,10.38042707834908,-4.692514822055824,5.783661190410406,11.753327648867067,-12.123529134208548,1.4613478536960396,0.00013861260538134104,0.7868840792424876,-0.15166075781313995,-1.8825394692224628,2.758429470010373,-1.5112519348226614,-1.8134203409315532,1.2052737604535282,2.469222603594441,-0.9100998167223335,-0.9509762063941078,405.72481715948936,2060.7668467380454,-2444.706173843623,1106.0085610751792,145.78911226063698,-434.3385188189768,178.8941888365655,-1371.3527345414082,903.9091391464905,41.2321042745525,-93.23884732948322,141.24190948440273,-163.70002432349852,-212.4279189227113,286.89277681673894,181.6183685396323,-380.57972937195785,413.5928252102637,-453.74706866048206,239.11560428253426,237.89622663249136,339.83144568371296,338.84128971985825,259.042554513571,181.17330627558692,305.2477677153008,341.73269691331075,149.8144210867588,161.80045325137593,176.74822968548943,197.93749604780223,214.94839139750667,177.6026142607726,180.74181168107674,194.40269651581175,198.1786578088002,7.463920721846813,14.705827909747015,10.38042707834908,-4.692514822055935,1.0911463683546034,-10.662181280512552,1.4613478536960838,-0.00013861260534820088,-0.78702269184788,-0.6353619340347401,1.2471775351876786,-1.511251934822562,1.813420340931583,0.6081465804780105,-1.8610760231164745,-0.9509762063940526,405.72481715948277,-1655.0420295785584,1106.0085610751835,145.78911226063698,-288.5494065583376,-467.4435953949084,903.9091391464862,-41.23210427454701,52.00674305492741,-89.23516642946211,74.46485789401882,286.8927768167345,-181.61836853962933,198.96136083232852,-214.631464377944,239.1156042825381
167,swing,stance,0.8391959798994975,0.30007575823714794,0.12053898008478453,-2.073416962475687,327.44811179551397,0.01958495632494757,0.021288421831537566,-1.8851118795830126,14.224715856283638,0.2947751120520132,0.24041887590234828,2.9265045668632608,-1428.1391002033486,0.01008996978046639,-0.007660442283122135,2.4236082061829833,2.7964710071388,0.3047110368534955,0.2835493503498977,-15.462376776733212,925.2031111403054,0.007034345349065704,0.033884463727261976,-2.8067762604267332,576.9306119118129,0.3091593872485241,0.3969269090967538,-20.943459950717287,-1484.2363086065352,0.006095521683301908,0.07761282176008266,-11.497008993853303,-646.0220889280841,0.26648252175192966,0.17826722950253446,2.966976107066075,-492.1975403956585,0.024211358831565596,-0.004902645399239854,-0.7431961306398014,243.7683776918845,0.2638120807390158,0.12905999811112223,-1.8615034811304234,-1132.458899048998,0.010345342459859685,0.004728458842900567,-5.064001467994354,487.415574973465,0.25282701490798837,0.09697389288445077,-4.79063120337807,-130.57655289325214,0.010215134283017069,0.013965995622608989,2.273994665198232,885.8381209298971,0.2576061849151113,0.010023730155618733,-1.711983624267326,155.3905722963984,0.0022946446955482147,-0.05090578570295904,-0.5905846977879575,753.1176069313196,0.2629053549028923,0.016439444722626022,0.7296119331170796,-245.7165858267497,0.000791128227961499,-0.005481698005448459,-0.05817783904280866,-288.67970206648715,0.32710674864239053,0.13334592894602815,-0.9428369921542432,27.218984469388033,0.01562954229242522,-0.0010375869464103761,-0.45783429855482777,59.80719327256504,0.30254013723996553,0.12458199128976942,-0.5512373670352128,171.14402563660343,0.0299220661457191,0.008747931324051602,1.4569754473351224,187.5127025983853,0.2880766205265302,0.12244090897022936,0.8690139049299882,1187.9595269705244,0.034767314910028935,0.01581237311980708,-1.2977124419036423,-231.30543857007842,0.27118890387414896,0.15604667420734544,0.4120227634629195,-17.30083396423188,0.035767419691579996,0.03204467707273554,0.4322585335650663,-295.05565596274397,0.25792879081372455,0.17816742531349627,-0.21528610969545528,-254.25514396862835,0.03129851608724167,0.010951155874507292,0.5198531865522595,65.5492804072359,0.2436711657799216,0.18796518372035204,8.338261491422616,-599.4888113694071,0.021520478162984594,0.0,-4.428823128685647,334.3367520429451,0.2436711657799216,0.18796518372035204,8.338261491422616,-599.4888113694071,0.021520478162984594,0.0,-4.428823128685647,334.3367520429451,0.3021803235977952,0.010701198284445393,0.2607266314433875,0.009571521699590413,0.28175206114611356,0.02815088954832992,0.2436711657799216,0.021520478162984594,60.827239212590825,77.92162782745376,174.82298941920817,168.0826219659289,79.0989356629013,101.58017083906158,59.57260859294805,136.94655763220382,164.15994027681103,30.190268506793167,168.3304764895479,164.86840091323384,157.98608502990493,164.1820058043376,34.442763256182566,2.4590052770097324,176.46646030853123,167.39527549427598,175.65477302669166,18.02448589349142,9.638965832551694,2.7302041778847395,-4.306748700684438,13.248512943205688,-4.375296373786421,2.7637737235453197,10.767422566999198,-17.075925920811788,4.6969807035714215,0.21136555068667032,0.10937266287940847,0.7884749011302062,-2.6675467570210394,1.410425132652566,0.14790850967222127,-0.7272117419283444,-0.6756416873527322,4.16492052968709,-3.0282099805428566,0.26614288013680054,96.92107642677661,1236.9447960154307,-582.3690404410295,-531.8171180019276,-4.52055273013165,-580.2442717733911,-404.15142341681053,-505.1011753844934,324.48777429778545,56.48547995582108,-160.73683139455053,167.95427813697222,-62.97431847863484,-318.77251333622036,318.04390511661904,214.17071481972525,-285.24345687601226,225.52275407530956,-386.31972300820723,231.86971098918553,240.82723921259085,342.90561138513704,348.0826219659289,259.0989356629013,180.67910650196288,301.1064979090148,344.159940276811,149.80973149320684,161.47925500365892,176.61085409042508,198.62476906052018,214.44276325618256,177.54099472299026,181.074534414459,193.6792589201831,198.02448589349143,9.63896583255165,6.908761654666977,13.248512943205732,-4.375296373786399,-1.6115226502411013,-12.37894521724032,4.696980703571378,-0.21136555068663718,-0.32073821356608984,-1.1092131146962518,1.5583336423247434,0.14790850967222127,0.7272117419283741,1.4028534292811063,-2.7620671004060284,0.26614288013682813,96.92107642678774,-1140.023719588654,-531.8171180019276,-4.520552730122812,-584.7648245035184,-180.61340108669907,324.48777429779426,-56.48547995582329,104.25135143873165,-63.70292669823617,-0.7286082195969116,318.0439051166014,-214.17071481973258,71.07274205629284,-154.45001201900794,231.86971098917726
168,swing,stance,0.8442211055276382,0.30070639731690807,0.1192170453545172,0.6486688527106382,469.34105069734056,0.0195865460759439,0.009913568928096915,1.4921069926508364,366.2165215242528,0.29613569287198305,0.23443815695171444,-8.096931196133365,-970.9347336770629,0.01008996978046639,0.0,0.9272854280943027,-224.72441013330234,0.3059140430687573,0.23968258462096123,-3.9785772439188447,1587.1277985289073,0.007075082718346781,0.016456392603786837,-2.564602808050332,73.84547772838107,0.31071668082868326,0.28518387933262845,-13.10022535382291,1905.4780579812152,0.006096751847763357,0.0010884305898831528,-7.626355857144282,1122.4009249934174,0.26756175449676256,0.1747119406553018,-3.8749626062673106,-606.2376280664728,0.024162086013482784,-0.007469307845626177,-0.7294245648760034,52.19147056316985,0.2643734142455786,0.08503881835386416,-5.6150514667867135,59.8258364125207,0.010345342459859685,-0.004728458842900567,-1.986384414213292,198.53079836648212,0.2531604273282553,0.08694074723929242,1.0771800214409193,664.7211583959345,0.010215134283017069,0.05379634098924054,5.946318518084445,-350.0622406730598,0.2576097050780317,0.003293538238243451,-0.12310093478656761,197.13256286296078,0.0020304526832466835,-0.030554205079841364,2.5038954977446606,-291.8303927345016,0.2629786916304017,0.016475223582846737,-0.8337886754931618,-246.77924480944446,0.0007360357856956851,-0.010919143210098558,-0.8984307188750476,-105.30577655866611,0.32785442367645223,0.12622028646831487,-1.8924192410087919,-154.58891727435946,0.015619114282913557,-0.0010375869464103761,-0.10136621875109714,29.60530639550689,0.3032191501714713,0.12183266834646617,-0.24563976484805947,228.5648969831633,0.0299959990298522,0.020424079892512794,1.732500446731434,-182.8892038665837,0.288851018517816,0.15289060211625996,3.829994228262377,58.83774999022295,0.03478379911381235,0.003244577692679426,-1.4136933835059773,193.4785074135866,0.2720211763719442,0.14861596986879827,-1.35841975220969,-116.9111312381874,0.03592231632288355,0.031201990759634483,-0.9905222096626753,-120.30418272691855,0.2588493134174234,0.1652474905778767,-2.2750251905276957,-48.24844644304726,0.03137443616012019,0.01798076035899436,0.8172065861049488,-1.5753453340040235,0.24500534537798807,0.20464566497499725,-2.64189220774504,-1311.5262592058725,0.021520478162984594,-0.005110727717895244,-1.3854007790117977,404.0154879707306,0.24500534537798807,0.20464566497499725,-2.64189220774504,-1311.5262592058725,0.021520478162984594,-0.005110727717895244,-1.3854007790117977,404.0154879707306,0.3033682035215829,0.010712087605630107,0.26113679855580596,0.00949781024506038,0.2826334045888492,0.028202690512094408,0.24500534537798807,0.021520478162984594,64.29847691695745,81.43419360998658,174.37829514805426,168.4859881589166,77.00593059502701,103.65937328363167,62.13634247600712,132.0838110920797,166.4451503105718,30.267383041096895,168.1619053740752,165.44080105327848,157.08153227766468,163.60560733708417,35.442770916800555,2.430928630987019,175.6232706428298,169.2451172329381,174.6441824968788,18.05650099636628,8.438001891965264,5.189698802204817,-0.6408900456686938,5.035531420038226,-4.7379475128109165,-0.047939530930233745,7.691504297944331,-17.19992285666579,4.7225315149803295,0.5678318784930328,-0.8285614624112936,1.5363219370308092,-2.515447192625831,-0.44531438261497086,1.6851692221282975,0.3390491547440867,-1.6614946503606778,4.7357829460598735,-4.79271009821187,1.3793726477685708,-398.3367987911954,92.52213627928509,628.6891277928804,-1321.831820354869,-58.82066581042575,-470.37607884658075,-468.94645335209805,-41.73514063587354,-18.51515066901737,72.89291746952094,-138.68259465310675,69.03027899133058,77.79572384015334,-252.51136361830729,171.47503797040042,99.93351764523742,-3.33120242259472,-9.051807743523707,-260.2398170815043,172.68930960238498,244.2984769169574,342.8642833069709,348.48598815891665,257.005930595027,180.6653038786587,298.52896140265153,346.44515031057176,149.7326169589031,161.57071158482793,176.12991053154948,199.04837825388472,215.44277091680055,177.569071369013,181.9458007261832,192.7006834932451,198.05650099636628,8.438001891965287,3.248303089760492,5.035531420038226,-4.737947512810939,-4.785887043741084,-12.477391341685415,4.722531514980462,-0.5678318784930219,0.2607295839182717,-1.2755923531124933,1.2398548395133377,1.6851692221282202,-0.3390491547441309,1.3224454956166352,-3.413337450443194,1.3793726477685433,-398.3367987911932,-490.8589350704937,-1321.8318203548733,-58.82066581043238,-529.1967446569978,-60.25029130489984,-18.51515066900862,-72.89291746952863,65.7896771835869,-3.240601807748074,-81.0363256479014,171.47503797039712,-99.93351764524333,-96.6023152226398,-87.55050747912048,172.68930960238828
169,swing,stance,0.8492462311557789,0.30127391949699234,0.12705826503665027,2.6435785219197157,359.81260291794064,0.019684590183521408,0.03628447200893297,1.795456175937132,-459.19918251148437,0.29713127443343745,0.15904268297638446,-6.831633460041936,2075.839071735739,0.01008996978046639,0.0016590092555141126,0.16507142092365348,-108.68950647728617,0.3071199070506911,0.24356364940598954,0.4886563743111514,892.5962591972251,0.007199736229505774,0.008109561133791195,-2.0646106551163674,174.89129678619133,0.31202555689005806,0.265266352776925,-1.7929267046748414,1444.6569222856554,0.006106460684205256,0.0009660292259689478,-0.21659768738674648,447.5751846918118,0.268238420652988,0.13932288170085277,-3.12586437601408,509.4051586595546,0.02413629041100654,-0.012233545548747457,-0.2186587380451273,193.692903524148,0.2646667422300094,0.07262732005296406,-1.2602387935673987,551.5945845871494,0.010297820260433549,-0.015235203611504464,-3.0687170623010576,100.346701306002,0.2537007912621521,0.10779982274817865,1.8899834538675313,-211.4691375593747,0.010755801026627529,0.07372799077923683,-1.244218808902887,-885.045787477863,0.2576392858019278,0.008786534831130611,0.2692481633001277,109.37930265911504,0.001987567257559858,-0.025741006831153296,-3.523553468988991,-607.9434753809817,0.2630709350394033,0.008059659039277627,-1.7505814820532275,20.749814872812046,0.0006813880951966889,-0.014511152466504251,-1.1165273521952366,71.19815184164553,0.3283752942350369,0.11432664009166835,-2.4964944521980637,423.6094281607266,0.015619114282913557,-0.0020563429137580905,-0.16029353076078737,24.580980152703205,0.3037645861680707,0.12211324993451253,1.7458972760116644,500.7174553975452,0.03012733328031722,0.02615999611532237,-0.38110700358532484,-396.7073770720568,0.2896132094925228,0.16093331327437402,1.4603480756860003,-141.78108006152615,0.03479992373106089,0.001604399416229356,0.6467951702932164,299.36222131370357,0.27268253171202633,0.14239421438614247,-0.7629634801369589,100.57974055672865,0.036081007538410495,0.02208967999069856,-0.77682873002206,242.32353433821257,0.2595895696135022,0.15530285053432336,-0.7001951191733192,272.8609977362076,0.03147922724662855,0.01916428739315003,0.5040205701301085,-16.0237788708814,0.2457279061314291,0.16141350324050227,-4.842906942807315,19.9108735708854,0.021469114065317305,-0.013923625919716619,-0.36836596315064846,275.69475502334654,0.2457279061314291,0.16141350324050227,-4.842906942807315,19.9108735708854,0.021469114065317305,-0.013923625919716619,-0.36836596315064846,275.69475502334654,0.30438766446779475,0.010770189219424707,0.2614632349972962,0.009571773410164833,0.283292182892098,0.028262620024108,0.2457279061314291,0.021469114065317305,66.64688367931637,82.78480373541647,176.42573224940452,167.4363476944954,75.52791904189773,102.08057613745055,63.41994514645389,127.71004682453786,166.4785032083565,30.51970655817762,167.75280786319064,166.05460659599748,156.3078460189573,163.53033624620113,35.834696717475765,2.5582801574099627,175.43634084929562,170.2887921664638,172.74485199436472,18.971734832465867,5.635580920077351,3.660074894259468,2.0117349957264477,-0.036228969908630955,-4.966458844242964,-1.9636240538072716,6.054392885068544,-17.49537457041856,4.510898787299889,0.9439576860587432,-1.2844222582573488,1.4822465492842853,-1.8856801857632135,-1.127377516777669,1.8712757254551475,0.27714521933032743,-0.7091211086853426,4.073947587541123,-5.643685529100701,2.0017138309145466,-261.9843821023099,-85.36571844141463,378.1355243197027,-682.0139603041087,25.955671603671874,-281.8637180539432,-255.7333460365646,-104.86724881489684,104.69254840119241,41.83192207629051,5.514433823324696,-85.80673042321918,88.61469173474968,-1.7249599893162482,-48.42935722183277,-36.44729521297209,210.14069351696932,-226.59346038519118,97.64194953967244,-44.74188745847224,246.6468836793164,343.8620799438999,347.43634769449545,255.5279190418977,177.60849517934827,294.1885500328944,346.47850320835647,149.48029344182237,161.72748557863176,175.67287898263424,199.3650329636769,215.83469671747577,177.44171984259003,182.00537899329439,191.71658682683062,198.97173483246587,5.635580920077329,1.9755060258177723,-0.036228969908630955,-4.966458844243008,-6.930082898050147,-12.984475783118713,4.510898787299934,-0.9439576860587874,0.34046457219860554,-1.1417819770856799,0.7438982086774896,1.8712757254551144,-0.2771452193303571,0.4319758893550739,-3.6419716981861376,2.0017138309146074,-261.98438210231217,-176.61866366091292,-682.0139603041087,25.955671603676294,-255.9080464502845,-0.17470041371777448,104.692548401166,-41.831922076296,-47.346355899616306,38.46037452359409,-50.154317211155615,-48.42935722182176,36.447295212974964,-173.69339830399875,52.9000620811837,-44.74188745847115
170,swing,stance,0.8542713567839196,0.3019833648047136,0.14578567371551948,4.26487591721257,372.0984322093505,0.019951214136335188,0.02795835461590736,-3.1229601682686248,-235.28574897023762,0.2977341117963688,0.16577852418747357,12.765773042416864,2303.1921646157966,0.010106643240320803,0.0016590092555141126,-0.16507142092365348,-32.849212763807266,0.30836191894218434,0.24459370396077182,4.992239431430189,785.6405647443885,0.0071565858453195574,-0.004293463226528504,-0.8069013328122203,-277.5404258880466,0.31338267432392874,0.26716451546654957,1.4189396942741905,375.9948484792965,0.006106460684205256,-0.0010884305898831528,-3.128112794914998,-695.3611590639728,0.2689619844636053,0.14329621828330086,1.24468722950713,754.9353130858121,0.024039135806962708,-0.009666883102361135,1.2172377821003668,376.56346425065595,0.26510333706018124,0.0723731018355988,-0.07138730008167012,648.464340274407,0.010192224835623459,-0.03556983635346409,-0.9778748533489457,657.4876200573415,0.2542438426322571,0.10593555582087573,-1.0481379439799414,50.038187887565236,0.010956119114969201,0.04129162934197529,-2.9486140193815524,178.27502670481482,0.25769801196075665,0.005999549929702032,0.9761885391743924,187.45677317820372,0.0017717490970039357,-0.06596680275812283,-3.606089179451161,623.7435365712399,0.2630596932287864,-0.0011185601563817545,-0.625247822500075,205.9694112453206,0.000590195057389109,-0.022140523634171336,-0.1828714038836321,256.31521094391286,0.32900343513465996,0.10112988996381161,2.3649619465362175,1197.85903433592,0.015598447519961214,-0.0026485772053127686,0.14567880790923765,38.721801878800285,0.3044464190150342,0.13937937463804076,4.786696470303171,623.2588149300865,0.030258913563674536,0.016593858750951724,-2.2545083680631235,-126.36320324237235,0.29046843875172934,0.16756746719853138,2.405058750257083,-149.8722028424526,0.03479992373106089,0.0097450316654756,1.5949721573352775,-1.1651962529602524,0.2734522740039657,0.14094799519405493,-0.34756808832296554,480.9743700869327,0.03614432315696092,0.02339466683981475,1.4448901957465066,174.59300654541096,0.2604101460861101,0.1582103537017629,0.4672963947608349,-56.339569223699115,0.03156704206356893,0.023046293727136177,0.6561635823774968,195.2589272881315,0.24662759164171172,0.15597323338899388,-2.441782925625588,733.2346980706133,0.02138054222409297,-0.008812898201821375,1.3854007790117977,127.08096413418606,0.24662759164171172,0.15597323338899388,-2.441782925625588,733.2346980706133,0.02138054222409297,-0.008812898201821375,1.3854007790117977,127.08096413418606,0.30536551746679885,0.010830225976545201,0.26181337386911735,0.009509884782389682,0.2840680507722019,0.028291532043219908,0.24662759164171172,0.02138054222409297,66.65332274666072,82.16686649741172,176.2999566406595,168.1864996085895,74.42871497260762,101.54753039948203,65.36535982725097,123.03852670601115,167.57235883882754,30.837076644086984,167.16028747088515,166.52003083684826,156.14351010414762,162.87148874068393,36.46760620334802,2.883821982876832,175.02067185352746,171.6267153423012,170.85450061198355,19.614290209310948,5.804993026615405,4.331751883195621,3.1594669826700432,-1.8188802413096294,-4.4770864916684845,-2.880740717402037,5.121319915667288,-18.253865055810486,5.77471793107272,0.9882532058929393,-0.7731400169507436,0.6739427367974469,-1.6248472756936694,-0.4626506639146317,1.1984420138686696,-0.02725531975814685,0.45047211865409836,2.4584617361584447,-3.8113839721850074,0.9297054371306569,261.470833338537,555.6097053357307,46.26107461425178,-353.5990596163463,82.18786315172669,-0.2823617720257632,-50.16507281917283,-99.62928049504382,231.699854693909,-14.08583482768214,91.35569106372871,-104.35132718457906,106.12258976961768,-67.15481694080832,-11.886301880262561,-59.172809856679585,162.5698904055589,-317.95210362595924,483.31121683692606,-268.7561937598428,246.65332274666073,344.486456249249,348.18649960858954,254.42871497260762,175.9762453720897,290.6108855448387,347.57235883882754,149.16292335591302,162.00263588502787,175.4826050481796,199.33909494403196,216.46760620334803,177.11617801712316,182.0955061635957,190.4687908212945,199.61429020931095,5.804993026615405,1.4732411434196508,-1.8188802413096294,-4.477086491668462,-7.357827209070588,-12.479147124737855,5.774717931072587,-0.9882532058929835,-0.21511318894219572,-0.8890559257396867,0.7357913499539827,1.1984420138687029,0.02725531975813166,-0.4232167988959225,-2.881678535054411,0.9297054371306404,261.4708333385415,-294.1388719971915,-353.59905961634195,82.18786315173764,81.90550137968548,132.0705741988606,231.6998546939046,14.085834827689839,-77.26985623604325,27.08147094853582,-79.04111882107746,-11.886301880260374,59.17280985668405,-103.39708054889245,214.5550230770756,-268.7561937598549
171,swing,stance,0.8592964824120602,0.3027391021473996,0.1699213395815004,6.383261257692099,66.96615905068181,0.019965578672123493,0.004897937654474296,-0.5692247182361205,603.8699492805594,0.2987973902544171,0.28734190953333844,16.31602648584557,-1160.013460039499,0.010106643240320803,0.0,-0.16507142092365715,-106.47097281162789,0.30957813523120137,0.2937369100233786,8.38454144711911,-457.0179351261195,0.0071565858453195574,0.0,-4.853961669066597,-708.0478158663401,0.3147106273972596,0.2795270532218918,1.9859159936095618,-439.940818842513,0.006095521683301908,-0.030472290320915592,-7.205152049838765,96.38503404592056,0.2696785836508101,0.1518323010928843,4.461425202737835,285.96712518952677,0.024039135806962708,0.0,3.5658986916097226,512.9380336985737,0.2653941100876536,0.07190985975063571,5.256990756929183,577.452619833152,0.00994033446793642,-0.025063091584860746,3.53919871716974,637.6419974767181,0.25476547021512574,0.09726577305993798,2.392879814546581,410.4287281470191,0.011170792276295624,0.04409367902665829,0.5474900022007873,412.93623048345694,0.2576995827861459,0.0185974749233356,2.1532358334328365,86.01944817934404,0.0013245843152671632,-0.06198310913719527,2.7452257930335486,765.6737617533998,0.2630596932287864,0.0017757613257090058,0.31946285207060654,44.63167727390775,0.00045887026972762923,-0.016349056023123677,1.4595049185978688,138.57445997352752,0.3293916750386933,0.1380951018659018,9.542289812484599,416.67418006288386,0.015592495416528504,-0.0005922342915546907,0.2288703072171066,-71.3100106818994,0.3051653839031264,0.17022075214861496,8.009804963751254,-201.08490855324567,0.03029410573007553,0.0035016205568989193,-1.6510889457197258,74.58188176027146,0.2912973046402467,0.18510475800057596,-0.04590521921302712,-300.78842152744363,0.03489786374779934,0.017634270344222165,0.6350846551880882,-238.5016906284502,0.27409909447779573,0.13890106776983124,4.070949787068416,665.2431663169754,0.03631612981820763,0.03661118949568864,0.9778748533489121,-279.3301673326299,0.2611796234195501,0.15999929671282423,-1.266421945542157,-9.731719104972408,0.03171084828911233,0.025758896261265603,2.4664218494078205,117.6382137000951,0.24729547631624313,0.1368729713246671,2.526286002626017,1134.9943660953963,0.02138054222409297,0.0,0.908829656288413,-70.53632036995303,0.24729547631624313,0.1368729713246671,2.526286002626017,1134.9943660953963,0.02138054222409297,0.0,0.908829656288413,-70.53632036995303,0.30645631375756943,0.01083108236026644,0.26211948799370444,0.00938674342723791,0.28473809296594255,0.028365330870969385,0.24729547631624313,0.02138054222409297,68.2079210761002,83.51177436142139,176.37662214028828,168.3195245743905,73.09653929836966,100.29983168802956,66.80262118628096,115.76839104685041,170.82535875326784,31.251272133454375,167.11324088989943,166.34976825946768,155.6665740529996,162.96856740688966,36.650577257289214,2.4848833235075176,175.84404462472875,172.05146641175546,169.69492641762125,19.924679222386988,8.26342849131894,9.244092033312063,2.4766704189852615,-3.5899883630377554,-4.140450169351235,-1.9664618605612993,5.550221298946202,-18.49667387187629,6.839540543017578,0.8023915068860578,-0.3662746093756493,0.4334894921528329,-0.8191214946112725,-1.8023003001023785,1.7518154050504982,-0.31755638726947,0.9247471365966635,0.8784490586369961,-0.7862863649104674,-0.6993534430537346,434.0655190923491,917.399960853927,-341.94082637586365,-128.19450238080674,66.51283881599144,219.7031947840849,87.0194494431237,265.52635219257485,-66.32976803562644,-69.5178828169574,117.34888664551995,-42.64241845740193,166.98087061848076,-310.99293426463123,138.82347827499535,5.71822014888783,-2.911465456264559,-329.83024553862293,600.052374318575,-273.02888347258016,248.2079210761002,344.6961467146788,348.3195245743906,253.0965392983697,173.39637098639923,286.59374980011825,350.82535875326784,148.74872786654564,161.63548697664618,175.2857187171785,199.61914466417886,216.65057725728923,177.51511667649248,181.67107205176373,189.61960564000825,199.924679222387,8.263428491318964,-0.9806635419932098,-3.5899883630377114,-4.140450169351169,-6.106912029912601,-11.657133328858801,6.839540543017578,-0.8023915068860246,-0.4361168975103753,-0.8696063896632081,-0.05048489505193566,1.751815405050487,0.3175563872694852,-0.6071907493272667,-1.4856398079642628,-0.6993534430537953,434.0655190923513,-483.3344417615559,-128.19450238080236,66.51283881599144,286.2160336000808,199.1965841569528,-66.32976803561318,69.51788281696508,-47.831003828559254,-5.188585371148533,-172.1694559896337,138.82347827499314,-5.718220148883364,-2.8067546926319973,327.0234908459997,-273.02888347257965
172,swing,stance,0.864321608040201,0.30369111696131157,0.2099390531898108,4.937902641340013,-775.7597005191313,0.020000439640400255,0.022237503176348462,2.9460845481187996,19.910873570801954,0.3006219701836385,0.3297586898743608,1.1073463083517538,-2026.6025388701032,0.010106643240320803,0.0,-1.235131449181201,-106.47097281162516,0.31131404869116297,0.3288604521730227,0.3990943547858537,-1196.6099439526974,0.0071565858453195574,-0.053076997589006,-7.922959783730085,593.2526810234747,0.31619199144173665,0.28712347017619305,-3.002576072987168,-317.62317699040466,0.005800206510125708,-0.07350201903047247,-2.159418985408276,1344.2542915593888,0.27048793723840814,0.18813466253192151,4.118728688698303,-470.3291371197357,0.024039135806962708,0.026171294702761073,6.37239389967388,317.2316710492821,0.2658260492184791,0.12520717979468513,5.732156617839352,-565.8006573034289,0.00994033446793642,0.0,5.430587432849112,320.9416559187593,0.2552213880901459,0.1299845991831525,3.0767738966935445,-519.3792385849846,0.011399271668000935,0.046794041424395166,1.2014988497988455,-93.97074740972454,0.25788492125646856,0.027640111069730154,1.8407056063034628,-21.756544435481164,0.0011488032765296224,-0.03837659378291178,4.089124506512521,106.78790619243213,0.263077540076281,0.002092121773976043,-0.17668825190804532,-52.49908237383135,0.00042588293655369813,-0.007472132492484472,1.2098367365538056,-71.24475969176856,0.330391325605674,0.19703230013953452,6.552642148173167,-346.20311068326004,0.015592495416528504,-0.00034837311267857233,-0.5710047165319497,-746.7882608851548,0.306157180343161,0.2198799270375494,2.7657426154967175,-1058.352417360101,0.03029410573007553,0.0,-1.5049417172061372,-37.38881736537217,0.29232878807836826,0.1671061082114658,-0.617940461073955,926.2844132631159,0.03497715257874151,0.016127792019124614,-0.8020297585285011,-19.98544613099088,0.27484826463481826,0.18186206340579708,6.338292879686718,-384.64526546120015,0.03651227481018392,0.03322255481317048,-1.3624481694055028,-132.17054136716266,0.26201817921890225,0.14548249495259571,0.3694901726003099,968.492482330706,0.031825925443079134,0.047834453017666596,1.8384571874035571,-323.8033779160733,0.2480031993937184,0.1813630424606117,8.965195628096785,-15.846669040442782,0.02138054222409297,0.0003210681930368844,0.676493036600222,153.46100730148586,0.2480031993937184,0.1813630424606117,8.965195628096785,-15.846669040442782,0.02138054222409297,0.0003210681930368844,0.676493036600222,153.46100730148586,0.3079547818194624,0.010765968809041581,0.26249956717595657,0.009390685631196678,0.2856244895457737,0.02843041603378359,0.2480031993937184,0.02138054222409297,72.765628480815,88.19037175197032,179.88541903459551,164.46067576344018,71.7030944444554,100.46360662816946,67.60080261821115,112.49171528687431,172.07418316753942,31.243035690582115,167.46586450986035,166.3098828406221,154.9158627988814,163.3681420930418,36.69721206701225,2.4572416018315346,175.99376238057846,171.72946253265997,171.10990056477777,18.709632920152256,10.16746055518165,13.55185199228015,-0.27712423718782186,-3.1072671999106793,-3.8086157497992357,-0.6726684080142882,5.995887246753943,-15.585258501111289,5.108087096543823,0.289581016777802,0.4062457784815967,0.24537571712507328,0.053352429014650087,-3.5882077922023274,2.5936528508032715,0.030214229476905687,0.4212111592946561,-0.8564151034256463,2.219293156644784,-1.8143034419907034,146.46467203124487,469.281155733394,-746.7774678053827,450.35921011305027,78.38166368855435,388.0035097955462,181.73500863948334,752.4351121435554,-467.7849472989472,-61.14172291887156,181.1342624649135,-137.8827790080356,141.01530395009166,-185.77356358849238,62.64849910037789,55.663649896964145,-91.12429591291237,-273.1720694567452,413.33571617371564,-104.70300070101678,252.765628480815,344.5752567288447,344.46067576344024,251.7030944444554,172.16670107262487,284.5658984544137,352.0741831675394,148.7569643094179,161.29109979955754,174.98121695893545,200.06535416005406,216.69721206701226,177.54275839816847,181.54899601758999,189.81953348493002,198.70963292015225,10.167460555181671,-3.384391437098413,-3.1072671999106354,-3.8086157497992135,-4.481284157813546,-10.47717140456751,5.108087096543823,-0.2895810167777689,-0.6958267952593656,-0.9412025123843947,-0.994554941399089,2.5936528508032826,-0.030214229476876,-0.4514253887716205,0.40498971465406997,-1.8143034419907145,146.46467203124027,-322.8164837021295,450.35921011304146,78.38166368854344,466.38517348410943,284.6501648446259,-467.7849472989472,61.14172291886606,-119.99253954604744,17.890239461988184,-123.12506448810788,62.6484991003801,-55.663649896968614,35.46064601596135,308.6327154727109,-104.70300070101351
173,swing,stance,0.8693467336683417,0.304849042380463,0.21954850180602337,-1.4133186470228234,-1015.0071167493097,0.020189071166358152,0.03450682758531663,-0.3691154361175071,-578.216988575101,0.3021115479415966,0.2984710181599893,-4.051838226416861,59.956338393044696,0.010106643240320803,-0.012413381398806095,-1.235131449181201,264.0800787737219,0.3128832654037946,0.29774790856393996,-3.641689145370362,71.88794802352488,0.006623148683621002,-0.0796277365199007,1.1083768336819182,1009.8243238161923,0.31759629041410575,0.2493504092722719,-1.206276739962358,1414.2313177279768,0.005356807924201679,-0.05217499369185313,6.304941332667715,324.0270955966002,0.27156938427927163,0.19322655927075685,-0.26550079846556,-88.68541720630184,0.024302163894427645,0.06404415979571766,6.754156692105034,-711.9162674261808,0.2666524737036806,0.1295194740002777,-0.42944800993947285,-621.767363726168,0.00994033446793642,0.0295156765844773,6.764742997760299,-451.6766755022752,0.25607184809636346,0.12818812378047625,-2.827012030528664,-838.4752236391038,0.011641084149907638,0.056169044351269855,-0.3969396200075036,-411.35156357942196,0.2579773728471482,0.03709702875553129,1.9345770953877988,-216.65193049268325,0.0009388899053886512,-0.020886380428526544,3.8184710813997054,-134.00689066190316,0.2630807195782736,0.0,-0.2081661165106154,31.003541899049544,0.0003837734607579357,-0.004189892841678341,0.7434771830022018,13.842531485310383,0.3313718991606987,0.20395080184754194,6.062861564411619,-19.761728450310756,0.015588994179215152,-0.006330975161222552,-7.27653934992016,-925.8090131918831,0.3073752324160666,0.198017160344562,-2.626902748410612,125.99034044161264,0.03029410573007553,-0.011623421827082423,-2.026855954416935,178.21909728466937,0.2929767630142313,0.1788943011053603,9.26348586885853,961.2030145720817,0.03505995210980059,0.009573669755995988,0.43422590010275186,339.8457999269889,0.2759268539090098,0.20260250374658245,0.20516822464427745,-617.6845160557319,0.036650024841455575,0.02291824306950262,-0.3504722960698139,365.47079592236673,0.2626417590472144,0.16371276578418414,8.467170841701162,662.2975501896749,0.03219159656064667,0.044235852918587865,-0.7878834562813726,-210.97509434819625,0.24911822046157592,0.2269754399487558,2.3670229971944305,-1345.6245623527864,0.02138376904010339,0.006798924990957035,2.451151337710388,80.44514930522188,0.24911822046157592,0.2269754399487558,2.3670229971944305,-1345.6245623527864,0.02138376904010339,0.006798924990957035,2.451151337710388,80.44514930522188,0.30936003653499,0.01056891775362541,0.2630703597009475,0.009441249175683657,0.2865684546681328,0.028528073743549483,0.24911822046157592,0.02138376904010339,74.80974106659097,92.73056859963013,177.1187450992701,164.96042736769078,71.10086660558613,99.76741553136802,70.77257036935994,106.30365177467786,173.79205999291636,31.499887618065777,166.81448742944076,167.013612432333,156.12045198101725,159.92018940808362,38.63137113105955,2.4362784053508713,176.060761117535,171.70357533521477,171.13113374414178,18.668251397757587,9.73543524540181,13.960485558270816,-5.028630764988466,0.9362348541788498,-3.352694755395911,1.933070901203001,7.376703797835489,-10.934511940785248,2.1381842887567815,0.1879018293094565,1.4541702395179616,-0.9522670807922547,0.5981177410680468,-3.669371290941506,2.3814485618382184,0.24187728003670475,0.008925067120153247,-1.8669988756016611,3.3678414358304116,-1.7516449073855662,43.6080900861915,145.25087300230388,-871.7497467537326,783.3060768425186,-25.13623794808738,533.3491215696005,93.8684313109412,888.2513833208925,-473.9069310103295,52.77866752122759,162.39900988283878,-268.33839928081727,-13.636924929160537,235.8853793944987,-169.08773258860373,-14.009240354104302,51.75901608932071,-218.97545079246032,107.37105412398161,73.85462093325995,254.809741066591,342.0791724669608,344.96042736769084,251.10086660558613,170.86828213695415,280.0957117675942,353.79205999291634,148.50011238193423,161.68562495249344,174.67201252016045,198.55156053914317,218.63137113105955,177.56372159464914,181.5029604771141,189.79938514189936,198.6682513977576,9.735435245401787,-4.225050312868897,0.9362348541788056,-3.352694755395955,-1.419623854192888,-8.796327652028378,2.1381842887567815,-0.1879018293094786,-1.6420720688274402,-0.6898049880351854,-1.2879227291032764,2.3814485618382295,-0.24187728003673442,-0.2508023471567993,1.6161965284449058,-1.751644907385594,43.608090086184966,-101.64278291612125,783.3060768425098,-25.13623794808526,508.21288362151745,414.34445231057174,-473.90693101032514,-52.77866752123309,-215.1776774040719,53.16072187673659,66.79764680590593,-169.08773258860595,14.00924035410135,-37.74977573521056,181.22567505724535,73.8546209332594
174,swing,stance,0.8743718592964824,0.30589763456740227,0.19573484568204366,-5.263173908904348,-243.62855414148058,0.02034724192768987,0.01852780030079561,-2.865141467711387,-86.97956989188373,0.30362167890886455,0.28903669764906553,1.709922573608487,61.05628365579813,0.009981885638322752,-0.012413381398806095,1.418939694273302,286.61031352120057,0.3143064899832629,0.2922605612647777,1.1215862947207802,-210.72341195759353,0.006356307086325577,-0.04193753192386104,2.226028395327169,-265.3384907269424,0.3186980257057796,0.27500008585496327,11.210804004681002,101.23225045841302,0.005275834714227684,-0.010135774481047922,1.0971347391806847,-956.4396922900114,0.272429912708466,0.1854663127985993,3.227417963006823,526.9110671641387,0.02468279570440711,0.09405226648271145,-0.7825434613932942,-1603.1795421099039,0.2671277524747633,0.12089111939328337,-0.5167616105643735,393.59397268409737,0.01023697443360956,0.06798736681166159,0.891123357449342,-1171.590850008881,0.256509710942211,0.10157241797180902,-5.350112773046229,81.91795736897161,0.011963784676556413,0.04280469850974687,-2.93268771883858,127.44450536511057,0.25825775571632315,0.0470830969530247,-0.3367007303064285,-221.87200970608367,0.0009388899053886512,0.0,2.7423215852873577,-111.30886765395725,0.263077540076281,0.0,0.13490513401205195,328.0633354168912,0.0003837734607579357,0.0,1.3489576560041618,45.18164990526311,0.3324410824081619,0.2579655821939229,6.354031811989138,-978.7648524968682,0.01552886752546094,-0.07347942185559507,-9.875617914440364,560.9068330409151,0.3081473025576792,0.19347889439020646,4.031977192799363,132.51543945822166,0.030177287420255605,-0.020370411602180342,0.2862049891724572,381.89540230424797,0.294126720752794,0.2602064687025067,9.042391343670626,-1210.424510727897,0.03507337036523393,0.02049187141714224,2.6135059191296937,-80.91122780642198,0.2768844707026231,0.18392405561327727,0.13040829621199887,246.6487428292275,0.03674260891138495,0.029700220179302985,2.3106251564474447,231.47322683049495,0.26366353364889406,0.23057968934155249,7.025746958426217,-1166.4080570755916,0.03227050687944685,0.03991602632137136,-0.2818955196134998,23.863219260881888,0.2502843595942084,0.2051522183118121,-4.558669320172484,-218.27388367684688,0.021448873128524698,0.02495575500419667,1.484986999466777,-3.0761181078140045,0.2502843595942084,0.2051522183118121,-4.558669320172484,-218.27388367684688,0.021448873128524698,0.02495575500419667,1.484986999466777,-3.0761181078140045,0.31063095729132734,0.010490317341641471,0.26348053438360886,0.009641243636143933,0.28759124494406013,0.02854025237171783,0.2502843595942084,0.021448873128524698,77.61590209820972,96.35904483438726,175.07909853017085,166.1777587336516,69.8449622910027,100.91790452224394,71.75337145850318,105.57956141333743,173.429933941406,31.088715534002468,168.16083495803733,166.28007589974965,155.7817990809333,159.7211985231337,38.967376004143574,2.9846223130013114,175.53160224649193,170.4951399584133,173.2521464928403,17.736488989253136,10.605732817354431,15.011659761147532,-9.038428224662558,4.765155682928738,-4.06124125681519,4.687624271077197,6.939288566461899,-6.658108919996753,0.3452033677967719,0.8200198863378806,2.038396631575461,-2.451492617355514,-0.08370209288646144,-1.2175004616043403,0.8942786539328748,-0.11058215599147987,0.9414022757702433,-3.0571734028473676,3.298399228242594,-1.0720459451740172,113.9587848070956,128.44111438305086,-454.78147224588497,427.10002966501816,-133.1948727834774,350.02561560291645,-234.07333627255323,827.926906353801,-377.0228272618,131.7606179995675,40.625000768712404,-173.54665229418555,-198.67851317303365,490.010475224274,-290.17092852532267,-156.70445744539296,305.8675551242754,-246.7740462778141,-28.672099992962313,126.28304859189308,257.6159020982097,341.25685726382244,346.1777587336517,249.8449622910027,170.76286681324666,279.0094953547435,353.42993394140603,148.91128446599754,160.7504495079602,174.4703736082106,198.68857452727724,218.96737600414357,177.01537768699868,181.48377544050675,190.98863548209343,197.73648898925313,10.605732817354387,-4.405926943793103,4.765155682928693,-4.061241256815147,0.6263830142620284,-6.312905552199937,0.3452033677968161,-0.8200198863379027,-2.858416517913364,-0.40692390055789396,-0.32322180767138836,0.8942786539328637,0.11058215599147987,-0.8308201197787635,2.226353283068604,-1.0720459451740338,113.95878480709577,-14.482329575963936,427.10002966501816,-133.1948727834687,216.8307428194368,450.90407909198785,-377.02282726180874,-131.76061799956642,-172.38561876827882,1.1610335259111173,199.83954669895354,-290.17092852532045,156.7044574454003,-149.16309767889265,97.61094859892148,126.28304859189694
175,swing,stance,0.8793969849246231,0.306816226759177,0.16665228161602968,-3.8618468293492723,534.3310369031785,0.020375280214607355,0.005711435950026186,-1.2432819676942317,300.2850567460789,0.3050164393752556,0.315656169653542,-3.4382072349012995,-1188.1646015111885,0.009981885638322752,0.0018473190461517758,1.645374214348465,-159.4734199668573,0.31582055747680743,0.30902013263148553,-5.75951238112508,-1154.1968003445097,0.0062016659507178745,-0.057255591843245635,-1.5583416660863583,-156.84473722013612,0.3203601103724471,0.36202180630424224,-0.18886718761649413,-2093.1585488400165,0.005254940843990141,-0.041148513901092434,-3.3075178863274157,31.954342041544663,0.27343336732247364,0.2256629207080115,5.0300878162494245,-1005.2753976444594,0.025247412803801633,0.05617940138975487,-9.358200515029749,-437.6383910465006,0.26786745982823623,0.12432588997450507,3.5262703084936833,664.4787975751445,0.01062362458664659,0.038471690227184295,-5.010039414389309,-106.89044346271348,0.2570926764176882,0.07441814616192095,-2.0037159765691466,734.4651453137747,0.01207128212487997,0.026694795920731238,0.883909680144367,1136.4578525892898,0.25845056980145,0.03371310181777822,-0.2952923488944586,203.91866584026204,0.0009388899053886512,0.006674640529135459,2.6997889944252558,229.07758333443917,0.2630807195782736,0.0013558304925834427,3.0889528324028785,302.85781007272834,0.0003837734607579357,0.009367470535247968,1.197564116723441,-170.34237061455352,0.33396451807722055,0.2678104180484381,-3.7739711239991593,-1668.5983205368568,0.014850507527400122,-0.10558341651238241,-1.6392847464938538,1504.417507707998,0.30931974391747574,0.23853954419179194,-1.2950892865189312,-1197.8963206161407,0.030089377975279746,-0.008746989775097917,1.8112887923594432,36.67105647353457,0.29559190340320124,0.26977260606687453,-2.901584590718379,-2445.8308291195112,0.03526590056625428,0.0358400609030282,-0.37895226880601535,-614.8694019086132,0.2777753368799975,0.20391313988941662,2.6840500621239616,-277.40992390768076,0.03694851951662445,0.046140606450884074,1.975891792678889,-428.48460928311243,0.2649591428596923,0.2343232879794228,-3.2555231992596076,-1285.4258631393463,0.0325927626543288,0.041402732118452176,-0.5480521069257747,-107.93445930537267,0.25118005180139313,0.18115966788672058,0.17331562355776925,584.4810836311403,0.02163458064818577,0.02172341744790963,2.42023557783286,262.7377726902783,0.25118005180139313,0.18115966788672058,0.17331562355776925,584.4810836311403,0.02163458064818577,0.02172341744790963,2.42023557783286,262.7377726902783,0.3120033334959218,0.01045344316190953,0.2639849585896243,0.009852996576294955,0.2887984494898301,0.028563608148012194,0.25118005180139313,0.02163458064818577,80.17571835170354,99.45999280992677,172.4959279845074,168.21979755726935,69.16285458308371,103.18493492375853,75.39338885857491,103.79105591810388,173.1633447301635,31.7301947558296,168.93036543924728,164.7345234003812,155.8338927121065,160.2766319284334,38.49439176400201,2.375348259761073,176.32162290990632,170.060528003259,173.37066341445413,17.87183741261946,10.88074966557363,15.251351029457263,-9.5992988277612,5.228697463877544,-4.691336692918303,5.4509162841469,5.024207955900271,-2.613638510093744,-1.650989854577908,1.5121291458880302,1.8624617045301484,-2.696454541035333,-1.3986512355453653,1.2553571032723247,-0.5348421771097607,-1.3330418902687589,3.0829708472636375,-4.347140044222919,3.079679626855915,-0.4824685396278415,-137.63984614130763,-74.47869902858213,-139.62368912609077,63.26342900847131,79.61267931097242,-317.9484453719717,-482.4063896854334,805.8048535262811,-561.7342299018381,100.74876218198152,-215.4910354184901,199.3420461906488,-170.50437258740962,250.5070590695687,-164.60245943628277,-186.71161128635515,314.2379048146846,-182.4442459267292,-74.86180882982926,129.7797612282257,260.1757183517035,340.71572554177675,348.21979755726943,249.1628545830837,172.34778950684225,276.9544006482673,353.16334473016343,148.2698052441704,159.3394398049231,174.6049164045419,198.7710236924354,218.49439176400202,177.62465174023893,181.3030288303326,191.24250082707357,197.87183741261947,10.880749665573608,-4.370601363883611,5.2286974638774995,-4.691336692918259,0.7595795912285968,-4.2646283646716965,-1.6509898545779964,-1.5121291458880413,-3.3745908504181896,-0.6781363093828123,0.7205149261625972,-0.5348421771097275,1.333041890268803,-1.7499289569949228,2.5972110872280405,-0.48246853962783043,-137.63984614130763,-63.16114711272533,63.2634290084714,79.61267931096809,-238.33576606100365,244.07062362443637,-561.7342299018469,-100.74876218198041,114.74227323650973,-84.59977295413029,85.90459963327493,-164.602459436285,186.71161128635515,-127.52629352833381,54.9179523983954,129.7797612282334
176,swing,stance,0.8844221105527639,0.30757253187007594,0.1569223147338096,0.10698726600199143,693.1146606881707,0.020404643294021793,0.0060325041430645855,0.15279880109343927,104.93291375766498,0.30679410272447805,0.2544818510671428,-10.231430205398484,395.9616514700268,0.010000451658887091,0.004123042866002669,-0.18380824509210497,-227.06412420929684,0.31741221995945873,0.23437601472080677,-10.478381547937659,915.0053135342101,0.00578087400247386,-0.057599257211161194,0.6496993780393622,184.90266299176588,0.3223364358193901,0.27310192316535026,-9.825965330394633,87.69733078358311,0.004862281810699115,-0.0433771602732834,1.4182839054273662,-252.43743781399778,0.27469788176080784,0.2360199591930661,-6.87585236507824,-1751.5230074684298,0.025247412803801633,0.0,-5.180919250805379,904.0338256163145,0.26837725890666786,0.15633102199121,6.161417259537611,-1013.6275243860066,0.01062362458664659,0.01763521189317585,-0.18315245624627532,511.968590416098,0.25725763200916496,0.08143456896106374,2.031446476338474,36.55919763329039,0.01223207408279492,0.05168821288305713,8.488999241857849,538.3765982934739,0.2585965808602204,0.044115334652577866,1.7127330972339025,60.851209115338804,0.001005971719751822,0.02713355773291726,5.044608854980224,311.64805060504574,0.26309116651339237,0.031044752084451174,3.178702220170139,-341.67282765162446,0.0004779188932729911,0.012035820268577349,-0.363025968262715,-208.11337235091094,0.33513264439859847,0.22003622416378044,-10.415800555215526,-232.44267011310805,0.014467727661014881,-0.08995464543844794,5.244156032373753,718.3947585927814,0.31054468491136555,0.18046292166137293,-8.007181808367934,440.01539140232325,0.030089377975279746,-0.0021665041412813374,0.654758320564766,-158.77430221504696,0.29683800322582793,0.2310448145244324,-15.538823019339643,-858.0691638291512,0.035433571982349796,0.016683305901503877,-3.5660860598513695,-328.3802687977389,0.278933848992969,0.21089943312206091,-2.657631140046111,-726.150304852577,0.037206333599333535,0.0495584291509502,-1.9957528262974225,-665.6906016782725,0.26601854156828525,0.1978608632183402,-5.893105937446666,-75.18778381188527,0.03268661473993381,0.0344079649452329,-1.3666639548433805,-145.4537786510838,0.25210505977397446,0.20689408387520677,1.3155124248641281,-865.7314943886507,0.021667198932021278,0.049279730660808437,4.1255676295198365,-347.80642072734764,0.25210505977397446,0.20689408387520677,1.3155124248641281,-865.7314943886507,0.021667198932021278,0.049279730660808437,4.1255676295198365,-347.80642072734764,0.3135288225933507,0.010262062691520465,0.2644041040100507,0.009917400417253591,0.2899287971451701,0.028591804148322176,0.25210505977397446,0.021667198932021278,85.72117066538495,107.39375400800905,168.89425251000878,169.4331641473671,66.6252677654528,105.14400944710998,74.96768104402096,103.50235514382352,173.29924102471824,32.42932187756077,168.87133898134906,164.35399155653525,155.0578257866221,160.9084542057024,38.379067592230435,2.3271398631669875,177.35918331862865,168.0912093654357,174.56839164604864,17.654075806719987,9.222417780758368,14.263130122669317,-10.441681381708703,5.400969039797799,-3.2611138265541575,1.4921625085448045,2.0909831424876733,1.4404323214734438,-5.30036678197047,1.8325702600261413,-0.12734241785660985,-0.44805496719823096,-1.7973138776845554,1.3001584235169639,-0.7600174208036427,-1.9870807618845046,4.099572173405278,-4.8907839146738,2.5460192400031008,0.23227326314986496,-403.4795254073051,-379.1032840245545,434.06073792401634,-458.43697930676035,269.94704472741455,-829.5805203480967,-669.9682573598716,1084.9954223519137,-974.660640612733,19.053435710343756,-424.48535225338986,508.0541326688301,-17.201520964250633,-18.46653097760343,-66.95416418393432,44.01049009987991,-138.67916449750825,178.7422096109216,-258.69230864869996,174.61877343540053,265.72117066538493,338.3274166573759,349.43316414736717,246.6252677654528,171.76927721256277,276.8015961685418,353.29924102471824,147.57067812243923,158.69933914109018,174.34534758455496,199.28752179793287,218.37906759223043,177.672860136833,180.31367681820436,192.22246745276863,197.65407580672,9.222417780758324,-5.0407123419109485,5.400969039797755,-3.2611138265541575,-1.7689513180093754,-3.8599344604970485,-5.3003667819705145,-1.8325702600261524,-1.7052278421695424,-1.2571728749712674,0.540141002713288,-0.7600174208036758,1.9870807618845046,-2.1124914115208173,2.7782925031529824,0.23227326314992572,-403.479525407292,-24.37624138274841,-458.43697930676035,269.9470447274037,-559.6334756206843,110.33478173918527,-974.6606406127241,-19.053435710338256,405.4319165430516,-102.6222161257917,-85.42069516154984,-66.95416418394203,-44.01049009988284,94.66867439763422,-84.07353521329176,174.61877343540382
177,swing,stance,0.8894472361809045,0.30839333544996905,0.1677275305205723,3.1041296599789536,441.95427796738215,0.020435908396949712,0.00724710229267379,-0.18867981937600947,-86.95160518184021,0.3075740459186439,0.21282772537818218,0.5413068502245273,1198.7166187781265,0.010023323255066496,0.0,-0.6366772852424176,-373.1424480519242,0.3181760953131974,0.20370976531553103,3.436520920726115,423.833145841245,0.005622778943570536,-0.0507259498529004,0.2999765549363813,-611.112809189027,0.3231048533188325,0.2632683858982678,0.6925130212637225,-705.5309919598461,0.004818989484459663,-0.0268944042988076,-5.844577562849961,-1590.4089911773358,0.2758054272138612,0.15655887683787967,-12.573158489965639,518.4843678626194,0.025247412803801633,0.004109861180656506,-0.27243342340865934,355.94415135808595,0.2694386258783991,0.1862496815276458,-6.660940991868011,-1812.2437146032287,0.010800862897130767,0.036630962023704174,0.13537355461660908,-587.8648135496909,0.25791111429669383,0.09483469366280978,-1.6362868546265361,-170.6220177153231,0.012590761651342847,0.11201137121578347,6.294729763495766,-1478.0933939608465,0.2588939399989633,0.05092649977992769,0.31627759196320704,-244.39292288346394,0.0012115889780812822,0.05737422701134786,5.831930206536213,-201.72809688466756,0.2633927271369113,0.03330258647419231,-0.3449449329400199,-182.59091362586406,0.0005047364785325803,0.005718968341652908,-0.8940275651952249,-20.498132482308726,0.33617593741554996,0.16312900543320852,-6.110078361316787,1268.889397917122,0.013946440739074029,-0.05287833075988332,5.580763078559097,-827.41984159088,0.31113344162261514,0.1580653551629699,3.1271759537053443,1439.4368430723152,0.030067604064312095,-0.0021665041412812893,0.21556716205749213,-383.3402456579502,0.2979139618406327,0.11360353049562459,-11.525395282468489,2794.6066931293117,0.035433571982349796,0.0,-3.679256477828458,-61.177464066067195,0.2798949291726815,0.17720327918543607,-4.613942951469649,298.19702506066204,0.03744659418145811,0.02608278910116159,-4.7144660131327765,-59.64872658218014,0.2669476942488213,0.17509609262820108,-4.011179317972009,448.7217378048311,0.032938571347245704,0.02766741598937322,-2.0098991285446814,0.22371768058303357,0.2532593893277771,0.19438089828736485,-8.527503415523993,-1004.1940955219355,0.02212985432316876,0.06318640869936454,-1.0753063390248432,-708.168996276625,0.2532593893277771,0.19438089828736485,-8.527503415523993,-1004.1940955219355,0.02212985432316876,0.06318640869936454,-1.0753063390248432,-708.168996276625,0.31431208250016074,0.010225250020011602,0.2650883669049658,0.010071072561777823,0.29088755893801294,0.02866043943960142,0.2532593893277771,0.02212985432316876,85.5010865831068,108.04273518059352,166.72069737725323,170.73765402525999,66.21622567046023,104.95782812089655,76.23763499296186,103.8657689245566,171.07064987383828,32.77150091686244,169.32140637620904,164.2815420564455,154.42823996454933,160.90157685514126,38.295733830792464,0.7909164061437395,179.5590459120339,166.59777394368106,175.13506883830829,17.917194899832968,6.8256790584651075,11.441267772929145,-5.236879351137997,0.6212906366740041,-1.9783010675171997,-2.8865763826679935,-1.709141364299325,8.29083809645796,-11.446574182343895,1.7036209620723861,-2.403722740227463,2.409617144078447,-1.5715308432262731,1.0697638271155097,-1.2077483498126063,-0.8907254068528883,1.6892104000525239,-2.5507359275302717,0.4797569268690269,1.2724940074615798,-487.70295419752733,-424.48491951387064,1020.8832146274906,-1084.1012493111516,164.1927319992757,-617.3025015248545,-489.6079811585396,1119.0846183366011,-1082.5864067036425,-3.7154841585793816,-320.9599864116075,377.3284530426058,86.26705942762491,-14.184667864339476,-124.73537403571879,284.47794572289746,-587.1792192968062,682.518988963977,-605.1994034797364,225.38168808968882,265.5010865831068,337.4583514025133,350.73765402526004,246.21622567046023,171.17405379135678,274.93641879839487,351.0706498738383,147.22849908313756,157.9070927069285,173.62555065048304,199.1973106859337,218.29573383079247,179.20908359385626,179.65003768182237,193.05226373814128,197.91719489983296,6.8256790584652185,-4.615588714463993,0.6212906366739599,-1.9783010675172659,-4.864877450185215,-3.1557360858859345,-11.446574182343895,-1.703620962072342,0.700101778155121,-1.7095153659234141,-0.13798452269718503,-1.2077483498126504,0.890725406852903,-0.7984849931996209,1.752250934330651,1.272494007461624,-487.7029541975142,-63.2180346836567,-1084.1012493111518,164.1927319992757,-453.10976952557877,36.498211632963056,-1082.5864067036382,3.715484158584883,324.67547057018794,-52.652982472426714,-138.92004190005605,-124.73537403571216,-284.47794572289746,302.7012735739174,-379.81771539005524,225.38168808968118
178,swing,stance,0.8944723618090452,0.3092582356944033,0.1881195977486736,4.548738803362635,-47.801011081889705,0.020477478492943138,0.004136224551345889,-0.721086678121039,-466.14375217916506,0.30893307483883164,0.2599221209186456,1.815972998401834,-1510.5231360734786,0.010000451658887091,-0.0022757238198508026,-3.933983602397892,-485.12246874759956,0.31945955428423795,0.2689139134215719,-6.218751941492966,-3004.248802964141,0.005271065461238678,-0.054584417463056846,-5.492137900242342,-1170.5188694561684,0.32498234924550334,0.28006185302729725,-16.916729068684575,-2841.5874060492156,0.004591986290108083,-0.1021166332667506,-14.565726056153968,-42.60889657869551,0.27627133780942975,0.10965655728386314,-1.6649541956046554,1767.3510333687739,0.02528871794129567,-0.0027380243558659347,-1.6035910964527413,3.141369098025838,0.2702491150024231,0.0893868914196719,-12.052087409841652,1094.0726736912127,0.010991774958744122,0.01899575013052871,-6.091341537147717,-413.32773642443726,0.2582107445082887,0.06498947494471657,0.316652328445772,982.1951902656998,0.013357816507074155,0.11495182859658269,-6.366210747698462,-1585.5524531949263,0.25910840497861165,0.04729400391853976,-0.7434771830019267,322.13481688174255,0.001582597116850798,0.08574592161770357,3.0171907958378275,-864.0815764943673,0.26342586587494204,0.027577968838822818,1.3436176611162207,11.987539050520583,0.0005353959620333221,0.003050618608323793,-0.5690373499944619,-258.62696030981397,0.3367721318903895,0.1586284014369783,2.3368567102832425,697.8500182603486,0.013936287150865298,-0.03386657429715024,-3.071621270047188,-1029.4648718563162,0.31213328144566677,0.2118918257187132,6.459520132057407,-399.03776957784595,0.030067604064312095,0.0,-3.197907464942288,-778.9290343271477,0.2979797472509096,0.11521169610766316,12.54767640909577,2194.353513018121,0.035433571982349796,-0.020294146136973248,-4.180934944937475,68.75590049541212,0.28071478647221965,0.16452814717764214,0.3393238856891992,632.6363143740078,0.03746847218326481,0.0021768611797663056,-2.595237515565567,407.6509002799666,0.2677783012931918,0.15754750323872185,-1.3833397283528677,563.3956922373354,0.03296467922223907,0.014207973703577724,-1.3644155359430485,269.1416912966198,0.25405863664118417,0.1211905319603924,-8.77689054520562,1264.396401165678,0.02230223821543198,0.0384726317761366,-2.9917087149688872,88.40577010555235,0.25405863664118417,0.1211905319603924,-8.77689054520562,1264.396401165678,0.02230223821543198,0.0384726317761366,-2.9917087149688872,88.40577010555235,0.31565830351574403,0.010085245475794247,0.265453093634739,0.010351260497199612,0.2915728141655936,0.028695475469743843,0.25405863664118417,0.02230223821543198,88.22236147717385,112.4160157906004,162.81621031755878,172.99013536901467,67.15798139136565,101.72273838301358,74.52132157831355,107.99321100069349,166.36618719537216,33.21319454565368,167.54980860109038,165.9590373860874,154.08257244200956,161.3422914969053,37.85309552825363,1.1363504116150211,179.3762350236225,165.50901129976188,175.88601715977853,18.0923861052221,4.320880552642494,9.996950027052508,-0.18154857138212044,-5.494520903027893,-1.6109356155061534,-4.711882732911047,-2.8297000852363645,12.687513912796115,-16.180632175976974,1.795228710693685,-3.353070924505945,3.3441907920239546,-0.9303082552963615,1.157598947493451,-2.013639270408862,0.8719940695014121,-1.8017265129948092,1.9687034115973563,-3.536386825119904,2.4974158570160943,-709.6643303531181,-311.19209087823765,386.1785034724248,-784.6507429473119,-34.47260677931787,-59.329046609668396,-18.81016872739613,774.9240494257036,-849.9155340872871,-8.776462476237311,22.317364813868807,7.6607747372861,108.76886128120746,-44.444326901928946,-85.52621145419829,261.07806824440826,-474.92552780004576,639.7637397417756,-459.9846040091119,34.06832382298537,268.2223614771738,335.8063456865735,352.9901353690147,247.15798139136564,168.8807197743792,274.3593981960656,346.36618719537216,146.78680545434634,159.236996853256,173.27795946716856,199.19538702515894,217.85309552825362,178.863649588385,179.48741456476247,193.9784032650006,198.0923861052221,4.320880552642582,-5.6760694744100135,-5.494520903027937,-1.6109356155061534,-6.322818348417222,-3.4931182631808353,-16.180632175976974,-1.7952287106936409,1.5578422138122598,-1.7863485782117392,-0.856040322915422,-2.0136392704088286,-0.8719940695014121,0.9297324434934413,-1.0389709681038708,2.497415857016078,-709.6643303531401,-398.47223947489596,-784.6507429473031,-34.47260677930687,-93.80165338898408,-74.99148466157476,-849.9155340872828,8.776462476229622,-13.540902337643569,-21.20167707491209,-129.97053835611078,-85.52621145419063,-261.07806824440826,213.8474595556331,-425.91628018613807,34.068323822978236
179,swing,stance,0.8994974874371859,0.3102839846735738,0.2134434983935638,2.623717488301668,-463.17017134144726,0.020477478492943138,0.0,-4.873541650322412,-824.0640763822976,0.31018632854094186,0.2310787102867434,-14.639830195740146,-2404.9837092754533,0.010000451658887091,-0.03953752364219004,-5.512279986223339,603.2920119390642,0.3208787477093941,0.14120974580303863,-26.756934385446286,-786.3676472061456,0.005074191833389058,-0.10592331568448196,-11.46403218331662,584.1734718202766,0.3259195453090566,0.0932510083235477,-27.866154376215956,213.79953006544403,0.00379269166268327,-0.17328361089332048,-6.272807679218762,2166.388802946695,0.27690750316646284,0.1398256688418529,5.189163453439201,624.45197589313,0.025219894971079362,-0.012006632251029405,-0.24086187468478143,276.58962574562554,0.27033698659618477,0.06512317489607086,4.334764271360306,2336.9735343819048,0.010991774958744122,-0.024588550912454054,-4.01867404763906,881.1586927779188,0.25856427484890204,0.09801712912457634,8.235021590254911,843.8444479728674,0.013746056411107502,0.048029353650974535,-9.640470771126678,438.22564995800434,0.2593692566212602,0.043454367287445984,3.5538134400209356,952.9441035310776,0.0020733570345406183,0.08769775259765782,-2.8523067431559572,-984.1527199706711,0.2636698926528794,0.046806281560787553,-0.22446715353780244,-415.0895131589501,0.0005353959620333221,0.0,-3.4932934979571852,-285.86458791927845,0.3377701927063739,0.18661500252148241,0.9034896614003151,-154.738062394697,0.013606073158198145,-0.0837488962879959,-4.765617543112468,225.20913177451072,0.3132630077102404,0.22298515548515518,-0.88325389129815,-700.0685519259134,0.030067604064312095,-0.03430627765828935,-7.612865343743022,-180.44695252033546,0.29907186833417704,0.23971083108955246,10.52840886846749,-1638.060857138822,0.03522961071464152,-0.04201944668278887,-2.98824240249768,469.40630168751665,0.28154847839054725,0.18061356949387025,1.7442109618369905,191.1667580478435,0.03746847218326481,0.0,-0.6174720404697775,-104.41090583636553,0.2685310862411703,0.16119318078545863,1.6510889457198286,515.8743282560819,0.0330813650528093,0.013954697035171668,0.6950424925268861,272.4788133651106,0.25447738462386144,0.10617094305916729,4.179998103729108,1705.0270161898804,0.02251651393900933,0.033118984428320314,-0.18680613695898665,548.2481409486664,0.25447738462386144,0.10617094305916729,4.179998103729108,1705.0270161898804,0.02251651393900933,0.033118984428320314,-0.18680613695898665,548.2481409486664,0.31681715155824164,0.00983620341197564,0.26576958277713786,0.010513295867500985,0.2924436696677284,0.028661606518705866,0.25447738462386144,0.02251651393900933,89.46596278697642,114.20264627360334,169.52720380591967,165.7361127074534,65.21260422023737,101.61961370738204,72.88718791928986,113.6227135754044,160.3223164329251,33.8893459374884,166.09943848881284,167.29211754866012,154.09430933235214,161.69082335188816,36.93396534079834,2.027399826355938,177.222700651122,168.23630184883618,172.88182324047594,19.631774433209937,-0.3066257692044526,8.313709070635285,-1.3556883614653696,-7.264646478374391,-2.3247594271083356,-3.482848207890794,-1.898188286182704,16.079019497721347,-19.988438846537772,1.615415309044875,-2.1794276164699866,2.4866098550059457,-0.47837645849051497,0.6230871748348148,-2.0673082639251557,1.73317477650801,-3.0839104823600167,3.879050401532827,-4.143203917443675,1.6148892217629418,-1354.0636947986256,-964.314022231645,-410.28126211603734,20.53158954905689,-27.742004723427346,258.13816919941536,372.2028982194297,402.7386819120412,-544.5454156554762,-60.99996463845172,365.6819745776196,-342.59493633425456,214.6167217260152,-192.91604168085374,16.21224634993399,-7.609399728228519,34.22630396092583,136.80269152791405,118.76451920361329,-282.1841149642481,269.46596278697643,335.26331651337307,345.73611270745346,245.21260422023735,166.8322179276194,273.9450300083295,340.3223164329251,146.1106540625116,160.01121557369876,172.71909802503868,198.6247886926865,216.93396534079835,177.97260017364405,180.74989952252204,192.51359767368587,199.63177443320993,-0.3066257692045631,-8.620334839839849,-7.264646478374347,-2.324759427108291,-5.80760763499913,-3.9094193488163373,-19.98843884653773,-1.6154153090449082,0.5640123074250343,-1.922597547580823,-1.4442210890902638,-2.067308263925123,-1.7331747765079952,1.3507357058519773,-2.5283146956808054,1.6148892217629143,-1354.0636947986386,-389.74967256698045,20.53158954906564,-27.742004723427346,230.39616447599244,-141.80673374343297,-544.5454156554673,60.999964638442925,-304.68200993916787,37.912926395095454,-176.70379533091094,16.212246349929572,7.609399728227072,-26.61690423270317,-163.41959576062604,-282.18411496424375
180,swing,stance,0.9045226130653267,0.3114033964822783,0.21448861773160505,-0.10623779303383918,-453.04694629585384,0.020477478492943138,-0.04484409354234691,-9.003137697038639,-172.40243758983533,0.3112554739371909,0.11278814910216108,-22.354717547080217,390.1263486352684,0.009603089612231913,-0.05767552267636702,2.1292526984972513,880.0867122252098,0.3208787477093941,0.0,-14.12194437572562,2599.524875671709,0.004206509524711216,-0.16980082131548568,0.37895226880568983,2371.5099513200516,0.3259195453090566,0.0,-14.767990073051962,2089.2248462898547,0.0028504424620345026,-0.1651599265252309,7.207025732255119,1585.804135585584,0.277676620913368,0.16180895380084026,4.610945059602708,-195.36146455833924,0.02516804827043105,-0.0051587467145069645,1.1762041371716478,65.35352743672965,0.2709036192727354,0.13295236148359477,11.435083789976591,815.9543104616216,0.01074465384404609,-0.021392933765341415,2.7645247219268807,611.6534602504089,0.25919584128341006,0.14775351102768086,8.79750105179121,-492.7754777371292,0.013840523578943248,0.018062675117922183,-1.961932858673274,1706.08967517246,0.2595451322880332,0.08301072190870007,8.833850490677287,-58.16659694839013,0.002463981565068468,0.05707952218900036,-6.873791314420217,306.11103801091474,0.2638962807650002,0.025322017546985598,-2.8281362399787735,510.4864607823721,0.0005353959620333221,-0.03205785875808023,-3.442048283856569,639.8605311423875,0.338647659553922,0.1677086995415041,0.7817003043063813,192.84464065204597,0.013094589700734682,-0.08176222799677324,-0.8082129105043568,-119.29745316436885,0.31437433828471356,0.2030149021880785,-0.5763447114191398,296.0903502353449,0.029722817354178532,-0.07651120948485482,-5.011444676201949,648.65077167479,0.30038890133221163,0.22102485056462332,-3.9152467782291436,-1989.6704784359422,0.035011265985537846,-0.05032673309674906,0.5367163283039195,620.788598873708,0.2825299982259269,0.18205790558806423,2.2605978359187904,240.96258511464853,0.03746847218326481,-0.004028887970683747,-3.644593353116984,-398.46915380653945,0.26939833326088486,0.17414136198967498,3.801326887286169,110.44196164170798,0.03310492743364783,0.021193325387265052,1.3740650003897337,-183.36460393777898,0.25512568129504515,0.16320056315364995,8.35905936625054,-451.8537853327209,0.022635092330289472,0.03659518316348346,2.5183228523544177,113.09860909853701,0.25512568129504515,0.16320056315364995,8.35905936625054,-451.8537853327209,0.022635092330289472,0.03659518316348346,2.5183228523544177,113.09860909853701,0.31736429085948,0.009284380022980192,0.2662434989045094,0.010550520644104435,0.293410818658784,0.028506194164608867,0.25512568129504515,0.022635092330289472,89.22066288704006,118.50368345429487,165.77411893812157,164.94286049462363,64.8459803161034,100.34239489108563,73.4297902632652,115.66322957991247,156.09535536401134,34.4127540946271,166.30084016375372,167.1205422433001,153.7846387301361,162.11897255499048,36.26225221319249,2.597035737714643,176.58302631728637,169.8536381416133,170.71249031508577,20.25380948829991,-9.287799797092495,0.305351813669098,-4.304978341392564,-5.288173269369029,-1.889749733329545,-2.1175292736204288,0.9110325601850559,16.735138856635743,-21.653450423770728,1.1821637394529616,0.322124799892258,-0.09897439726505054,1.2266437218495294,-0.781255742766394,-1.8507021211632935,0.7955176903232357,-1.4577435586136436,3.3436048339884583,-2.3427735667921272,-0.33860539890600977,-1600.0578083218736,-1725.8914850406147,-271.24864899885563,397.0823257176032,299.2528008055666,-84.67807778941359,360.10158862953,-36.15822972096495,-109.36863589241447,-43.89566538859168,313.3107058765294,-419.52076638661555,375.4710462209432,-236.54688504734247,11.181564725074791,-135.20715379019504,326.1034044558689,-221.48081570314193,357.4119099174842,-326.82734488002916,269.2206628870401,330.71697943274523,344.9428604946237,244.84598031610338,165.18837520718904,271.7585849439238,336.0953553640113,145.5872459053729,159.28640574161915,172.16586349831906,198.38122476818293,216.26225221319248,177.40296426228537,180.81993794499897,190.96629980338568,200.2538094882999,-9.28779979709254,-9.593151610761593,-5.288173269368985,-1.889749733329545,-4.007279006949951,-4.918311567134942,-21.65345042377064,-1.1821637394530058,-1.5042885393452197,-1.405314142080125,-2.63195786392961,-1.8507021211633046,-0.7955176903232503,0.6622258682903932,-2.6813789656981095,-0.3386053989059822,-1600.0578083218584,125.83367671875206,397.0823257175945,299.25280080556223,214.57472301615303,-145.5268656133835,-109.3686358924053,43.89566538859716,-269.41504048792785,150.10572589867888,-225.36532032227313,11.18156472507373,135.20715379018915,-190.89625066566657,30.58456503746218,-326.82734488002643
181,swing,stance,0.9095477386934674,0.31243964917338896,0.2123757818806609,-1.9295181528627123,-279.8335321140392,0.020026784085482363,-0.09048379595013746,-6.606229465295639,244.41156602354909,0.3113198777781495,0.006408182175383473,-10.718962370260044,2344.449433541042,0.009420798164652244,-0.018137999034177375,3.332812598954688,-415.79795248075555,0.3208787477093941,-0.0007193434002345639,-0.6310562379918059,1335.930129528168,0.003367650915645476,-0.10211475016884687,12.370238684221691,566.7328143058824,0.3259195453090566,-0.05517100246089477,-6.868919740136925,1877.2896302292945,0.0021327929036357163,-0.10085119147367072,9.664922326666574,-299.06393107289335,0.2785337238076773,0.18616682521976977,3.2257316488327676,-264.47158471478315,0.02516804827043105,-0.0001854851437766111,0.41595749653863495,-123.04472431393651,0.27167319123421085,0.18004864012196675,12.535310105145484,742.5749112343512,0.010776770599293453,0.00319561714711271,2.1285969096515087,98.26799119072382,0.260049234758728,0.18643422512247834,3.282504226062637,-619.1759672597971,0.013927590834403203,0.028311435473353606,7.506159130104149,917.0467373694836,0.26020353523340795,0.1322367842791779,2.969224525966761,-339.3424351457728,0.002647020574128564,0.01861442280448951,0.2241861011748575,1361.6110549436517,0.26392438529154255,0.01838280176200579,4.906050040254904,2728.0506831596745,0.00021320642677623292,-0.034593450089010894,2.9374656090015105,710.0705965615084,0.3394557072746302,0.19447128698687322,2.8416267533806847,-130.80027057380516,0.012784342223557205,-0.0918716391071352,-5.964586921648843,-92.96401784710241,0.315303358486,0.2171927463251638,2.0925285231274398,-684.2218828857708,0.02929864718506732,-0.08467255581107297,-1.0937621108305313,581.1159968525268,0.30129322361623356,0.2003616172380031,-9.468279357019451,-186.39411419559005,0.03472381440211138,-0.036625312729985635,3.250838993218004,23.45307017983214,0.28337820608489966,0.2033331457342602,4.165945485602313,88.01426416439853,0.03742798084687603,-0.036629078925798995,-4.622187154103358,363.66241133776725,0.2702812506832776,0.1993974711099429,2.761058409455592,-747.4034845068531,0.03329436329790744,0.02776439553155096,-1.1478178485563277,-399.7648520398459,0.25611759128872225,0.190181589956158,-0.36124596996659847,-1149.5360153328033,0.02288430472457198,0.058428761838917584,0.9498633012172697,-390.62039184656135,0.25611759128872225,0.190181589956158,-0.36124596996659847,-1149.5360153328033,0.02288430472457198,0.058428761838917584,0.9498633012172697,-390.62039184656135,0.3176394549924973,0.00873700651735395,0.2668768140651133,0.0105465273410065,0.2943048895722939,0.028402242113348557,0.25611759128872225,0.02288430472457198,83.97308580242543,116.31709088917145,161.42082228090234,166.2351726323516,64.51217940230862,100.32151323101004,74.0500252772733,123.97243243361893,146.8112349224264,34.36258898705767,166.80538976295313,167.41568292749847,153.89977311089748,161.2012857082149,36.31527950337836,2.324309467554844,177.02476552182574,168.95424910764953,173.15116558858105,18.54551031438882,-16.387608767414306,-9.03193399509961,-4.081805436830765,-3.2738693354838886,0.6828064101335533,-4.333884165573346,1.720923157330176,15.715620204043306,-21.0876211168133,1.1742528428278713,0.9694236988720314,-1.729679254407294,3.2952018954888302,-1.7542684537817026,-1.9549307289997804,0.37430890926986327,0.19351066795023775,1.653112555270084,-0.551124420785527,-1.6698077117047023,-1024.9801220237946,-1637.4928582859413,572.7316907025497,39.781045559601615,586.9644039233922,-470.98841857165155,51.28216734915454,-648.1000416247824,712.7938596273553,-27.57130081586461,117.43907269787583,-253.67981958910983,337.2899717272551,-127.18113269726112,-46.296791322898684,23.321165309079433,206.64036353925567,-380.66948493160794,226.91731941301913,-76.20936332974351,263.97308580242543,327.65599491325395,346.23517263235163,244.51217940230862,164.83369263331866,270.7836673560454,326.8112349224264,145.63741101294232,158.8320212499892,171.41633832249073,197.51656521159325,216.31527950337835,177.67569053244515,180.6509250106194,191.69667590296987,198.54551031438882,-16.387608767414264,-7.355674772314697,-3.273869335483933,0.6828064101335533,-3.6510777554397933,-5.372000912769947,-21.087621116813164,-1.1742528428278494,-2.1436765416998806,-0.41399728729258656,-3.709199182781461,-1.9549307289997582,-0.37430890926990745,-0.5678195772200568,-2.2209321324902294,-1.6698077117047023,-1024.9801220237903,612.512736262147,39.78104555959729,586.9644039233922,115.97598535174075,64.69381800257753,712.7938596273509,27.57130081586901,-89.86777188201123,163.81204770708982,-173.47792402017416,-46.29679132289537,-23.32116530907942,-229.96152884833512,150.70795608327725,-76.20936332974627
182,swing,stance,0.914572864321608,0.31353782645092815,0.19509647549177914,-2.9186351007125753,193.1802171729142,0.019568093609022175,-0.11123835952521648,-6.546740048560802,196.09786859026102,0.3113198777781495,0.005059884074423849,1.2075883176534539,1149.946164413599,0.009420798164652244,-0.024179918666772757,-2.049621195781625,-332.5470105983566,0.3208715181274822,-0.0063422737486612535,-0.6955109131312056,104.92359218765161,0.003180230628541919,-0.04547681443888797,6.07475944775918,-1239.3027346616366,0.3253650628722637,-0.06903436924760606,4.099242391563726,1365.8337261644965,0.0018368626482287848,-0.06802502876978968,4.20135808328137,-676.1027953948056,0.27954764428241086,0.1942283673569479,1.9529391830722709,-224.22104535208126,0.02516618409813179,-0.000978269362359954,-0.06042625794326997,-31.702659650889945,0.2727131533443129,0.25893537761570795,18.89814822449255,-399.4665617991518,0.010776770599293453,0.0,3.7521427238436855,454.6036484897532,0.26106955208866106,0.18074350324941532,2.5746270089792893,1085.5154724092595,0.014125060618876445,0.09350146034509822,7.254617265642981,-1327.3449635362524,0.2608741451953616,0.11285217443097854,5.4233737555439525,3082.9601402450076,0.002651061191244239,0.05933264883397376,6.8107419010936265,1618.4296306688298,0.2640810325415028,0.07462905312743602,24.58945856564561,3262.419006342796,0.0001877230968171384,-0.0025355913309298944,3.694339621284092,-222.32876663720643,0.34060214485027246,0.19626776238955068,-0.5328752793499288,-276.55233946563976,0.012171256644381581,-0.1417078251992731,-1.7425246476611485,1384.7192270326284,0.3165571799563232,0.22404533960644435,-7.452946549466965,-971.6991024190032,0.028871836893765754,-0.08750379351330217,0.828917101210277,306.76354791258547,0.3024025859275684,0.12586626406191695,-5.788554458586799,2036.0546108742105,0.034643172390261615,-0.01765498442119181,0.7724255763424293,-348.7945071498372,0.28457354742928626,0.22392670443833798,3.1451633049077046,-431.81240978149873,0.03710034073677437,-0.05048303022297798,0.010305253292671943,704.589513387496,0.27140232794540686,0.2018906927379719,-3.7102659218278,-413.8963521958305,0.03338396658471869,0.009657467612829804,-2.6436722060408067,23.080207378874224,0.2570370540584236,0.1595699503901666,-3.1940664159884835,215.1418361488278,0.02322231606736401,0.04614154799983776,-1.4075102315305517,-94.2410729404353,0.2570370540584236,0.1595699503901666,-3.1940664159884835,215.1418361488278,0.02322231606736401,0.04614154799983776,-1.4075102315305517,-94.2410729404353,0.3177735713072059,0.00850149626261128,0.26765710549044985,0.010581359920872613,0.2954291400278801,0.02823214821954434,0.2570370540584236,0.02322231606736401,77.67046270285451,110.82906977372284,163.48569466095725,163.3556982681744,64.59384287092989,99.36278387323922,74.93230293483066,126.55362760129165,142.4706962080468,34.78215228897058,167.4003314428392,165.66449265318454,156.39614911255558,160.48220129793924,35.27467320451081,2.2137062834869736,177.05590220756375,170.5671779710112,171.5695078448795,18.593705693058546,-19.589107556125423,-16.151862842470724,1.4511190526028075,-4.888363766257462,4.00939000459389,-6.851081219064079,1.4264312270107204,10.221570599100357,-14.489693040581354,0.9050652387910106,1.502416987810587,-2.648520322783697,4.616492683932435,-2.0594580814323122,-2.315996506318046,1.0299012612687535,0.6190440146451708,-0.48221913517336257,-0.06219749228946298,-1.1045286484511572,-388.9349735622138,-923.0289186842555,550.3959716232099,-16.30202650117477,579.5340566955803,-333.75521865897423,-437.73567704490756,119.88251780092354,563.6319972805946,-85.67946673331137,192.74251420452882,-187.35990999569108,76.0514380274843,65.39497768052772,-61.14955318353291,213.2119597283406,-19.24494071069288,-399.14980659858213,-34.630706228526996,239.81349380946006,257.6704627028545,326.84139292913164,343.3556982681744,244.5938428709299,163.95662674416914,269.02432380933845,322.4706962080468,145.21784771102944,157.81751626819022,172.15302361500565,195.75687450245005,215.2746732045108,177.78629371651303,180.73039150894928,190.16321353793808,198.59370569305855,-19.589107556125423,-3.437244713654698,-4.888363766257462,4.00939000459389,-2.8416912144701656,-4.268122441480908,-14.48969304058131,-0.9050652387910106,-2.407482226601598,0.24103809618205513,-4.375454587750425,-2.3159965063180237,-1.029901261268768,-1.6489452759139387,-1.166726140740576,-1.1045286484511572,-388.9349735622227,534.0939451220484,-16.302026501161556,579.5340566955803,245.77883803660612,683.5145150815092,563.6319972805724,85.67946673330479,-107.06304747121962,80.29686252446267,4.245424496995935,-61.1495531835318,-213.21195972833482,-193.96701901765516,205.18278758093584,239.8134938094584
183,-,stance,0.9195979899497487,0.3144004177712963,0.1830427657930972,0.011991567468092174,440.6679013042034,0.01890881062291737,-0.15628017834773375,-4.635396615142254,1321.0342606301192,0.31137073088442513,0.018544748181950902,0.838285513293765,315.12499622396155,0.009177783906694728,-0.03873720703198274,-0.009368412084086354,297.52587201903515,0.32081500626468396,-0.007709402828688922,0.4234522262057024,145.52835121128152,0.0029105975041993637,-0.04106189139739756,-0.08506518172445965,-927.3470722458248,0.32522573255279924,-0.013972586465279263,6.858052382119381,-269.54251880770914,0.0014491242727835557,-0.0586264871190839,2.8699193578745277,-187.31694962792696,0.280485767700712,0.20579435469788313,0.9722538060982728,-375.32369543745705,0.02515821641754301,-0.0007927842185833471,0.097337801554815,214.40543211699512,0.27427555683838883,0.36997977805656607,8.520570790581127,-3024.271535375244,0.010776770599293453,0.040905594271170014,6.697477798995782,-445.80408638731706,0.26186575237932513,0.2123098734539286,14.192207466356749,986.7814027175036,0.014867304003700677,0.10122216176122308,-5.833991257194928,-1642.1064185291928,0.261337727941257,0.18674305317911735,33.95374854852979,3197.503592697251,0.003243328602610715,0.08706409015216444,16.48981053000739,1986.0071014165505,0.26467442602649166,0.2655130386026663,37.69418075726807,-836.5176939341005,0.0001877230968171384,0.0025355913309298944,0.7030056427984211,1223.6891048717735,0.34142824760015333,0.18911575654114526,0.062206256238564205,93.25298651796435,0.011360142975323298,-0.10938444963639304,7.952189229432909,484.17166860514277,0.31755507044184367,0.14228876090338494,-7.673291601686705,1606.0692288174475,0.028419212074380862,-0.0763417306732812,1.9892886219592856,163.1461185561871,0.3025582111947453,0.14218519051853754,10.994581053776724,1565.110250132803,0.034546377372752665,-0.028862241610966212,-0.2546334404487168,-152.4729208789843,0.28562872572749604,0.23494282719061918,-0.17387772828211556,-458.0433078285215,0.03692061370895665,-0.03652550854094802,2.45911448798206,7.64368741949908,0.2723103028715989,0.1621083663679548,-1.3987039241708628,878.800335561966,0.03339142327391578,0.0011948256215929907,-0.9158559653515607,251.21631214088322,0.2577213093830958,0.15808041994622335,1.800983539066856,668.3752138451835,0.02334803887532412,0.04428293036624866,0.002716839504347946,-155.84732922758428,0.2577213093830958,0.15808041994622335,1.800983539066856,668.3752138451835,0.02334803887532412,0.04428293036624866,0.002716839504347946,-155.84732922758428,0.3179529718683011,0.008111579076648754,0.2685278461772349,0.010846668543992998,0.29620031120315554,0.027997634713442226,0.2577213093830958,0.02334803887532412,72.70638954349143,106.27449516744377,164.76426453562814,161.66762984041952,66.64429720888218,95.1123924161051,74.35758882907152,129.88122138685512,137.51787940906058,35.54848237556524,166.6746372551141,165.76012730393535,157.17529627420453,160.29707666317165,34.54438012800909,3.0573520163215386,177.08411655675334,170.37853204387227,171.0727322444229,18.40726713862993,-20.29650297406974,-18.308606544690157,1.4498123684276512,-3.437708797807254,6.507269291496194,-7.688207971191193,-2.6784303808096177,16.92046962917822,-15.42297792806358,0.31315267465388397,2.906534394394942,-3.612693425218268,4.059537956066565,-1.0970324971934815,-2.5694991027036314,2.5171426753838486,9.417839553460498e-05,-2.3584432899418144,-0.8991717195646943,0.7403781557270674,78.99337148633764,81.68689670035154,-673.4935895201238,670.8000643061011,258.19331306150485,85.21266232433591,-1282.3049907976194,2550.9463056450113,-925.2353394615295,-79.72789045999112,140.19209203707425,-45.22550455587842,-155.72752716732634,107.71115919650788,32.77767094962149,247.19956902631952,-134.3774842957586,-312.6312853682609,14.462638110415742,185.34656252729278,252.7063895434914,326.4318943760477,341.6676298404196,246.6442972088822,161.75668962498727,267.39910079591573,317.5178794090606,144.45151762443476,157.77688036932065,172.01675306538527,194.84145679118075,214.5443801280091,176.94264798367846,179.8585314269251,189.4799993830528,198.40726713862992,-20.296502974069785,-1.9878964293795145,-3.4377087978071654,6.507269291496194,-1.1809386796949977,1.4974917011145978,-15.422977928063668,-0.31315267465392815,-3.219687069048826,0.39300635616935337,-3.6665315998970796,-2.569499102703598,-2.5171426753838344,-2.5172368537794134,-0.1587935638375992,0.7403781557270509,78.99337148634223,-2.6935252140138637,670.8000643061055,258.19331306150485,343.4059753858385,1625.7109661834645,-925.2353394615386,79.72789045999443,-60.46420157708862,-15.238697021196986,140.4888301461382,32.77767094961709,-247.1995690263137,-112.82208473055947,199.8092006377014,185.34656252728564
184,stance,stance,0.9246231155778895,0.31537745223779345,0.1952169937577901,1.5101880279729054,-40.809833564085025,0.017997438550250974,-0.1578252601799127,6.729986188927889,1711.580079916484,0.3115062571568626,0.013484864107527052,4.374673706839011,1715.9518962577495,0.009031479501014225,-0.024274073562090208,0.940588573253917,-599.8989604504494,0.320794036692018,-0.0020864724802622157,0.7670855814545444,87.51089938329233,0.0027675483029399317,-0.04633174088838003,-3.2453116300883456,-211.24541987895424,0.3252246348675875,-0.0001092196785667516,1.3902723532952808,-518.0555756416895,0.0012476517224088435,-0.039181618137884754,2.318775674960488,-271.50937008269966,0.2816159292542489,0.2039997623931115,-1.8191582585102282,-209.8285412352828,0.02515821641754301,0.0,2.0944022055441276,190.85914623691048,0.27643154307352463,0.34456925490798096,-11.49654057324873,-1981.2437791343334,0.011187882099506219,0.06731133466327448,-0.7283003554258525,-1010.4022611576788,0.26320331966106236,0.3233787541675742,12.492028041316052,-1748.8570384414588,0.015142368777280701,0.0348683823833399,-9.248964830127871,242.88282853964103,0.2627509598001769,0.45409587843630456,37.559088255013954,-3102.125288213794,0.003526077172673031,0.22505938782902363,26.7706122670892,-1323.6722649468031,0.26674950529127833,0.4534650406376695,16.182245561282755,-5094.815955337363,0.00021320642677623292,0.004529792013777887,15.992722584819557,2681.480119320869,0.3425028057200327,0.19689295089446088,0.4043406655542396,-131.21041965461276,0.011071915442005767,-0.061786325405977206,3.1235222729935734,-1090.9779124432484,0.3179872177543472,0.14692683104677864,8.688452735130568,1463.2068466329868,0.02810458331915991,-0.06751094304134947,2.468576584187039,245.64201326667552,0.30383158281720196,0.2363645661099247,9.94119679902938,-1030.5182092688333,0.0343530996102519,-0.020214114475952793,-0.7599655882704848,-405.72133528503554,0.2869347818734131,0.22217918958123128,-1.4582870250272044,80.09092964424879,0.03673325019867439,-0.025768311750796365,0.08712623238311529,-508.89247230826743,0.27303155775815013,0.18783336686690788,5.1218982546744085,172.35582973969144,0.03339597488242314,0.0004528850464824202,-0.11888514934850206,-101.8101877997284,0.2586258019975816,0.1776702874662155,3.5232724166264555,158.26161586381187,0.023667370643909225,0.04616885291947945,-2.9738150478881895,-436.5291242136312,0.2586258019975816,0.1776702874662155,3.5232724166264555,158.26161586381187,0.023667370643909225,0.04616885291947945,-2.9738150478881895,-436.5291242136312,0.31822559523856536,0.007761029519153494,0.2701502514160582,0.01104555017875584,0.2971522913201211,0.027887699016070727,0.2586258019975816,0.023667370643909225,66.64696153611014,100.6437594127737,164.93750072214442,161.06570140119203,69.6401276055651,93.71619794859207,75.58640226141821,127.41231566155454,140.35760763118435,34.79037080762882,169.02703445461705,164.20075003419586,158.48415718318137,159.4654452336966,34.032242286680294,3.643158885005239,177.5930805900574,167.59631637385644,172.68347681086755,18.483967340213358,-18.79520432510695,-15.330889006286283,-5.31766074156932,1.8533454227486084,6.6042976735537495,-5.994672552487835,-11.461056117689028,35.85922191211566,-23.788540673360586,0.10377990753481497,2.9113827369269174,-3.1030480067623767,3.05139190838141,-0.9769338684020776,-1.9865726776786325,3.5143190404277544,-0.7314834657142181,-3.624242103698611,0.08315565454888682,0.7582508744362156,883.2335165731654,1295.0321687813835,-1293.1026596611632,881.304007452943,-208.23142159705276,456.83088632978695,-1811.7068714242225,3291.14072069701,-1504.2666398834863,63.093132594940634,-235.56329022189647,210.6695785166892,-143.01570130598836,-12.316563072781317,117.13284348904071,65.38091675483575,-117.48720965094729,32.486592770130045,213.34224850160982,-193.72254837562255,246.64696153611018,326.00320212333645,341.0657014011921,249.6401276055651,163.3563255541572,267.76992329273895,320.3576076311844,145.20962919237118,156.18259473775413,171.98184470355824,193.49768752037687,214.0322422866803,176.35684111499475,178.76376052493734,191.1674441510809,198.48396734021335,-18.795204325106905,-3.464315318820667,1.8533454227486525,6.6042976735537495,0.6096251210659147,12.070681238754986,-23.788540673360632,-0.10377990753478183,-3.0151626444617876,0.08788536230067774,-2.963506546080688,-1.9865726776786545,-3.51431904042771,-2.7828355747135363,0.8414065289850748,0.7582508744361438,883.23351657317,-411.7986522082248,881.3040074529341,-208.23142159705938,248.59946473273195,2060.3063361569657,-1504.266639883482,-63.09313259493404,172.47015762695364,-38.19942088971798,104.81628041625277,117.13284348902971,-65.38091675483717,52.10629289611014,19.619700125984497,-193.72254837561653
185,stance,swing,0.9296482412060302,0.316362397608058,0.1982205349184531,-0.3981575135779903,-85.38558141777845,0.017322627103521254,-0.08864212619770442,12.566413233264695,108.63357705715858,0.3115062571568626,0.0625113180999311,18.08403321437675,760.6587570805399,0.008933823368382263,-0.029284055541993582,-6.038503692993152,-451.09873816082484,0.320794036692018,0.0,1.3029587526709556,175.84209692856626,0.0024449518671302156,-0.07367808868471776,-2.208134728246622,637.4648876462638,0.3252246348675875,0.0,1.6514636822028803,335.5392345760218,0.0010553391658701394,-0.035322208978777386,0.14118197010869019,-94.62325731134811,0.28253601656898447,0.18751135712491593,-1.1365757540553327,280.1691086347574,0.02515821641754301,0.020256484178845163,2.0155201757951295,-408.9372769432543,0.27773856442540373,0.25443665671738236,-11.391426989663517,526.314486682673,0.011453266425055009,0.03358599270910111,-3.4573187955537987,-8.734311112281853,0.2651157901096525,0.33785789396966837,-3.3842451812961816,-2267.4346220045186,0.01521774000755334,0.008267741357927494,-3.3929578045352082,756.5665878400737,0.2659015056139837,0.5642213270988572,2.7766099735166447,-5575.007313542585,0.005505231997877294,0.35611546972090125,3.186571686320868,-5220.116499597212,0.2692318636208401,0.42814867238440324,-13.509999698384044,-2513.7664314529666,0.0002332486446943033,0.16326647158037338,27.65255458069672,-2008.015328242684,0.34340707122723335,0.19317948182309744,-1.256491428732424,-72.59638734526153,0.010739174880790861,-0.07799226598821629,-3.012412905675163,-380.96324530188326,0.319031722010153,0.22960989391977293,7.032304846886091,-918.1187179222743,0.027740710134266794,-0.051531915756828445,4.458052574388196,-279.3581320426536,0.304933734472232,0.24209671613692368,0.6376141264517213,-1111.6904410359823,0.034343220443346104,-0.03650008671921232,-4.332234800097333,-229.46908927540892,0.2878616824067044,0.22028667618532058,0.631056237991745,-201.17812425316114,0.036661635701410955,-0.03564986801448455,-2.6553827211462777,-141.6132918012847,0.2741980754029246,0.21358473073654205,0.33351547019790306,-902.8126999431282,0.03339597488242314,0.0,-1.9390739331880313,-356.0094023482291,0.259506940412907,0.19349019297764516,3.3915525427232636,-403.9222722704224,0.023812047447379192,0.014395341945261701,-4.38451053952714,256.1008148333575,0.259506940412907,0.19349019297764516,3.3915525427232636,-403.9222722704224,0.023812047447379192,0.014395341945261701,-4.38451053952714,256.1008148333575,0.3184718315811315,0.007439185376225968,0.2721047480677729,0.011513540698544591,0.29815653765535904,0.027782127248269506,0.259506940412907,0.023812047447379192,59.93415603583537,94.87408314631111,162.47358294725603,162.5864899422682,70.70727355886389,92.68663577571469,68.76890816555982,152.3440407692718,122.28096039974697,34.89534513978337,170.19975671524898,162.63845813122074,158.8246612710992,160.3229061319183,33.11887261072937,5.243248375536995,176.48774983354073,167.85087411984105,170.48386764002282,19.93426003105835,-11.4197842145404,-5.293207863470166,-11.54619426133284,5.419617910262563,4.4144911849931425,-3.0969427819470825,-20.88653964135465,49.99726079196238,-30.541235615334863,0.9472545097789182,0.5390641409085352,-1.4954112290706285,2.622194224348083,-1.2208170506887717,-1.3922845952760814,3.1742373161359696,-1.1806817979959006,-2.031944870141511,1.2449714814565191,-1.2065821294550771,1504.902089687237,1961.2670553599526,-934.7573524265662,478.392386753857,-482.161262898848,512.0357555941467,-1266.916818688958,854.0254805383731,43.16435821568679,171.36292264214333,-508.31729798265434,381.45769060228946,-127.57021665334342,3.7997292771459446,79.26717211441027,-164.94569487914063,-10.363541221778057,348.8346900775032,374.3655703457998,-547.8910243223826,239.93415603583537,325.0600728895243,342.58648994226826,250.70727355886387,163.39390933457858,274.6250011690188,302.28096039974696,145.1046548602166,154.9048981449676,172.26644001374686,193.44177874264767,213.11887261072937,174.756751624463,178.26900179092223,190.41812767108118,199.93426003105836,-11.4197842145404,-6.126576351070233,5.419617910262563,4.414491184993076,1.3175484030460378,22.204088044400777,-30.54123561533491,-0.9472545097788961,-1.4863186506874755,0.009092578383241361,-2.6131016459648864,-1.3922845952761587,-3.1742373161359696,-1.9935555181401132,0.038389352001441834,-1.206582129455033,1504.9020896872278,-456.36496567270933,478.3923867538482,-482.161262898848,29.874492695296585,1296.7913113842549,43.16435821569563,-171.36292264214993,336.954375340522,-44.50331526178065,83.06690139155398,79.26717211441246,164.94569487913623,175.30923610092307,-173.5254539765801,-547.8910243223712
186,stance,swing,0.9346733668341709,0.3173696184178784,0.19121541070675502,0.6520414810605555,528.3465889478098,0.017106562910073037,-0.03152964979534234,7.8217809332209445,-994.8352392179822,0.31213451161012823,0.19523394163895247,12.019485335789193,-2223.9401762737075,0.008737167385014288,-0.08496255288865481,-3.5930670866538903,1441.9816316887454,0.320794036692018,0.011008590360651967,2.534342837018032,141.4641466808889,0.002027064999575931,-0.06852404971497934,3.1613706578138308,668.8040060662752,0.3252246348675875,0.016488405268195935,4.76252596712466,227.2971634598829,0.0008926546472452501,-0.0377627038654356,1.3677881642936687,359.8126029179689,0.2835004655067606,0.19257689049305785,0.9966116775174964,403.73584086999006,0.025361799173109295,0.02025648417884561,-2.0155201757951295,-658.11216524894,0.27898869540234256,0.23008255149427678,-6.20694774226707,1594.9952036289521,0.011525429764924322,0.03256441209489444,-0.8160823766548162,124.67599906806049,0.2665988763843756,0.28936623978268783,-10.296259617020919,747.1611236859745,0.015225461655249822,0.0007683039457999708,-1.6452805302276003,-88.42441324558764,0.26842152590167295,0.4820015063108438,-18.471136001695683,-366.0207685539444,0.0071051271196167776,0.25708523392270083,-25.692870140923215,-2862.271969932185,0.2710525070237849,0.31768614919662325,-9.081738674425559,8746.130863072396,0.0018540754878855203,0.28244491342781647,-4.188335990483889,-5534.3932329492,0.3444443080499131,0.18426489633433596,-0.3252712675639699,381.9979395743827,0.01028807357277746,-0.09206183199567747,-0.7052540616987374,632.3007378531182,0.32029485487916903,0.21760326166874971,-0.538871063083284,-378.30659784526193,0.027586674618086254,-0.02270639455503575,-0.33904283332707974,-930.6282648941739,0.3062647156426987,0.24277274828531892,-1.2315714525885801,-1040.1567126737123,0.03398626456784776,-0.06375416271813723,-3.0661875910384233,379.0523234470278,0.2891487183174867,0.22852146332989207,-3.480177721038883,-440.7238307243568,0.03637496006787555,-0.0524555752799048,-1.336122931448898,423.6840007209176,0.2751781379665576,0.19118528114025365,-3.9515962171158647,-338.16791732280785,0.03339597488242314,-0.019035295186563207,-3.6968690925468,202.00774398535327,0.26057042705263334,0.21175624266946452,-0.5362479076994155,-854.4337515199368,0.023812047447379192,0.002103420361417553,-0.39993751187453513,816.5136046630479,0.26057042705263334,0.21175624266946452,-0.5362479076994155,-854.4337515199368,0.023812047447379192,0.002103420361417553,-0.39993751187453513,816.5136046630479,0.318880700396903,0.0071908624854771265,0.2737124140437873,0.012214378640157147,0.2993168603180764,0.027573999192731558,0.26057042705263334,0.023812047447379192,57.973775117606124,95.74520331514537,156.59005914256556,165.63851265989518,71.93986300364263,91.43267809693205,60.721883770015395,166.03800637527533,116.612650955284,35.61457045038067,168.9046575115433,163.4256124465835,160.01809701990086,158.76870788378065,33.26835468781098,6.098834513587392,176.38862324125796,166.8339180113576,172.3020247522433,18.37659948155373,-3.6705602076472177,4.380337680748502,-14.71220699711274,6.661309108717042,1.7584558353743518,-0.8485845565667395,-24.193888466321827,44.44239257079281,-23.354728027976797,1.826020336099077,-2.197333825712847,0.7306976274315039,1.7692791781970483,-0.9387456344609122,-1.1899176815539028,1.8565733632504544,-0.8356396588979176,-0.11836582151263408,3.845623698225283,-4.748191581065141,1017.5408707072984,1326.0412604108294,-355.273092434102,46.77270273058198,-298.40120235184816,356.9590886681414,2.0014596390830377,-4082.019011071247,4285.838475805148,54.38828435029188,-363.01028593715773,425.32729507756363,-194.59169319530304,111.00687543715105,-33.12047573256335,-342.30024140258485,206.34337938892364,247.84101983659517,497.73734910139996,-609.6215069243284,237.97377511760612,322.22857180246075,345.63851265989524,251.9398630036426,163.37254110057467,282.65065733055934,296.612650955284,144.38542954961935,155.48077203807603,172.05515959149253,192.03706257159163,213.26835468781098,173.9011654864126,177.51254224515463,190.67862423379702,198.37659948155374,-3.670560207647262,-8.050897888395655,6.661309108716997,1.7584558353743518,0.9098712788075902,25.103759745129462,-23.354728027976755,-1.82602033609911,0.37131348961382543,-0.35938413781772266,-2.128663316014815,-1.1899176815539028,-1.8565733632504544,-1.0209337043524926,-0.9025678828398584,-4.748191581065098,1017.5408707073028,-308.5003897035332,46.77270273058631,-298.40120235183497,58.55788631630206,56.556426677194565,4285.838475805166,-54.38828435029519,308.62200158686693,-116.70529349070546,77.88639970459762,-33.12047573255345,342.30024140258485,135.9568620136744,-111.88415782292515,-609.6215069243383
187,stance,swing,0.9396984924623115,0.3182841605297339,0.20477371563262942,4.911858455746637,570.2004383546226,0.017005746201055508,-0.010031262547244074,2.568069120521333,-751.5702263073779,0.3134684073240882,0.18331016569580025,-4.267124336112378,-1090.903339883079,0.0080799283644762,-0.06539528254353957,8.453774012421118,1553.4489660330537,0.32090467579112003,0.025470782281587806,2.7247089705693113,-107.27262783363655,0.001756267950396767,-0.04190551925945369,4.513513573926879,-26.883407948574767,0.3253903474833483,0.04786458258416658,3.9358572848147286,-328.34298251762,0.0006758145039059693,-0.021575594262258347,3.757389034610826,64.73830381511704,0.28447146270459306,0.1975275548889107,2.921070887854043,39.952249121864774,0.025361799173109295,0.0,-4.598672439771988,-448.53530640426686,0.2800509518776075,0.1920552723729908,4.6386755593708955,2414.6594989601167,0.011780546948621781,0.025384159777897077,-2.2042936792919066,-67.04073161103736,0.26802399352455386,0.2343778978187062,4.1249118406732785,2203.4140790812007,0.015225461655249822,-0.008267741357927494,-4.281645374842606,-897.6205854399192,0.2707457418583137,0.37858176929287374,-0.9019907154676552,3128.6171902215483,0.008089003193080271,0.09789566930961721,-25.579980775308623,391.4872978587898,0.2724246892409066,0.33687491686253995,74.39081299580933,7669.34038020555,0.0030718909907024583,0.1211726425302848,-27.969487961505305,-769.5888211633463,0.34525897973310604,0.18991042385763046,2.5826838433718566,224.7244101333799,0.009813930338120752,-0.08508024650780147,3.342368379280686,501.1555691885177,0.32121868946411025,0.22419410434104656,3.2302284866322695,475.8102202938277,0.02751250516386443,-0.054939381418407075,-4.894995313995295,303.09084932319416,0.30737366159067736,0.2297191135983452,-9.816222181826609,-496.09395666571896,0.03370247508939499,-0.06731604240804015,-0.5226637101775231,350.3418877737848,0.2901583805306229,0.1853100156723676,-3.7983289954187973,587.0724800976813,0.03613444399005514,-0.04907823918482499,1.602747939365381,491.4891010738589,0.27611953551488694,0.17387019589115718,-3.065157065709653,752.1201989386949,0.0332046653830607,-0.03715446324167572,0.09115464957930217,735.6769494168019,0.2616351438568212,0.18810076676961093,-5.1957213418990635,71.79473232314662,0.023833187350509016,0.010375869464110666,3.8216563415083704,299.4274723038743,0.2616351438568212,0.18810076676961093,-5.1957213418990635,71.79473232314662,0.023833187350509016,0.010375869464110666,3.8216563415083704,299.4274723038743,0.31951189778207256,0.006879439254958611,0.2751433678411949,0.012705740392152725,0.3002940651150374,0.02736686788583417,0.2616351438568212,0.023833187350509016,61.65177379787623,102.02897677274142,153.1655292123162,166.45726781281866,71.97064362782416,92.04590973110965,53.14038158934926,177.62634566592928,108.50251743551381,36.36067526150887,167.72825339901908,163.95192563339032,160.17122564709487,158.88483920217072,32.903080856816096,6.08520607781553,176.24893318274633,167.6307234135359,173.60488615736696,16.430251168535275,-1.1932428003968787,8.033839979854516,-15.11677810489159,5.889695324640263,1.4154841261806514,0.4905857473809082,-20.866424469102558,8.971944097779726,12.53251791034425,1.49387043289742,-3.109280441374392,2.779234952613352,0.6664988153500975,-0.1051700613706905,-1.7251536981159081,-0.26596611504572637,0.8931210099329433,0.45891965082925035,6.247356899560952,-7.333431445277364,-162.52586225712741,209.53751393574908,-177.80939860761072,-194.2539775852669,219.83162353731,184.21174576979746,1033.9729798301832,-6563.847994569529,6606.952112020064,-66.04711748370774,-149.64962968666444,383.7887544539647,-264.1120337741222,217.89334247615187,-121.87331598562115,-246.18309378561895,140.22279926216885,194.20819766825477,127.92621820427513,-216.17412134908278,241.65177379787625,319.62279702513484,346.4572678128187,251.97064362782416,164.01655335893383,290.8761717695845,288.5025174355138,143.63932473849113,155.91107133947204,171.9591457060817,191.78792005898683,212.9030808568161,173.91479392218446,177.66586073943813,190.03513732590224,196.43025116853528,-1.1932428003968345,-9.227082780251417,5.889695324640306,1.4154841261807176,1.906069873561626,22.77249434266403,12.532517910344383,-1.493870432897431,1.6154100084769611,-1.1638249441363906,-1.8303237594865323,-1.725153698115886,0.26596611504572637,-0.6271548948871286,-1.086074545716379,-7.333431445277419,-162.5258622571197,-372.0633761928907,-194.25397758526248,219.8316235373078,404.0433693071097,-629.9296105230826,6606.952112020056,66.04711748371543,215.69674717036668,-168.09200728359366,96.02002649053738,-121.87331598561893,246.1830937856188,105.96029452345437,-88.24790314480481,-216.17412134908872
188,stance,swing,0.9447236180904522,0.3194276457106687,0.24058082232229933,6.382699152966335,-75.00135241134451,0.017005746201055508,-0.005719909890605212,0.2683113220914855,-198.89433959740776,0.3139768248332016,0.1523482699192299,1.0556326736476471,223.21431578945203,0.0080799283644762,0.0,12.019485335788929,-259.84808598291454,0.321050024453642,0.038392600115117526,1.4562259743684136,-491.0603088528331,0.00160590400199348,-0.023162104248377346,2.8911856533055404,-265.7952476581061,0.3257056859488354,0.05604475988944966,1.462596494585751,-571.3003836174902,0.0006758145039059693,0.0,2.018424383541079,-273.2058958269979,0.2854856670634331,0.2219343868534001,1.3981418194457873,-958.4065435650224,0.025361799173109295,-0.025961329286199694,-6.523412702471197,50.83984290969286,0.2809188991447847,0.2767024063623262,18.06098692064878,-901.7313978203383,0.011780546948621781,0.010410706775377695,-1.489858573750672,-54.5777924892037,0.2689544331463727,0.3308226401914647,11.848605499373152,-1616.1365244429453,0.015142368777280701,-0.042263307861663595,-10.666592946709239,-351.6655507171458,0.2722263678041139,0.4729362729895608,12.972252844752175,-2352.3354817810596,0.008089003193080271,0.0,-21.758324433799682,746.9280844355733,0.27443818458019237,1.0653325109635543,67.99705911658533,-16083.772495551548,0.0030718909907024583,0.0013445319051488835,-11.922897007200971,2542.952267197482,0.3463529555258692,0.21022151787576177,1.9332655176961393,-70.47106937965536,0.009432995718427692,-0.05847018999285636,4.331485327130608,-406.690778567523,0.32254806195797353,0.2500678695746018,4.243141201176312,-336.8069680992682,0.027034520030966583,-0.07190232735900878,2.7070963558507644,939.5023995567872,0.3085734504527323,0.1441172489704782,-6.217440363801857,2050.2606835904717,0.033309721428068456,-0.06900706432796161,0.4548364066880723,374.4381462852333,0.2910111305352994,0.19034730257191404,2.4200482095911053,515.7997556958585,0.03588171143285218,-0.03634755578879537,3.603466024067293,178.62924636567482,0.2769255771212426,0.16037968248990525,3.607400757142408,996.9419140433728,0.03302256319155203,-0.01811916805511293,3.6968690925467182,317.20370633922676,0.2624608870201671,0.1595379377257551,0.18530719102567916,812.0578941917939,0.023916327542495883,0.04051202680873802,2.609383817812657,-709.8095926008233,0.2624608870201671,0.1595379377257551,0.18530719102567916,812.0578941917939,0.023916327542495883,0.04051202680873802,2.609383817812657,-709.8095926008233,0.3200400452365869,0.006841848267857789,0.27640471034777936,0.012689121816558901,0.3013120104355474,0.02709963989072714,0.2624608870201671,0.023916327542495883,58.58841085908901,101.05594705113757,148.83005591666068,168.70240789129076,71.41450922988422,92.89098488813418,49.41972182867031,178.90473013484524,113.7905024241933,36.47951079334661,167.7026195478918,164.14957067731424,160.1940419435997,159.28181880994842,32.19243822789922,6.0084519788269395,176.3883205881301,167.61198882856542,176.20581530368813,13.785423300789382,-5.303985958975138,6.486242343419356,-16.499236128847528,4.709007826453044,3.9678188860005923,1.0027897727779664,-13.802200226822453,-21.525928982670067,43.04680073604425,1.1622302106346747,-3.7013502044733,4.587871039029156,-0.8851131210403723,1.2511372044953977,-2.414775128645578,-0.6176285843437166,0.5736347055459965,1.8334753610828998,5.131314333444134,-6.920795815729299,-924.0470525939571,-459.26263032209135,-295.02513005433116,-169.75929221754132,437.947738978482,110.17623670685624,1718.408826210149,-4308.331977382731,3663.817816774843,-33.95083063664845,-54.82416339032943,203.6639085168856,-186.2059035963881,106.08652319619328,-34.7695340896986,111.79561551149365,-280.64039976086616,320.87907360767014,-411.30816514817553,259.2738757898712,238.58841085908904,317.53246380795144,348.7024078912908,251.4145092298842,164.3054941180184,294.8857722893481,293.79050242419333,143.5204892066534,155.8178696587616,171.66829898144738,191.4742570378477,212.1924382278992,173.99154802117306,177.60322743304295,189.99123860447753,193.78542330078938,-5.3039859589751055,-11.790228302394572,4.709007826453044,3.96781888600057,4.970608658778559,18.772808885600966,43.046800736044204,-1.1622302106346305,2.5391199938386255,-2.0487510451905306,-1.1636379241501138,-2.4147751286455557,0.6176285843437153,0.043993878797807175,-1.7894814822851368,-6.920795815729315,-924.0470525939616,-464.78442227186355,-169.75929221755007,437.94773897847114,548.1239756853273,-1170.2848505248085,3663.817816774821,33.95083063665284,88.7749940269823,-114.8889144899077,71.31698910648478,-34.76953408970412,-111.79561551149214,168.84478424936526,-152.03428935831806,259.27387578987947
189,stance,swing,0.949748743718593,0.3207020582415158,0.2689214458131959,4.158076019451714,-835.0448858701961,0.016948259669491636,-0.007334666345319585,0.5691310341152162,127.85465444617351,0.31499954571523625,0.19391953930029926,-2.023764378429433,-1115.6800730061755,0.0080799283644762,0.05540356505232957,5.842235459829,-1701.3356744603357,0.3212905310686589,0.040106219209913634,-2.2105705153888313,-541.9560811826005,0.0015234829830763907,-0.012848377015176778,1.8422045522373585,-114.45955832201676,0.3259536114018352,0.06256404484130987,-1.8058551133510268,-764.9280361514543,0.0006758145039059693,-0.0012899220658655077,1.0116011368520412,20.42355992212535,0.2867019590548785,0.21157923146625535,-6.711155680638687,-287.8314391941403,0.02510088129083593,-0.06556193670825353,-4.087719244699696,762.4578200951158,0.28283188058476655,0.37357272886192405,-4.423951554401388,-3086.8565565148633,0.011885177167469799,0.010410706775377695,-2.7528142068215944,-281.9495285092646,0.2713488441797445,0.3534593601239645,-12.11766629443177,-1931.2428775267692,0.014800704792318528,-0.11546968052083488,-7.815972517728508,1588.4048536221824,0.2754988702300681,0.5089561697426449,-24.54355334643318,-4045.2258137998165,0.008089003193080271,-0.12078095816575742,-18.073165856358106,2645.6386825793224,0.28313154864757556,1.0202624456724458,-87.25514173335266,-15579.736561225876,0.0030854038741712914,0.0013445319051488835,-2.4121787434400503,946.3164672442026,0.3473717588072343,0.2093402280555817,1.874431889807478,-24.124223221492294,0.009226290237690032,-0.041547730657242404,-0.7449761289356436,-464.93194807611195,0.323731934384458,0.26683873952874837,-0.15476616763174725,-970.8601611167223,0.02678986870799499,-0.027732382867142993,4.547239857429743,-229.0589401943622,0.30882207615319474,0.1672322757711906,10.789412829132994,694.9044021329569,0.033008936754440596,-0.06274482224032081,3.24053373992534,445.6362981268662,0.29207141874742604,0.20963210823107228,1.3855881472531693,-4.847216412369983,0.035769141921826036,-0.012862500249475155,3.398016747060613,-236.49755307334166,0.27773139162031313,0.21012547988253832,6.954359658344388,-205.20504250343464,0.03302256319155203,0.0,3.2791315977122486,-51.43642339120535,0.263238540215874,0.18996315059901475,2.9656645293752826,-94.18514352026163,0.024240343398838043,0.03660083245720281,-3.3121084082486787,-579.7643691990492,0.263238540215874,0.18996315059901475,2.9656645293752826,-94.18514352026163,0.024240343398838043,0.03660083245720281,-3.3121084082486787,-579.7643691990492,0.3207364366068115,0.006806871380237549,0.2799026205394066,0.012592234063575163,0.30216118665475006,0.027009524035390284,0.263238540215874,0.024240343398838043,57.25818030247974,103.44188586647364,144.11918661800323,169.69710781800288,73.67789164612728,92.07582123016677,44.02409355590721,154.97644859251866,146.7531707278681,36.611082312729096,166.03047870060928,166.71565868621832,159.80010034247667,159.62811277416245,31.214567183804114,4.874171536861938,178.03092880215448,167.86559202006438,177.37245447923473,11.856853161684464,-10.480147851592468,3.4181351524967942,-18.08185478885473,4.183571784765468,5.816968940034761,1.5978846087563527,-3.595984004678875,-34.327874770388604,49.354807526171975,1.1526560546396452,-3.66027705836263,4.826108405044372,-1.2049173011965248,0.9610261516563824,-2.074596251781222,0.8576079101954207,-1.9273855203270305,3.6838349634691654,2.1136064960616823,-4.72766384939925,-621.2737968221388,-462.9966052547683,-28.438761254930828,-129.83843031244274,191.140224901567,15.684523587505657,1778.5978260210807,-132.75306150108264,-1586.2830540876132,-6.501564874024729,85.64907145266599,-83.33914949758078,21.87629861068589,-151.81901494481826,134.1343592530741,355.9406012686886,-544.7822779237524,356.862620911368,-674.7245759268795,506.703631670571,237.25818030247973,313.8162944360061,349.6971078180029,253.67789164612728,165.75371287629406,301.7296193203868,326.7531707278681,143.3889176872709,157.35843898666158,170.64278030044326,190.8426799579666,211.21456718380412,175.12582846313805,177.09489966098357,189.2293076409192,191.85685316168446,-10.480147851592468,-13.898283004089262,4.183571784765424,5.816968940034718,7.41485354879107,11.010837553469923,49.35480752617189,-1.152656054639612,2.507621003723018,-2.3184874013213976,-1.113570100124873,-2.0745962517812555,-0.8576079101954056,1.069777610131625,-2.6140573533376728,-4.727663849399223,-621.2737968221464,-158.27719156735614,-129.8384303124383,191.140224901567,206.82474848907918,-1571.7730775320013,-1586.2830540876048,6.501564874019228,-79.14750657864236,4.191642918934083,-17.68465569175186,134.13435925307078,-355.94060126868834,188.84167665504648,-168.02094425631716,506.7036316705756
190,stance,swing,0.9547738693467337,0.32213037380929377,0.2823705310605077,-2.009711760302004,-1210.9465186492996,0.016932030961404054,0.0,1.5532827235605715,9.321570023776669,0.31592576492667196,0.13200892943250184,-10.157232381690848,-452.4503658142443,0.008636748113745846,0.05871593426963845,-5.079365663812512,-409.6270731250298,0.32145310203364114,0.01617581101573219,-3.9905688113863893,-246.76060166937197,0.001476774584755522,-0.004647485632926427,1.7408383334862716,5.070934092936889,0.32633447031909985,0.03789546226783122,-6.225122461710305,-501.16489075846425,0.0006628504630429993,0.010166845596502971,2.2236862923061587,88.33119754535696,0.2876120915002799,0.15448558604296075,-1.4946364639124188,1565.4271835136192,0.024702885236342925,-0.06704393476056868,1.1394799618013562,806.4742737474353,0.2846733989323417,0.23224058169497536,-12.962697064425354,1033.0350331753693,0.011885177167469799,-0.01725576766504046,-4.323522176858871,288.455984385862,0.272506788524503,0.2090370492926524,-7.5608706566748625,2700.5706947296326,0.013981869475563763,-0.12081579547702583,5.297274928890654,833.8051170571418,0.2773415051884621,0.22626739513595995,-27.683282972331583,4463.205013666266,0.006875124216539991,-0.18163985785284606,4.831009059459956,2791.595826011703,0.28469207850654865,0.18839641314091074,-88.5832078304091,10866.135533580891,0.0030854038741712914,-0.022898470541484892,-2.4121787434401005,611.4110994297613,0.34845687741587505,0.22906002933111339,1.6908110129575222,-561.0093703113137,0.009015430586194098,-0.0659573872685915,-0.3411975681067183,727.1197481349781,0.3252298583351469,0.24851243070393098,-5.514247352760639,-758.4029371346459,0.0267558026152164,-0.026201424269262436,0.404996454399878,-314.6309530126673,0.31025417684239254,0.25255355881101127,0.766523476730403,-1829.451332867152,0.032679120199522516,-0.03643888603725453,4.933593171782224,-75.18778381181852,0.2931179858944057,0.2042728115895339,2.371332466753216,158.78362378510684,0.03575244007356097,-0.0021966337077840336,1.226606194184452,-316.88677295839057,0.27903739098940883,0.23027274438281398,1.545038520926976,-905.0312336088396,0.03302256319155203,0.0148369284043068,3.179920113740632,-303.6501435246565,0.26437006441312205,0.18934361138781838,-0.761277165961879,36.279550532443565,0.024284175104879832,0.007224505117796386,-3.2173937620773096,320.36371857730046,0.26437006441312205,0.18934361138781838,-0.761277165961879,36.279550532443565,0.024284175104879832,0.007224505117796386,-3.2173937620773096,320.36371857730046,0.32146092777217666,0.006927101030737105,0.28136517253042703,0.012106091994017553,0.30341105898172516,0.02691825529515431,0.26437006441312205,0.024284175104879832,53.20467484277372,105.53734882976421,137.13379082111766,170.53353519189184,77.08706551921293,93.13509690096217,45.9947199142684,151.50162563545965,152.72581687044706,37.37192880293836,164.20830923861018,168.5874768054139,158.86017972470208,160.1867875201121,30.78531790822337,6.242908918173101,175.5975878512974,169.76639814949073,177.39885807845604,10.994247002582714,-11.547943715981585,1.8330101298035735,-16.785052824876985,3.4040989790918053,5.888826171443485,1.1604231756674712,4.073154808565371,-22.86013060579653,27.104257478882236,1.0968878500917123,-2.840555516506804,3.750291647093667,-0.6652508234455383,-0.2746820411811743,-1.0666911160518624,2.959663890718496,-4.901564067557066,5.420034365217267,-1.6498371834089562,-1.8282970049697698,-226.21476776039844,-414.59377695231626,271.8899926679441,-83.51098347602414,-208.59744537354584,93.55772162459463,922.1729897532999,2673.0450391787676,-4109.859225311198,-82.07895762022657,314.11932807664675,-326.7410675291143,137.46404610067145,-255.76264687892134,212.99929785094506,312.9531804009191,-299.827147885372,75.5639568138895,-588.3375040372678,499.64751470782795,233.20467484277373,307.6673260130095,350.53353519189193,257.08706551921296,170.22216242017512,304.2274425059067,332.7258168704471,142.62807119706164,158.4197619584514,169.83228515303756,190.97210542833545,210.78531790822336,173.7570910818269,178.1595032305295,188.39310508103875,190.9942470025827,-11.54794371598163,-13.380953845785093,3.4040989790918497,5.888826171443463,7.049249347111022,2.9760945385456075,27.10425747888228,-1.0968878500917234,1.7436676664150808,-2.00662398067863,-1.3413731572330478,-1.0666911160518735,-2.9596638907184945,1.9419001768384836,-3.478134188378784,-1.8282970049697393,-226.21476776040058,188.3790091919155,-83.51098347601972,-208.5974453735415,-115.0397237489402,-1037.2127135022356,-4109.85922531119,82.0789576202211,-232.04037045642565,94.70069707269299,-42.76334902797406,212.99929785095165,-312.9531804009191,-13.126032515547003,-88.68998932941898,499.6475147078268
191,stance,swing,0.9597989949748744,0.32353995302604355,0.24872333766945706,-8.012240750893058,-333.1156263700258,0.016948259669491636,0.008276215298505323,0.6628151549571931,-155.36260758634296,0.3163262686241056,0.09183680179586817,-6.571004235859045,760.6774002205201,0.008670038256633372,0.004354663908485012,1.7253804535472759,1512.3594853682666,0.32145310203364114,0.0,-4.6905765623172035,-303.734037654854,0.001476774584755522,0.00464748563292653,1.8931687139754179,51.96775288257528,0.32633447031909985,0.0,-6.842688186300438,-748.4847866294962,0.0007779938566346428,0.021058683886960305,1.89935186595111,-165.6163346125179,0.28825457801008414,0.1965577594671355,9.021780837086196,74.90813671087773,0.024427072901282473,-0.054109876790651906,4.017549838189136,422.3230514974218,0.285165956782706,0.24329436640538726,5.958310085552118,825.0894490847339,0.011711752366816125,-0.03304177741415889,0.14624091263431754,757.3123134419963,0.2734497190470073,0.2774707103081364,15.023747722951589,897.4994050294616,0.013586475692046907,-0.06223073651188336,0.5639784074689335,-1445.5424714377398,0.2777729144022888,0.23073222027197454,20.312778449207872,4669.099852351477,0.006263476983503921,-0.07222810329681292,9.983073601046069,-1087.575539384527,0.2850249799354239,0.129978949889436,21.952250563943213,11675.546101886002,0.002855268491844809,-0.0228984705414854,3.7326564267083313,611.4110994297768,0.3496738696547832,0.22633330356269254,-3.7638532389494674,-401.64780918483297,0.008563401923432828,-0.044976851944747126,6.562760033224971,510.0763117012924,0.32622954675334176,0.2114191681442191,-7.776906239336764,-34.07966000695349,0.026526537810816472,-0.023662066742521085,1.385119726649153,57.89627141773934,0.31136030287491345,0.17493602930616955,-7.597032727320873,492.8500502971366,0.03264271679426718,-0.013160971267634927,2.484877621213593,-463.74810868308754,0.2941244118287279,0.23346459533411978,2.9814034616763605,-562.9855431563062,0.03574706520114479,-0.0005347998054102574,0.21322505903657357,-117.28399403919236,0.2800456905588339,0.2256535052184879,-2.141431634206803,-1130.147149683243,0.03317167804988677,0.03195899611799644,0.22737136128352645,-632.804102634397,0.2651414910840933,0.182312123805428,3.3302831276913,116.5009821570962,0.02431295149047419,0.0042652167579332245,-0.09237254315016746,572.4189720203225,0.2651414910840933,0.182312123805428,3.3302831276913,116.5009821570962,0.02431295149047419,0.0042652167579332245,-0.09237254315016746,572.4189720203225,0.3219134485007225,0.006968266591878793,0.28193362963550206,0.011768809287098846,0.3044292187924489,0.026827391878337038,0.2651414910840933,0.02431295149047419,48.930939746773966,103.45244086476923,133.62519234294072,171.85330653906405,76.34696482058635,94.56216086091435,50.35328179526917,145.72767094932797,154.8281729369035,37.45948319647147,164.899395046208,167.8511745730793,159.42358004626823,159.6400536827089,30.726313455264062,7.332276185642202,173.7100863474374,171.8401792935005,176.06312172759704,11.054336445822823,-12.75366310546583,-0.7486364751646934,-15.349292048473371,3.3442654181722573,3.720512202612181,2.538163218048765,5.672086244098049,-7.4631005072852945,8.049689683848191,0.327741907702691,-0.5032988867380263,1.542278580631149,0.1766309008202798,-1.6094527114483657,0.06610020903230508,4.002866004677033,-4.940723690029275,4.443271715367556,-3.799333243006361,0.293919212991002,-97.92447489989391,-100.13755342902607,207.09720546879757,-204.88412693965887,-351.0791929096971,400.3865174305147,-238.27806991789913,1863.4485448253065,-1702.0323676733249,-174.34973358544792,414.67531310296005,-345.2005403963573,124.65342999381006,-170.22966379868907,150.4511946837297,16.2772227727744,315.9679627441452,-387.53169249345245,-187.3149811185506,242.60148809508198,228.93093974677396,305.47849888200477,351.85330653906414,256.3469648205864,170.9091256815007,300.5558438862315,334.8281729369035,142.54051680352853,157.6411217573205,169.7899471842412,190.366367137973,210.72631345526406,172.6677238143578,178.9576374669204,187.11745817341986,191.05433644582283,-12.75366310546585,-12.005026630301158,3.3442654181722573,3.720512202612181,6.258675420661013,0.5865891765629863,8.049689683848191,-0.3277419077027131,0.1755569790353131,-1.3667216015958359,-1.5433525024160715,0.06610020903233822,-4.002866004677018,0.9378576853522576,-3.5054140300152543,0.29391921299101853,-97.92447489988719,2.2130785291258044,-204.8841269396677,-351.07919290969267,49.307324520811115,287.5853944387102,-1702.0323676733426,174.34973358544903,-240.32557951750658,104.87496087885506,-19.778469114959368,150.45119468373412,-16.277222772773165,-332.245185516914,55.286506976538476,242.6014880950759
192,stance,swing,0.964824120603015,0.3246301058461727,0.20184549838821708,-5.357607502714264,634.0904792977485,0.01701520900460511,0.006661458843790768,-0.008150518513199355,61.13085621597098,0.31684874785929373,0.0659686858560302,-2.512233384499828,1305.802815211284,0.00868051358016278,0.07605644134046503,10.120227153958743,-489.9883283000009,0.32145310203364114,-0.030965661972379575,-7.043172204902455,379.05232344686493,0.0015234829830763907,0.014379335613057334,2.2631273071804863,-150.12388523297236,0.32633447031909985,-0.030875273272875484,-13.747582628840787,-426.59233056839685,0.0008744955272335514,0.02925580907339821,0.5592005173060083,-353.9213706629119,0.2895875463692963,0.2451567502347802,-0.7417908688282339,-1769.4577081941127,0.024159067379150453,-0.026666549452135865,5.383932740669842,-50.988988030102114,0.2871185684439536,0.29212309511760864,-4.670340792217121,-1757.171878902782,0.011553099002503384,-0.015786009749117695,3.2876568527087953,141.7344722115866,0.2752954388793586,0.36002948871929885,1.45922386623414,-3084.4702345890173,0.013356434937755901,-0.11514767077884569,-9.230790110684362,462.6947712703829,0.2796604219751151,0.43041592226367364,19.24234368446635,-3724.8807383626536,0.006149213630642386,-0.08130745985238484,-6.099398371540122,-817.9118401666092,0.28599839961096507,0.4090220469493813,28.758964047840106,-4237.045081749314,0.002855268491844809,0.014615664400306719,3.7326564267083,-326.4320606627408,0.3507315839843443,0.19123235858790333,-2.345850385884949,578.7949259167136,0.008563401923432828,0.0,4.785197524368491,-607.4587537397213,0.32735467409539026,0.17035256900205534,-5.85675649855916,1126.6795256342014,0.026517992899211168,-0.012280622996406873,0.9868685289500118,-16.238174981414044,0.3120123278906957,0.17620147109924506,5.719790313887467,1610.4130804483689,0.032546849131506086,-0.011465241602947504,0.2728081598919803,-217.81712674566805,0.2954643637369596,0.23423666547572794,-3.2868136956216207,-1244.3550256145184,0.03574706520114479,-5.3668290331071225e-05,0.047872585750378824,-20.684563882788794,0.2813052654137152,0.2087508184108867,-9.813224289959686,-357.0534181908727,0.03334375913243641,0.017122067713688936,-3.179920113740632,-254.1712498384247,0.26620234706443285,0.22281379357567005,0.4095869763204741,-961.6877362132691,0.024327041604959562,0.006296137849955524,2.5355607305891463,501.5004672793879,0.26620234706443285,0.22281379357567005,0.4095869763204741,-961.6877362132691,0.024327041604959562,0.006296137849955524,2.5355607305891463,501.5004672793879,0.32231660651455185,0.007023425273769458,0.28353207505573774,0.011614616688379386,0.3055117603642563,0.026841018315448478,0.26620234706443285,0.024327041604959562,46.966452309859044,104.21193710537881,130.32768780671032,172.4268273977699,78.91844769089941,92.40928898848956,50.126953081797176,148.66238206456893,152.5384015330229,37.525995670692694,163.9266124715862,169.49272463934682,159.42133416440012,158.79536167021442,30.83797138375973,8.663199080260915,172.24165749257597,173.0005702167218,174.6650362716147,11.429536938826589,-12.532109292864924,0.8266025576525754,-14.70367387544187,1.3449620249244159,2.3603920718486022,5.184408275471568,1.6784003370287386,-4.132004527150567,9.998404537442088,-0.6553707789077332,1.3270355699550318,0.2809394823062178,0.5875474679495155,-1.9855329336302805,0.4453811923273039,3.123254069339341,-1.7260066530431004,1.5252434858861563,-3.532399807715964,0.6099089055335232,228.96991058889884,728.6917587697143,-45.957630376366424,-453.7642178044534,-192.58240989641712,443.2339313075684,-623.812456150193,372.9147459736024,501.54923158774204,-114.75697251022633,235.88422581742822,-234.8115246595623,17.231490263701517,158.18243193020652,-61.72965084153989,-111.32470191970138,486.4722093268884,-558.4841338347928,201.21018676143763,-17.873560333819835,226.96645230985905,302.75451520448024,352.42682739776996,258.91844769089937,171.32773667938898,301.2007835975918,332.53840153302286,142.4740043293073,158.5473918577211,169.05466721837428,189.63333305397418,210.83797138375974,171.3368009197391,179.09514342716312,186.0945732104413,191.4295369388266,-12.5321092928649,-13.358711850517498,1.3449620249243717,2.3603920718486244,7.54480034732017,5.866400010291387,9.998404537441955,0.6553707789077332,-0.6716647910472544,-0.9526042733534722,-1.5401517413029877,0.445381192327337,-3.1232540693393274,-1.397247416296271,-2.9224909021824272,0.6099089055334928,228.96991058890097,-499.72184818081104,-453.7642178044577,-192.5824098964127,250.651521411138,874.4639775613444,501.54923158774204,114.75697251022852,-121.12725330719529,113.68427135237582,96.45278108866111,-61.729650841540995,111.32470191969684,-375.1475074071873,183.3366264276013,-17.87356033382313
193,stance,swing,0.9698492462311558,0.3255685509997945,0.1948780361346401,-1.6394721147347535,383.4521044983887,0.01701520900460511,0.008194300539578696,1.2771956194393161,31.59080081058716,0.3169892704920054,0.06658822506722657,6.5526421481740185,1374.8756490875246,0.009434424601763677,0.10606548957641251,-3.1991253585130557,-1856.0830584250907,0.32114188935050164,-0.0707856503005275,-0.8810054723989464,1795.8191082213257,0.001621290520565144,0.027392483695042068,0.3843859478148852,637.6419974767215,0.3260241660651011,-0.13816665958634017,-11.1300482925155,797.2179547138384,0.0010720220885280934,0.026678789588528252,-1.6576468341786732,-319.7671380957721,0.2907184649471171,0.18910257485579643,-8.761713717628584,21.253179654378663,0.024159067379150453,0.0,3.505097697183082,-95.65795158404565,0.2881018672864006,0.19635626799114464,-11.701708797893003,818.8253540290183,0.011553099002503384,0.0,1.570707970037204,-124.9836108788494,0.2770681058683068,0.29213627680295196,-15.975953127189422,-205.31690134365869,0.01242921266914393,-0.15500249641825925,5.214177113703958,2453.027081177948,0.2820987025657428,0.4241226090605819,-17.123208871019965,-3156.544614012749,0.005446316582977437,-0.13352858944294507,1.7628541018841328,1928.856555600745,0.28913575427662375,0.41901376444059407,-20.631117091828973,-3409.0659459569597,0.0030021595913453797,0.014615664400306719,0.45193219894207765,-218.50692292741044,0.35159580290692294,0.202756917774904,2.0531811923743133,-89.71078990876146,0.008563401923432828,0.003115585486092185,0.45764693031317394,-464.20486561424065,0.32794163287396544,0.15255729378684035,3.5465060785949567,1089.6542494997698,0.026403114464118915,-0.013743790069656602,1.2219219881424785,37.87353900659085,0.3131311719311873,0.23242135909398354,8.588023357587426,-335.6883796962684,0.03252748823544359,-0.010419180715956721,0.2957607694983268,76.00808197389772,0.2964785491701925,0.20043129186053552,-9.52467719776609,-85.38558141778368,0.03574652582134247,-5.3668290331071225e-05,0.005339994887941564,73.42600707729733,0.2821436887338177,0.1270281354701489,-5.729908198939207,1974.4203898770156,0.03334375913243641,0.0,-2.327113561715728,254.367002808925,0.267380825692894,0.18642857582874936,-6.334920251336572,117.48906857984807,0.024376229257810425,0.029748239175914706,4.947833158150235,-8.669060122119022,0.267380825692894,0.18642857582874936,-6.334920251336572,117.48906857984807,0.024376229257810425,0.029748239175914706,4.947833158150235,-8.669060122119022,0.32243096922685066,0.0072857365538655065,0.2854245789888382,0.011317971045024116,0.30644527855149667,0.026826753139097437,0.267380825692894,0.024376229257810425,41.46431029444297,103.47401988985945,124.40921969599177,173.58107070859177,78.2737350072025,97.18633386956006,49.69045142820827,144.92310439006118,160.84651305849312,37.02319317605809,165.44272113465678,168.4747139729967,159.5440777163041,158.2391914574708,31.27610254251349,9.36887618957967,172.85170493437414,172.30722045093611,173.542886543724,11.929311881386045,-10.452457973919097,6.574898788852567,-15.811177780899166,-1.2161789818725197,1.7850105956130058,6.99277559299922,-0.5973856770094472,-3.7152136130782187,13.090385478699892,-0.8255944994352671,1.8673968501205591,-0.81763624006798,0.34981170749064755,-0.01967952622015248,-0.5542982918876965,2.884024779353396,-0.051555757095701704,-1.1696341523188294,-1.7771203107305975,0.11428544079180689,617.8350217268568,987.0436638958026,2040.0979274972033,-2409.3065696661592,-35.48963519519256,-42.254236935955966,-162.2410447140051,-95.43976597555633,179.9369385583985,26.899576787363564,47.432925364847705,-208.96132780971877,-67.82576166846756,461.7348588679968,-259.28027154202726,6.9729043503606105,230.76086596510848,-496.32255124350775,338.6201864811744,-80.03140555312427,221.46431029444295,297.9902904045835,353.5810707085918,258.2737350072025,175.4600688767626,305.7696174485543,340.8465130584931,142.9768068239419,157.53408568928512,169.0593717162884,189.51529399998432,211.27610254251348,170.63112381042032,177.77941887604618,185.47219842511007,191.92931188138604,-10.452457973919097,-17.027356762771642,-1.216178981872564,1.78501059561305,8.77778618861216,9.375171865621763,13.090385478699892,0.8255944994352671,-1.0418023506852478,-0.22416611061717942,-0.5739778181079154,-0.5542982918876744,-2.884024779353427,-2.8324690222576807,-1.6628348699388515,0.11428544079179032,617.8350217268534,-369.2086421689473,-2409.3065696661592,-35.489635195192605,-77.7438721311552,84.49717258286869,179.93693855842483,-26.899576787363564,-74.33250215222004,134.62882565750309,202.45458732597066,-259.28027154203494,-6.972904350366399,-237.73377031546173,258.58878092804605,-80.03140555311958
194,stance,swing,0.9748743718592965,0.3265886790736565,0.18536839170746572,-1.5038175077555673,-151.1212932256177,0.01709756378389736,0.01949759572257792,0.3093449670203413,-320.11203618666184,0.3175179762519292,0.13182438583767891,11.30561233497284,-186.17039651497316,0.009746498400026227,0.04390442768706735,-8.533873935740742,174.54639869527887,0.32074168846278156,-0.03981998832814792,11.005261043553157,879.0613395226718,0.0017987843267451564,0.01824251096798082,8.67158959337872,909.4030499499822,0.324945860675016,-0.1427350551072026,-5.735341877947904,932.902727980092,0.001142624065811726,0.012596041895723028,-2.6545395640585494,-14.923833608058173,0.2914880747598068,0.1570993259370051,-0.5281910733068393,1467.3083374432813,0.024159067379150453,0.008560563082367625,4.422546292588977,214.3961105469665,0.28909199827301035,0.17451798157094478,3.559059750788124,2336.0040910994794,0.011553099002503384,0.0,2.031540160459047,693.8697078601405,0.27823148186230284,0.1994671457324698,-0.6042625794307802,3002.8505674607313,0.01179862090340153,-0.0627438806913685,15.422748393616729,102.36948200117415,0.2839229607596436,0.25832337079613554,-12.481722788023733,2694.4930310739883,0.004807217756843937,-0.06359033320028293,13.286094649572977,1405.4317556254482,0.29020959322343337,0.20167413647873747,-5.503005258260144,3732.934574863271,0.0030021595913453797,0.019157696550478373,1.5366069500508988,-43.569018291179816,0.35276934195193127,0.21186734544593672,-3.24746636486748,-776.263065300477,0.008594714340378479,0.004599466636313326,0.11982199055700682,-62.99517022069192,0.32888791322892635,0.2059958461738641,5.094542491388321,-830.5518891187841,0.026379864355797533,0.0,1.367507111930826,-144.4843353685977,0.31434822094691667,0.2625132636378125,2.3460377541259607,-1449.7092132384012,0.03244213374742612,-0.008492771557738176,1.0367084812376892,79.97907080401805,0.2974787485797791,0.138511266503204,-4.144960242534023,1789.2380797846283,0.03574652582134247,0.0,0.785822405622717,151.81108940729231,0.28258193009180715,0.15116380133612053,10.030196713829504,1313.8752948518522,0.03334375913243641,-0.00626600828345416,-0.6234678242036863,293.58284789898045,0.2680760010928625,0.15914625336123187,1.5903816354144296,1487.1632815938824,0.02462601888310946,0.05602310426352594,2.44843449820604,-368.20201593933933,0.2680760010928625,0.15914625336123187,1.5903816354144296,1487.1632815938824,0.02462601888310946,0.05602310426352594,2.44843449820604,-368.20201593933933,0.3224485511158458,0.007446367644120117,0.28658882177563944,0.011064032926648936,0.3073570259820371,0.02685550271341508,0.2680760010928625,0.02462601888310946,39.02194838924016,106.94373476612759,120.949005988682,171.12920763443054,79.23789845962385,99.46704590610199,49.55700522540216,145.16810916956024,163.9798299707635,36.67605863297139,165.9574516151512,168.44926343468455,159.75467673337283,158.15761988058907,31.004929703231,9.601764487709147,173.47427388855553,171.934231800229,173.81683394971753,11.172895873788764,-6.322712089579904,10.746639380726013,5.799822883324081,-22.869174353630054,2.003712321143148,4.759742577622762,0.04783707357139373,-5.09119815504561,11.80681598024007,-0.3850232735070932,1.8037483876921967,-1.8191743650276482,-0.0941184784672469,2.6550184117767426,-2.160450682466951,3.1933335100464832,0.5931980300233267,-3.4629228582697222,-0.12918185313128194,-0.19442682866873426,847.787998587317,732.3000857962204,4248.304953233583,-4132.81704044249,188.76725668266494,-541.1120029444813,80.49387551430458,691.8357057607762,-1124.6743275368985,90.63169150052063,-72.9381902526851,-57.47533877590343,-129.61819687589943,440.10854088538196,-270.70850648143653,-17.963246476701954,167.09575739509455,-310.1972574752352,239.08343242674107,-78.01868586990616,219.02194838924015,292.07821362311256,351.1292076344306,259.23789845962386,178.70494436572585,309.14793914032373,343.9798299707635,143.3239413670286,157.36648975187742,168.9172263171929,189.16254958382007,211.004929703231,170.39823551229085,176.92396162373532,184.9897298235063,191.17289587378878,-6.322712089579915,-17.06935147030593,-22.869174353630097,2.0037123211431696,6.763454898765843,6.7156178251945935,11.806815980240202,0.3850232735070932,-1.4187251141851476,0.4004492508425446,0.4945677293097915,-2.1604506824669953,-3.1933335100465277,-3.786531540069766,-0.3236086818000438,-0.1944268286687177,847.7879985873183,115.48791279109774,-4132.8170404424845,188.7672566826583,-352.3447462618121,-432.838621776131,-1124.6743275368985,-90.63169150052063,-17.6935012478443,39.781837528050325,169.40003440395853,-270.70850648143653,17.96324647670637,-149.13251091839703,161.0647465568426,-78.01868586990726
195,stance,swing,0.9798994974874372,0.3274315499114273,0.17976429233810168,-3.1582790818263953,-261.33953718670966,0.017211164740510418,0.011303295182999225,-1.9400107743964947,-167.00524854606093,0.3183141386913791,0.18021246963981843,4.681582886716994,-1452.0582488844043,0.009875675131281944,0.02029791233278661,-1.4448901957464262,951.2848640668312,0.32074168846278156,0.03981998832814792,7.953781859487241,-1341.9332206234617,0.0018046323393388214,0.1145441378998537,9.524115093040876,-1982.1945792768347,0.32458964289819453,-0.1958082865003897,-1.7541414786451879,2352.5405563215472,0.0011986154744147576,0.0,-1.8076351116465952,186.00260825452284,0.29229735264497647,0.18379412185773772,5.985103744113001,598.2956504063492,0.024245103189023495,0.04444770143305524,5.659832476549589,-509.00433114851035,0.28985581684992767,0.23212571272268373,11.775719253358151,94.8190102819873,0.011553099002503384,0.020417489049839758,8.544272873154224,608.3443028919933,0.27907280080029145,0.2860632860549039,14.203449560858257,-112.26898936639836,0.01179862090340153,0.0,6.243016128791139,-1897.871656841709,0.28469491734761354,0.2986781589296896,9.957123099573002,1203.0418272691995,0.004807217756843937,0.0,15.887796369476638,40.343755062953164,0.29116263002012865,0.36370717893044163,16.885813308807077,-1031.6367976717966,0.0031946992551692838,0.03005895033046657,0.014052618126198227,-367.3444314971597,0.353725122961656,0.17011906486166287,-5.748457654866696,53.87867473745692,0.008609627718772661,0.004319826597217887,-0.1754703583369989,-60.31987962389736,0.3300119428857631,0.20375872586109506,-4.800749088428034,-975.2599421679408,0.026403114464118915,0.0,-0.23018188490876093,-136.0669576371166,0.31576949618885375,0.2559996279796717,-5.9819184840046065,-1516.955019389963,0.03244213374742612,0.0,1.0995705263226323,67.22716301150805,0.29787062220037547,0.15877339997577128,8.457615061375979,1211.2820951701503,0.03574652582134247,0.007844044328992751,1.5310795869210367,-81.1629101970355,0.2836629229181003,0.22783413259406396,7.4748686337427825,-1013.217375304821,0.033280784174813755,-0.00626600828345416,0.6234678242036863,306.6889753524257,0.2689802855256702,0.20241231085804018,8.611444387797988,248.96049219510047,0.024939275531815713,0.0543556210674328,1.2473103848905276,102.7703095121965,0.2689802855256702,0.20241231085804018,8.611444387797988,248.96049219510047,0.024939275531815713,0.0543556210674328,1.2473103848905276,102.7703095121965,0.3227692549909456,0.007522521921386485,0.2874167035325876,0.011119748021388326,0.3083367321134031,0.02690357690971494,0.2689802855256702,0.024939275531815713,38.818708166585914,112.07885279176708,115.6898915687113,171.04996380610754,79.11113938396514,99.58450028182294,49.89123935917555,142.80387168296184,166.00052862365072,36.88319670433779,166.0945043907213,167.4821602280076,159.6945410289582,160.2437988754931,29.601798772481953,11.375895136026097,172.38840681705025,170.8859619159562,173.84132927084565,11.508406860121834,-1.931975576056577,13.934698646101046,26.88535441240336,-42.752028634561036,3.682168954232762,1.5544640056174743,0.2115979965011551,3.2379090578843868,1.787125905464683,0.08527677192675316,1.1343497119026151,-1.3952778358057054,-0.952883738498297,4.403521889713353,-3.274986799238829,2.703489638884029,1.627798588583648,-4.287194528954372,0.6257282563723381,-0.6698219548856453,530.0452386980245,380.22861648082676,2366.966223814314,-2217.1496015971134,195.97010947771872,-93.63376656430466,-100.74447578920156,2228.3683062703744,-2025.2874875677583,64.56368933087188,-105.6829644625307,113.71203175989979,-86.87293116911928,137.93327322245779,-123.65309868158224,-227.4178823784503,351.76538791645083,-150.56560531078802,132.50056295989503,-106.28246318711331,218.8187081665859,286.73985537481883,351.0499638061076,259.1111393839651,178.6956396657881,308.8044003066126,346.0005286236507,143.1168032956622,157.02229890494087,169.54013867693328,189.84559764797504,209.60179877248194,168.6241048639739,176.23569804692366,185.34973613096744,191.50840686012182,-1.931975576056566,-15.86667422215759,-42.752028634561036,3.68216895423274,5.236632959850214,5.0250349633490705,1.787125905464683,-0.08527677192675316,-1.2196264838294124,0.17565135197629292,1.1285350904745899,-3.2749867992388073,-2.7034896388840153,-4.331288227467708,-0.04409369851329073,-0.669821954885673,530.0452386980235,149.81662221719236,-2217.1496015971093,195.97010947771213,102.33634291341404,203.08081870259804,-2025.2874875677758,-64.56368933087518,41.119275131659904,-72.59275662824429,14.280174540870599,-123.65309868157836,227.41788237845608,-124.34750553800359,26.218099772784477,-106.28246318711496
196,stance,swing,0.9849246231155779,0.32839535537856207,0.15362689339765256,-4.130345519682309,576.8560393517208,0.017211164740510418,0.0,-1.3690997419853033,166.9493191259148,0.31932915685132435,0.17887547012629212,-3.287937905071487,-736.6277495592375,0.009950497518948706,0.02938291818207808,1.0267779644284574,11.931609630447992,0.32114188935050164,0.040117517797352335,-2.4815049928636026,-784.91348228243,0.0029499816925728367,0.11396226064678402,-11.24996396719257,-2061.260136218541,0.32297793819762516,-0.1603646177066518,17.908281803675788,1605.509934615763,0.001142624065811726,-0.005571145156001624,-0.7851666167769047,96.01217124491833,0.2933352518639047,0.2172511223602516,5.484830538817299,-193.9632290548218,0.02460577794631684,0.06544330154015268,-0.6930751259890395,-1132.542793179284,0.29142492000891673,0.2928669187906252,4.512014627994031,-1116.425798608109,0.011758299897476648,0.08587208917742975,8.145553254850965,-1062.1556179296747,0.28110648976235214,0.3422153825250157,-1.7325941308518742,-1441.6553767378496,0.01179862090340153,0.0,-3.651338609817614,-984.4882964915668,0.2869247513016505,0.35839495973656815,-0.3908501521523276,-1223.8848578423763,0.004807217756843937,0.09608601222159352,13.691559524577533,-1992.5881298533623,0.2938649417553976,0.37138080289890985,-15.87121428008729,-3031.0017089325797,0.003304259594666653,0.01929892889345524,-2.1552968840914257,-80.18414534455603,0.3544790812972746,0.15409390167843198,-2.705972146400574,397.95646745531496,0.008638129683064086,0.0028359454469967463,-0.4864079554118134,-10.617268257098603,0.33093573961949013,0.15774711161679822,-4.7070649675860015,699.7143322650113,0.026379864355797533,-0.002313385777977507,0.0,12.034146900684554,0.31692108152962695,0.202393479878972,-12.899741335220465,112.10120110606617,0.03244213374742612,0.0025581885058059166,1.7123583607503359,12.947660763051356,0.29907446114234965,0.22351242289894285,8.028729156161008,-460.03812381374786,0.035825360437714254,0.015387734541920033,-0.029885234548497633,-279.18102221221926,0.28487172036913444,0.22628810921293274,-0.15289248521396573,-580.0999457199579,0.033280784174813755,0.0,2.4588334356197006,436.0164378623362,0.27011029567435035,0.24569343313809644,4.092497134862686,-899.0840719336545,0.025172306532028385,0.06855888702624487,3.4813019304894266,-290.3669062407559,0.27011029567435035,0.24569343313809644,4.092497134862686,-899.0840719336545,0.025172306532028385,0.06855888702624487,3.4813019304894266,-290.3669062407559,0.3229610849445033,0.007813567004460922,0.2893312709384443,0.011254835219741122,0.3093987299387044,0.02695642982180736,0.27011029567435035,0.025172306532028385,38.68950013190889,114.17204130290902,149.0662734155345,135.45118541346537,81.54247826971061,98.2336299510961,50.008804218766485,141.98651426064595,167.78078974139422,37.0008602252391,166.390824288435,167.34263476681392,159.10828015052894,161.37732760468464,28.78007296429835,12.172698707785182,173.72971169640672,168.43959162934283,174.14343047994726,11.514567486517988,-0.9956242634690817,14.5680325111866,29.588428147789656,-45.15208492244536,3.9732611601152037,3.818699697579495,-0.9646702207924455,17.304463214505986,-8.547832136018895,0.26385802630066724,0.7416080413350997,-0.6763398749783991,-0.9672132640865398,4.0412824642637615,-3.403195392834617,0.9077266519715962,4.128528561846968,-4.9761450221972465,1.2024820962144027,-1.2625922878357068,18.159149612924924,57.29733992911237,-1128.0571073235863,1088.9189170074121,-13.199842436667872,549.0476169473918,-58.61371942788472,2237.354326981999,-1642.892833043388,25.682924410964862,-77.65797900099935,139.03030869317436,134.1698357639693,-332.6892244725818,111.46413460548581,-284.3962203132859,387.1681200955824,-79.35879570734278,71.79786601272832,-95.21097008768604,218.6895001319089,284.51745882899985,315.4511854134654,261.5424782697106,179.77610822080672,309.76730400204025,347.78078974139424,142.9991397747609,156.6083154863259,169.26568071951198,190.15740056898298,208.78007296429834,167.82730129221483,174.09758959580807,185.65799796646525,191.514567486518,-0.9956242634691038,-15.563656774655747,-45.15208492244536,3.9732611601151593,7.791960857694632,8.756631078487045,-8.54783213601894,-0.2638580263007004,-1.0054660676358,-0.32912619265740106,0.6380870714290946,-3.4031953928346224,-0.9077266519715824,-5.036255213818551,-0.060110191621304224,-1.2625922878357068,18.15914961291832,-39.138190316191974,1088.9189170074162,-13.199842436672245,535.8477745107242,594.4614939385978,-1642.8928330433926,-25.68292441096596,51.97505459004217,-87.05525410314098,-221.22508986711028,111.46413460547596,284.39622031328446,-102.77189978229801,-23.413104074959634,-95.21097008767916
197,stance,swing,0.9899497487437185,0.3289755387897957,0.1382532820900381,2.6392690523617794,815.1526554394766,0.017211164740510418,-0.0024565012188631796,-0.2621281701159366,37.98539784692622,0.3201118821097338,0.14716786757879832,-2.7217110787025107,-110.66567932227147,0.01017098084165459,0.030617288859705823,-1.3249745210685564,-324.61435450814827,0.3211448795964233,0.014880239656151803,0.06520414810600086,823.2810645003439,0.0029499816925728367,0.0014791734054555082,-11.192067180512389,1004.7254250132064,0.32297793819762516,-0.015825554805154882,14.381636758699234,-1466.0592470600282,0.001142624065811726,-0.007891121776652342,-0.842688666974045,28.785008233417145,0.29448078101040615,0.23891804687097715,4.0357245576323715,-411.86424993079646,0.02490282481254262,0.03748212227738647,-5.722507153393012,-267.9578519036421,0.29279920296842643,0.277472593406041,0.5553594683519798,-319.9349263563312,0.01241613507463836,0.10228234588251311,-2.130657960309889,-1363.0558982973946,0.28251215137843233,0.26865027971468397,-0.28554920032622283,1219.8579395920315,0.01179862090340153,-0.036696870450428444,-3.651338609817614,473.3400042375618,0.2882968767419509,0.29475001669700285,-2.343227230501185,720.1099274771026,0.005772906321885082,0.1376036133123376,-4.138214985833621,-2566.647698197959,0.29489510040102224,0.20419748767328225,-13.576515424183805,2740.672088971858,0.0033886583395256187,0.008397675113467225,-0.7918181893567805,244.98018179497336,0.35527380539058495,0.14292336489783788,-1.7488951678785887,398.51576165663994,0.008638129683064086,-0.0005686955677249823,-0.2821765719761813,54.02781985784562,0.3315973409924646,0.15645154025721544,2.231555758456532,701.8396502304479,0.026379864355797533,0.0,-0.10923568490188046,-187.31694962788575,0.31780360151427056,0.12635398641966644,-4.855273246757705,2321.7048026830926,0.0324678441846704,0.01720963176633511,1.2296977701723952,-311.7039800251958,0.3001169782094101,0.23946414526382195,3.834116329579498,-1280.149854505874,0.035901176419753725,0.007543690212927447,-1.2747598322972593,31.124722309394883,0.28593717527199913,0.2262975247024663,1.6447184255019744,21.831116995711717,0.033280784174813755,0.018445885541869572,5.005542576588994,8.743632682283232,0.27144956626072647,0.24354293532902213,-0.4245764356558645,-709.557910210165,0.02562830957228049,0.0893435801678292,-1.6709499793381875,-999.9248164509793,0.27144956626072647,0.24354293532902213,-0.4245764356558645,-709.557910210165,0.02562830957228049,0.0893435801678292,-1.6709499793381875,-999.9248164509793,0.3233025596733945,0.007868687835137392,0.2905968225000476,0.011655829090398643,0.3103630779399093,0.027049351398396662,0.27144956626072647,0.02562830957228049,38.45924960814412,120.31805771111593,142.73669614484209,135.40449575218605,82.33014234882344,101.10510340025083,49.60419028870144,153.69822261949676,160.13283284087612,36.84570814022966,166.9689499985761,167.17098491504376,158.54435721625552,162.62661597279384,27.843383757101112,11.468249897103712,175.40830699656902,168.39568517074702,174.29724242190287,10.430515513677431,-1.7494715598462756,14.510551308705192,15.548097052367266,-31.808119920918656,3.5495072212009235,7.0725305076013365,-0.37748461081427176,25.72388219338196,-14.724359853765419,0.3433966152530343,0.3538675108875429,0.0020116987990681868,0.39555682194361136,1.059911593506486,-2.1547442403897206,-0.15476383160126836,5.518935473966403,-5.084770365209077,1.3473148494650882,-1.6267161266211876,-230.2765302290391,-518.7869845303995,-2374.8885978891776,2663.3990521905503,-136.52472572139789,424.3503634073762,248.90825261887915,430.36969281382335,-391.4523077467176,9.45306445464702,-0.21769631187092173,-3.5962766373670796,266.442630587243,-521.9084944560269,249.82677236337378,15.359498647318276,-15.931619944789007,65.23384458359673,-94.42520026181889,29.763476975682988,218.45924960814412,278.1411918970282,315.4044957521861,262.3301423488235,183.43524574907428,313.83105546037285,340.1328328408761,143.15429185977032,156.18534186119422,169.01435694615049,190.4699997298949,207.84338375710112,168.5317501028963,173.1234431063273,184.72775793558029,190.43051551367742,-1.7494715598463308,-16.26002286855148,-31.808119920918614,3.5495072212008574,10.622037728802239,10.99952233961641,-14.724359853765463,-0.3433966152530453,-0.6972641261405441,-0.6992758249397006,-1.094832646883312,-2.154744240389798,0.15476383160126836,-5.3641716423651795,-0.27940127715610213,-1.626716126621146,-230.27653022903144,288.5104543013769,2663.3990521905675,-136.52472572139126,287.82563768598715,38.91738506711456,-391.4523077467176,-9.453064454642623,-9.235368142771717,-5.639091505404616,-272.08172209264325,249.8267723633749,-15.359498647317988,0.5721212974622376,-64.6617232861301,29.763476975684366
198,stance,swing,0.9949748743718593,0.3297848356005725,0.1801522105068157,4.0621434797092695,-660.7874558458793,0.017186476286049482,-0.0026344539710143914,-0.9873369495538907,-68.63472008510224,0.3208082308973424,0.15152158993832768,-4.400155787707361,-734.0549962325883,0.01025820896477489,0.0160665913371682,-2.2356778597739795,25.214846914300526,0.32129143949779965,0.04077283586876942,5.7926765599035255,122.48543011251576,0.0029648477569492737,0.0014791734054554755,-1.1522210022359016,949.8306991431605,0.3228188873955633,-0.015825554805154532,3.1740180141280274,426.92790708919915,0.0010633163092624576,-0.014040377989911474,-0.49587005161693853,39.79378243154747,0.295736438264618,0.25781116816560135,1.3454913435329858,-848.9713114858741,0.02498248269282323,0.007930666832686242,-3.386118863714038,490.8738774522992,0.2942135892893794,0.29844842098511737,1.2965882324530713,-173.92185350388533,0.012786263172677767,0.06445844133511969,-5.553500999393964,-222.24487250699198,0.28380649257355495,0.339345541315707,10.527284659017571,298.4020996011325,0.011429808135055522,-0.03669687045042763,1.1058473624191034,404.3697076316108,0.2898870630272485,0.33484493731947124,6.8464355511350075,1084.8443193676233,0.006190168644405095,0.054495911861457365,-12.103894728667827,-23.117493658962054,0.2959171778124155,0.2349334117010851,11.673228825157025,3092.0393494481864,0.0033886583395256187,0.011340957141125929,0.3068154957575089,15.855990610464959,0.35591549702489106,0.13651706582035603,1.2992113878369425,505.3036678490986,0.008632414149720116,0.0,0.05658520898863549,12.901052912919289,0.33250811690850735,0.1801748076816876,2.346599858850536,-318.6485496928664,0.026379864355797533,-0.0034112318573933714,-1.8825824083204263,-284.4663524156994,0.31819097084037734,0.15359676383115672,10.433975274659447,1082.4020680212082,0.032615094870705866,0.014916960065327256,-1.420344956085747,-176.93272062139422,0.3014811359691217,0.2620462553570276,-4.837098527314883,-877.5326020385736,0.035901176419753725,0.0025760779359176545,0.2829260449429027,191.4557267184185,0.28714606735106873,0.24281794263506284,0.06651572579820843,-206.69649370726148,0.03346616995915415,0.05030696056873271,2.5467091409692793,-602.5090000571012,0.2725579633660993,0.24142633328225868,-3.0387381436313077,-50.05683102775098,0.026070231960850773,0.051765419897218154,-6.568193712233805,-151.36365404616728,0.2725579633660993,0.24142633328225868,-3.0387381436313077,-50.05683102775098,0.026070231960850773,0.051765419897218154,-6.568193712233805,-151.36365404616728,0.3236758483478195,0.007868212329259026,0.29191215219344324,0.011755476196897447,0.3112999585766776,0.027177491952663696,0.2725579633660993,0.026070231960850773,37.661455140317145,123.8709653854833,145.0165347380118,128.77395501682204,82.8827476167109,104.54328829217232,48.17757593587545,164.16740774852036,155.0810522244874,37.16936482414526,166.3641420119637,167.5920542144021,159.23398905096298,162.75616245230978,26.884287446216135,11.077517448526402,177.58645196611357,165.82816358010342,175.43822177513658,10.069645230120006,-3.3099612506955647,9.3540929681676,5.720201033325984,-18.38425525218905,2.6011533639202744,8.083527470517874,1.5369202577892098,21.62978676037348,-12.48202618372453,0.35886369921169087,0.7394201387032312,-0.7124833587710324,1.7106021186997744,-1.2040290378067677,-0.892373560036935,1.0620934725476565,3.9684117784822575,-4.320528493718899,0.25348510865845086,-0.9634618659695514,-282.7305359600489,-1275.8874530350297,-1765.7813973213913,2758.938314396357,30.10526433799692,-231.28919099395645,239.67494275365294,-1344.5189496736355,903.6600802640243,-36.689536293355175,192.45281618539406,-210.9044586544038,186.60494733108428,-395.92378426130534,264.4600156925838,286.39178781637,-378.340775318831,260.97629293382835,-275.7092443700569,106.68193893868957,217.66145514031714,273.79048975483386,308.77395501682213,262.8827476167109,187.42603590888322,319.2484599730078,335.0810522244874,142.83063517585475,156.46649316389102,168.87443894948888,189.6404498985259,206.88428744621612,168.9224825514736,171.33603058536002,185.50786700525663,190.06964523012002,-3.309961250695509,-12.664054218863066,-18.384255252188876,2.6011533639202966,10.68468083443817,9.147760576648993,-12.482026183724575,-0.3588636992116798,-1.0982838379149111,-0.3858004791438786,-2.096402597843653,-0.8923735600369295,-1.0620934725476399,-5.030505251029986,-0.7099767573110425,-0.9634618659695375,-282.73053596003797,993.1569170749788,2758.9383143963523,30.105264338012297,-201.18392665595073,-440.85886940959807,903.6600802640331,36.689536293360675,-155.76327989204216,55.141178762374814,-131.4637685687051,264.46001569259585,-286.3917878163684,91.94898750246702,-169.02730543136133,106.6819389386824
199,stance,swing,1.0,0.3307861137697637,0.17907884470018168,-4.001810905888293,-830.9620381998018,0.017184687816178615,-0.012379485636490264,-0.9519243518757611,220.80002915327555,0.32163471215936523,0.10294519634555832,-10.099148226768756,37.69642917610171,0.010332454121425125,0.008148164640871763,-1.071558974191163,186.6924044363038,0.32155465684133555,0.07309809452955432,1.296213495970486,-1101.9214356511088,0.0029648477569492737,-0.010100937169779734,-1.6460300031941517,-205.30757977378835,0.3228188873955633,0.016074123728795277,18.672369493264068,1757.563384843707,0.0010015147392799517,-0.012874740385867826,-0.4427511550991943,60.32920119394207,0.29707184802714587,0.25244057293663535,-4.4966504321754455,-755.7556112480767,0.024982530006840975,0.0034507769134261416,-0.7891013498522951,268.6383265153753,0.2957986845863673,0.29050363091813225,-1.1925988583202423,108.55900449707552,0.01306395860564459,0.04646826548659364,-4.364274769425396,880.319751475843,0.285922659331354,0.37445213558420776,2.7134668760670815,-725.6655832112873,0.011429808135055522,-0.025582826607020322,0.41267855230914563,-3.327800498479811,0.2916621524939054,0.36355841419584745,8.559730753093065,-453.96046015822503,0.006320603928532897,0.015956430109645356,-4.370551605521682,1599.1619454297183,0.29725624021711355,0.3215163703381775,17.499256932079508,-144.8199118894558,0.0035026378082806536,0.011481247935150745,-0.6324614998043682,236.12469027240215,0.35664583620284984,0.15598076578062128,3.3295336547254393,112.7909972877914,0.008638129683064086,0.0,-0.15251774873076074,-5.630228294369331,0.3334081430797177,0.18003545843661792,-0.9709422284064608,-430.6565350985988,0.026345580618537298,-0.018920426214275723,-2.9681940006375656,199.0714494278868,0.3193472875829254,0.23121805953182215,6.023139497174083,-1586.0651395463974,0.032617763381306855,0.002934808087081308,-0.5485205275300667,461.0168886661156,0.3027506089165159,0.1908500897129184,-4.985306806486607,1197.0014498937305,0.03592706665026546,0.010387168051549597,0.6494183256768044,86.38298941036238,0.28837755660501485,0.22696602445923222,-0.43263327004840135,167.04253482609684,0.03378638176846936,0.044040952285279523,-1.049824258155768,-194.33609185575713,0.2738759615700959,0.21300285348348122,-0.9276601645779872,883.7034813944055,0.026148565048634442,0.02333158305995148,-3.192192733571031,540.641739809274,0.2738759615700959,0.21300285348348122,-0.9276601645779872,883.7034813944055,0.026148565048634442,0.02333158305995148,-3.192192733571031,540.641739809274,0.32419859254150696,0.007870876108458241,0.2935423169311772,0.011859907696870928,0.3124008989928532,0.02724391452504625,0.2738759615700959,0.026148565048634442,36.82452189916183,127.44706484176037,146.5991380018247,122.77831905557683,83.9026825935282,105.49271576676887,51.070358847168215,165.0612661058158,153.26377340731298,37.307913515072116,166.73249666359428,167.236216012103,160.25216086586013,160.69597290118173,27.775240042188745,12.20372018306299,178.06568795628723,164.71339353143676,174.87403911785685,10.143159211356156,-4.590984484067885,1.6875618309661446,-2.198449654380464,-4.080096660653643,3.8520726919345623,4.748016025250005,2.031308783694813,12.21112893033029,-5.6423489968405125,-0.02534244297164246,2.2880666685297024,-2.1176311017477127,2.270983428286175,-2.919221916657404,0.5031453645608818,2.7235455936888955,1.716515621515824,-2.461893049291193,-1.4236323301334861,-0.5545358357800817,-154.62897712365773,-1112.5962784569078,-3234.256778034737,4192.224079367966,387.4162455587828,-531.576008763573,173.93932988991742,-1401.8391078354523,1083.7400147407468,-94.91703748178067,316.03807824364884,-254.23177792888742,20.674876256153453,-223.38183611937183,235.81769703024202,194.4440440878479,-339.29735906837783,395.0044559084675,-215.0215683272113,-35.1295726007221,216.82452189916182,269.3774570574015,302.7783190555769,263.9026825935282,189.39539836029704,318.3250395131288,333.263773407313,142.69208648492787,155.95958982133362,168.7233738092306,188.47121294337046,207.77524004218876,167.79627981693702,169.73059186064975,185.01719832921302,190.14315921135616,-4.59098448406783,-6.278546315034063,-4.080096660653643,3.8520726919346506,8.600088717184635,6.568779933489777,-5.642348996840468,0.025342442971686648,-2.26272422555806,-0.14509312381030318,-2.4160765520964342,0.503145364560926,-2.7235455936888786,-4.440061215204703,-1.9781681659135097,-0.5545358357801121,-154.6289771236622,957.967301333237,4192.224079367939,387.41624555877837,-144.15976320478808,-318.0990930947187,1083.7400147407557,94.91703748177956,-221.12104076186924,33.110737167018115,12.435860910860292,235.8176970302409,-194.4440440878482,144.85331498054288,-250.1511409279378,-35.129572600722085
200,stance,swing,1.0050251256281406,0.33158462298449387,0.13993300542251197,-4.289233788630299,606.7969222680898,0.01706205934497923,-0.012201532884338454,1.2317588208307488,225.67521027572914,0.32184285598624246,0.050022612784874645,-4.021297203022929,1400.211676411935,0.010340100066693197,0.005297154410624039,-0.359372287549854,125.00225401892769,0.32202609371417706,0.05380010718505548,-5.281910733072246,-399.1496284183761,0.002863330800469077,-0.01506384170202314,-3.2156137637814766,-410.66176739765217,0.32298043637776225,0.17183645015226992,20.83797163064738,-2030.1260923390514,0.0009339219335250948,-0.018490138342667117,0.11045357847292066,227.11073205935722,0.29827352944991076,0.21261870151057255,-6.250042437854584,605.3614004843668,0.025017163867832537,0.0,-0.6862361851676003,78.51558431030128,0.2971332237709686,0.2864625028110448,2.387633503780444,602.7327177378338,0.013253280916261614,0.020596383350945633,3.293933688805306,1000.7171499029331,0.2875698306196273,0.3666165651957777,3.234163219708281,71.5523715026631,0.011172694299809091,-0.03254934731164232,1.0724021312786034,203.58308931934846,0.2935409164362519,0.4208723820741739,2.284018866127802,-1039.9329949929627,0.0063505347761603215,0.010570770097421132,3.968084622384335,807.8445445408773,0.29914849811732175,0.41080534066670515,10.217752323755485,-1330.0575404129966,0.0035040477660095437,0.004984560158167568,2.679927960806735,626.241717337581,0.35748314291213346,0.169979715616591,2.4327892500257806,-43.21479863033084,0.008632414149720116,-0.0015328416957865129,0.0,45.80619509684222,0.33431751850083513,0.17041659433086906,-1.981606524049877,179.68258377829773,0.026189709318468132,-0.03324232734118747,0.11813567638191802,624.4426543230184,0.32051477043366194,0.21413082912938763,-5.506377886610596,-1551.5939735982324,0.03264459042937,0.00940419094442216,3.2129906083977446,689.6097503592845,0.3033992273230203,0.2119426693621882,7.193066798250034,900.7433113977921,0.036005570068513015,0.00910289527940301,1.1510967927857254,232.18166615232082,0.2894271329235233,0.23846986956924984,1.7453351712865892,-0.689796181771791,0.0339087925951871,0.039755962999328195,0.5935825896551717,51.55760380155454,0.2746986955619131,0.23210311554780672,5.842703880432911,141.33364470056534,0.02630472023281008,0.01968308086635409,-1.1346083875175796,334.6070775736486,0.2746986955619131,0.23210311554780672,5.842703880432911,141.33364470056534,0.02630472023281008,0.01968308086635409,-1.1346083875175796,334.6070775736486,0.3246085022656689,0.00779985303641665,0.29513319967881607,0.011859544325214622,0.31330674794251456,0.02728096613234474,0.2746986955619131,0.02630472023281008,34.60623356903088,123.2023321094205,155.08554142315342,116.31836003645697,84.46345891803769,107.81039972443952,51.19768221968103,167.98916403474954,153.0870123880467,37.15859581678707,167.90463400235168,166.04658087284358,160.3555603751244,161.22799734129592,27.306631591597235,13.272006515053281,177.92780549881033,164.6581230287704,174.00453208235143,10.137532875014502,-4.864021322290087,-1.827779177127757,-26.784892213253716,23.748650068091262,6.494783972551188,2.741055020632813,3.2850542265320675,7.540951505746069,-1.5901667390941028,-0.5950763759820676,3.915682231604168,-3.2675766042874432,1.9183898197666396,-3.449072616895892,1.4776535457946007,3.0163049709179526,0.5583880692523898,-0.3506344644881408,-1.9075356785496644,-1.3165228971325813,32.24781045599437,-179.0271011751959,-4456.296213565159,4667.5711251963485,485.0106694089543,-334.38346310442165,116.77263314139438,-662.7315091932451,696.5860823563767,-71.29702314411064,169.25975860763134,-122.18264672452277,-88.80473408240668,14.610895840184067,98.41374950322906,-87.9668800060466,-78.65294444359452,183.15400212101778,-48.36456268926815,-82.35993257509784,214.60623356903088,271.4039014596103,296.318360036457,264.46345891803765,192.27385864247725,321.07617642279627,333.0870123880467,142.84140418321292,154.93677018086123,168.89018930801765,188.53462893289318,207.30663159159724,166.72799348494672,168.8001879861364,184.14206495736596,190.1375328750145,-4.8640213222900766,-3.0362421451623636,23.748650068091177,6.494783972551166,9.235838993184045,5.950784766651878,-1.5901667390940586,0.5950763759820676,-3.3206058556221003,-0.05302925133465723,-1.9714190711013408,1.4776535457945952,-3.016304970917939,-3.5746930401702843,-3.224058575682232,-1.3165228971325673,32.24781045599004,211.27491163119473,4667.5711251963485,485.0106694089433,150.6272063045217,33.85457316313609,696.5860823563767,71.29702314410184,-97.96273546352504,24.219911260993307,113.0246453434,98.41374950322027,87.96688000604603,52.42950685664767,-130.7244952643789,-82.35993257509318
201,stance,swing,1.0100502512562815,0.33219247563330656,0.13597096742751422,2.0966506244444294,955.6100725578358,0.01706205934497923,0.0,1.3161682137095163,-50.476301678774355,0.3221374519863489,0.06253014907899515,3.97333093315056,848.1510133237919,0.010385691854195217,0.004536382856451024,0.18474508630060568,79.86721196374347,0.32209536143616024,0.020013564548927325,-2.7153405584856616,468.94954475625065,0.0028134523629590874,-0.04241866343894116,-5.773283946889257,362.91668573587714,0.32454588689458114,0.22550097428807095,-1.7309078166766863,-3375.0422153701293,0.0008156842031727396,-0.01176465417005955,1.8397687650954109,-130.63248231328527,0.2992087193991115,0.18962607607377355,1.5873837435469935,1181.45307109412,0.024982530006840975,-0.003446069168660476,0.0,199.5468494990468,0.2986777047151216,0.31449994753904187,4.865016395326488,-164.30199323932024,0.01327095743329229,0.0795731266806177,5.693184023569172,-1115.5402494559123,0.28960724792628656,0.4069562885461009,3.4325861876516544,-734.1109256528322,0.01110267901634554,-0.014804915739898394,2.4587397514986313,-617.4887630853095,0.29589202568058065,0.38651337767451943,-1.8918571362837198,742.052903313204,0.006426842823984369,0.0558366775707955,3.748489043130565,-947.6214870475117,0.30138493710823633,0.42420734846637603,4.131844465616878,23.173423079132032,0.003552733890272289,0.038415197289993014,5.661425106603648,-289.8821845995383,0.3583541750532679,0.18043090899696143,2.895214070500997,-116.37048017691038,0.008622724238885326,0.0,0.3078460210867611,169.14920965152228,0.3351208726709828,0.16011981497882968,0.8349128849433127,-0.857584442204875,0.026011486876414802,-0.017733132984306666,3.307611570448212,310.1845641113134,0.3214993562173917,0.17587757825935238,-9.570769785220625,583.194706967815,0.03271227786316035,0.03522617098555196,6.382230732362423,-222.3753744873075,0.3048806859955329,0.2631422183385488,4.0673897904763665,-1441.8977375585453,0.03601855303498308,0.021955980039346137,2.9829024076097386,53.8413884573803,0.29077423871123853,0.24450708145708785,-0.4395658949908316,-357.66864181242545,0.03418593918554805,0.05000660645266834,-0.5316573857783217,-362.795505325572,0.27620865619871715,0.2717234954978839,0.4927784756287373,-1129.1590632605648,0.02634638495683901,0.011928483687915204,0.17069246817427017,144.24197454797712,0.27620865619871715,0.2717234954978839,0.4927784756287373,-1129.1590632605648,0.02634638495683901,0.011928483687915204,0.17069246817427017,144.24197454797712,0.3252427939875992,0.0077692219413265685,0.29695412696586737,0.011867148634147093,0.3144729974745218,0.027316227692638435,0.27620865619871715,0.02634638495683901,33.583495257406334,123.90197251225601,128.86984363051477,140.8116791146355,87.40392876484674,106.04024159533944,50.09319215143546,170.9713251512981,152.3796530574526,36.81269780010566,169.3811182097351,165.05822736125214,161.34593460922818,159.111793286223,28.290228733455965,13.97871563951622,178.0322529788812,165.31277854609078,173.27159168971247,9.404661145799281,-4.266885886520194,-0.1117055175283339,-46.98534627312696,42.830165904135015,8.72655178147192,1.387378205104976,3.204903086623431,5.55051074748343,1.3585161524699911,-0.7418954393948839,3.989169770113982,-3.3455974004866675,1.3784735380107076,-2.7723787423841935,1.4922282741410995,1.8394563473969465,0.9260337678113355,-0.6211493093814179,-1.909708337060817,-1.3822738516102326,131.54877325180286,619.8949688856421,-1756.1493738687507,1267.8031782349256,247.36543975416467,-108.76264093433876,-195.60733837028235,-259.8614294839016,594.0715666740022,-23.675859887310796,-9.233566298916244,11.280640272860165,-165.99679264297558,217.64275631584343,-30.01717775949773,-222.47967107150168,88.69549488921069,-100.67872483353962,133.94988479058082,-76.3563755338847,213.58349525740633,269.6815227451503,320.8116791146356,267.40392876484674,193.44417036018618,323.3509782087507,332.37965305745263,143.18730219989433,153.80618399015927,168.74795662890713,187.40202201967895,208.29022873345596,166.02128436048378,167.98903138160256,182.67625283551175,189.40466114579928,-4.266885886520183,-4.155180368991849,42.830165904135015,8.726551781471898,10.113929986576853,6.909026899953465,1.3585161524700353,0.7418954393948397,-3.247274330719142,0.09832306976752545,-1.280150468243138,1.4922282741410553,-1.8394563473969354,-3.913131498052451,-3.2919821886711214,-1.3822738516102162,131.5487732517996,-488.3461956338382,1267.803178234934,247.36543975416689,138.60279881982368,334.21013719010944,594.0715666739978,23.675859887310796,32.909426186231414,21.628785913371257,187.6255785563556,-30.017177759496626,222.47967107149563,-43.08521557686243,57.593509256685984,-76.3563755338861
202,stance,swing,1.015075376884422,0.3329511653707,0.16100487099481742,5.314887543609086,67.11530417129538,0.01706205934497923,0.0010262883589730327,0.7244593064712166,54.326110098593084,0.3224712996955791,0.08995558698739213,4.502833584150708,-231.24950914971578,0.010385691854195217,0.007153888946308485,0.44331325982443803,126.59624249294323,0.3222272350664276,0.026510252325903587,-0.568849981753228,16.704253482724198,0.0024370125749520882,-0.07308679594211515,0.43179011296094244,1126.6981687743182,0.3252467778278936,0.15444039169320806,-13.082050634378437,-1095.2471915141882,0.0008156842031727396,0.0,-1.20243569100731,-562.5847156452209,0.3001793191591949,0.22857230697335612,5.623857774146413,-730.6619447439285,0.024982530006840975,0.0,1.319259789697156,278.1463279395947,0.30029402726382326,0.3353571399500036,0.736357189817456,-520.7401878084421,0.014053010832649718,0.07781431323606192,-7.917526104721252,-1815.506264111541,0.2916598435698393,0.4011149188405173,-4.143836033083872,-536.7360019691804,0.01102390117679504,-0.00783839503527461,-5.13351508565907,-1466.152462760346,0.29742547299579475,0.4018587425135338,9.741836989878463,112.77235414782295,0.006911707415062779,0.048244026812300514,-5.555749418294005,-1594.249478027114,0.3034118885541697,0.4523314156980298,10.450651048168869,88.59220150607482,0.0038901301508335873,0.061883304948152966,-0.23346082913832167,-1099.1808940640892,0.35929651888195213,0.19907734446584674,1.2632366854337373,-274.8744568610257,0.008632414149720116,0.0015610881643818857,1.6999920567991886,456.262887954008,0.33592676287248163,0.17880767860165597,-1.9902254631675138,-479.5388483031671,0.026011486876414802,0.0,3.235568481520691,-175.70227337822848,0.3222823842855147,0.11794218807189562,0.3548754497492501,2550.0086957055523,0.03299862229857152,0.07354721338022427,0.978062221590674,-1223.7077480118326,0.30604387273345796,0.25282095871370874,-7.298367750076797,-1068.6247875260276,0.03622623318448634,0.039081813948847084,1.6922162747694374,-198.54011993647492,0.29188449052610704,0.23405212188089985,-1.8493245454211407,-99.55436785390492,0.03441137155451039,0.034412672689998425,-3.052603393516341,17.086437853586876,0.27742958496390185,0.23705566304156278,-5.505628413642916,-140.40148769808727,0.02642460449098008,0.021398583059060294,0.3150596983917124,25.149595924151733,0.27742958496390185,0.23705566304156278,-5.505628413642916,-140.40148769808727,0.02642460449098008,0.021398583059060294,0.3150596983917124,25.149595924151733,0.32572411949015007,0.007675111994324819,0.29859411030856436,0.01217225591643642,0.31547726904390255,0.027450788759113873,0.27742958496390185,0.02642460449098008,32.49983173497098,124.2585491904253,116.47463478171476,151.76664776283093,90.6013118115151,108.73096499914175,54.82970974674103,171.28442492792504,153.21814213599077,36.63657958941182,170.4799043588468,164.1252685337546,161.45425470860485,158.3820313884057,28.92196142097626,14.513221827990774,178.58450844197046,164.62305369207252,173.7453804499688,8.53383558799744,-3.541923098653901,4.4023210126775805,-44.43463466419562,36.490390552864156,8.98086879420104,1.6479631519460107,1.3191513283383098,4.929278847616451,4.380401770192245,-0.8330247165580513,3.822882570308529,-3.1542033352134737,0.2500803459679198,-1.2617082318120771,1.1759733673071917,0.7803283772345581,1.449800078189165,-1.3624809452272144,-0.5613056806544037,-2.0839236562670873,81.95272709192666,656.3617280402967,2189.718129994972,-2764.127130943326,110.66204705139577,-107.96296851103321,-283.110002017729,-553.9149332411262,839.7240137992244,-52.19545597992797,51.336991679231936,19.718272315689738,-261.4046010509696,350.0490771689517,-107.50428413298577,-189.32525866123447,27.86695635209206,59.982683337809945,224.70307286705622,-158.75345231797127,212.49983173497097,268.2412825445457,331.766647762831,270.6013118115151,199.33227681065682,324.50256706391576,333.2181421359908,143.3634204105882,152.8835160517414,168.7582475179868,187.30399280938195,208.92196142097626,165.48677817200922,166.90226973003877,182.27921603796625,188.53383558799743,-3.5419230986539234,-7.944244111331504,36.490390552864156,8.98086879420104,10.628831946147072,9.309680617808697,4.380401770192245,0.8330247165580513,-2.9898578537504337,0.16434548146303996,-0.08573486450483565,1.1759733673071973,-0.780328377234605,-4.0077102821487935,-2.645229336921579,-2.0839236562670873,81.95272709192442,-574.409000948368,-2764.1271309433305,110.66204705139577,2.699078540369008,285.8090805580982,839.7240137992158,52.19545597993237,0.8584643007003592,-18.85980801498932,242.54479303597142,-107.50428413298027,189.32525866123063,125.93230388689028,65.94962054909789,-158.75345231797152
203,stance,swing,1.020100502512563,0.3338106150402897,0.18938692263966725,2.7711762945077174,-587.1097663778843,0.017072373800848306,0.007280998054987294,1.862159269976798,-0.7177608918048282,0.3230415282374785,0.10778475796493311,1.649215263304109,-395.7565769296894,0.010457590235565153,0.008991792502927906,1.4570691314558477,451.08009502075174,0.322361796132903,0.014296479305176139,-2.547458613935665,-54.28882381842351,0.0020789117002242424,-0.03807906431370544,5.550315739285096,186.9440868269269,0.32609805163521643,0.09402307846516861,-12.738417279131129,540.0544808975866,0.0008156842031727396,-0.023849434984203687,-3.8143489800828374,212.3453651417286,0.30150592851442165,0.246147259733538,-5.755952384532884,-953.7830448333527,0.024982530006840975,0.009812823190105263,2.795440481805046,-47.41882671095652,0.30204812823220717,0.3219005223110768,-0.3685533313916621,765.8229068737047,0.014053010832649718,0.0,-12.553110088105088,282.28510503016093,0.2936385536432768,0.36530969524877444,-1.961745490430703,944.6851924898078,0.01102390117679504,-0.06639803217868438,-12.276460879259004,-5.714122424544205,0.29993080701237507,0.4844212871205367,-0.7584666423357206,-1286.1529456014591,0.006911707415062779,0.0,-12.274118776237838,-823.1692056600306,0.3059309814871111,0.5292390172921966,5.022218350100065,-2190.382524188327,0.004174676653570325,0.036068857298653036,-5.385619054844777,-333.861351971739,0.360354952384583,0.19312675508172295,0.1326567151137312,325.9566605914362,0.008638413567170572,0.01708534730451491,4.893402683941234,20.376952071983812,0.3369179347674819,0.1401175490173466,-3.9845730276514586,1309.2704392600087,0.026011486876414802,0.014785143211882045,1.5417595766971253,-366.3843097847233,0.32268470484122985,0.1794441656940183,16.05745831232329,958.5929749655272,0.03345144583683096,0.045055942056815276,-5.916339599415115,-397.1268477231598,0.3074216001534597,0.1897917886895338,-6.672557822850828,1293.2559819592516,0.03641133508472025,0.03896317878074797,0.9875243177958675,-256.0728501233087,0.29312652134320744,0.2259209051211965,-1.4401123055828673,277.1302768068567,0.034531795192482714,0.01932717536205104,-0.35993439227493146,393.6965099543794,0.2785911251740093,0.2163905466170491,-0.9182917524927801,760.4163962597165,0.02656144609311098,0.015094912817480237,0.4234522262059525,196.73173535186928,0.2785911251740093,0.2163905466170491,-0.9182917524927801,760.4163962597165,0.02656144609311098,0.015094912817480237,0.4234522262059525,196.73173535186928,0.3263279977614719,0.00760613998495261,0.30061087977787837,0.012229165216983768,0.31651613977732856,0.027600987108455047,0.2785911251740093,0.02656144609311098,31.559831684130074,126.19787525715662,104.04234493238323,161.3196114945902,92.84004337183076,106.96886151943198,52.97483646418771,171.35457325202117,155.4794951750538,36.54829725448768,171.048560726859,163.37797224070488,161.5347946499217,158.7526242465223,28.73775088150442,14.14018583407706,179.00871847791663,163.67542064074706,171.8341487055803,9.358963297512188,-3.4432403881088494,6.484894764283868,-24.978128886242235,15.049993733849595,9.838733158872913,0.30232324519506576,0.3595764331788431,-0.016473506196377954,9.797953477085535,-1.2664728864293497,4.505119435231904,-3.1474238093742026,-1.2487083820996085,0.7457024351933038,0.4117832074778974,-0.06331007130897791,1.2061036808976953,-0.018308270810447717,0.34861400331166714,-2.977785935207976,-55.54142912314208,239.97911577856564,2976.650067027545,-3272.1706119292476,307.9951916309776,-482.16284490211206,-6.206170619235364,-1141.4976972886866,973.5362146367996,-42.61036344590012,24.76160064734887,76.49468758608357,-177.20678542235154,234.9689571562694,-116.40809652144848,-100.65049886566455,-67.42770104255409,357.02561108801234,198.298599836704,-219.77884554474343,211.55983168413007,265.3619564269734,341.3196114945903,272.8400433718308,199.80890489126273,326.83406842707507,335.47949517505384,143.4517027455123,152.4031420186533,169.02516977794843,187.49037512802673,208.7377508815044,165.85981416592293,164.86853264383961,181.1931120030925,189.3589632975122,-3.4432403881088605,-9.928135152392684,15.04999373384955,9.83873315887289,10.141056404068,9.781479970889201,9.79795347708549,1.2664728864293497,-3.238646548802555,-0.09122273942835209,1.1574856426712123,0.4117832074779084,0.06331007130895029,-2.6474802027067867,-2.6291719318962508,-2.977785935207962,-55.54142912313987,-295.52054490170553,-3272.1706119292435,307.9951916309798,-174.16765327113654,-167.96148265188697,973.5362146367952,42.61036344589793,17.848762798540267,-58.6459247875389,118.56086063480826,-116.40809652144794,100.65049886567252,335.54536537998604,-21.480245708021812,-219.77884554474343
204,stance,swing,1.0251256281407035,0.33485455152788257,0.18885588903007036,-0.585713123505224,-328.044692276999,0.017135235204828347,0.01974145690145308,0.7172456291666456,-241.15833808524314,0.3235545635947241,0.10653061475929243,0.5253805496815388,-572.3816857403926,0.010476061628093988,0.021797799815211218,4.9767815514902045,496.73714499725384,0.32237091827552483,0.0009076531908722313,-1.1144663015363692,275.13546082187486,0.0020543084109952564,-0.01730472821060763,2.3106251564476117,-380.9352805918101,0.32619173339035756,0.026416097430585924,-7.65436740927716,836.7041253346862,0.000575991389261149,-0.03833516562897256,0.9316885817738443,759.0554470364814,0.30265316096556205,0.17072353928960957,-3.961901470409725,1744.0098220292289,0.025081151345434996,0.028094879214120565,0.8426886669739834,-556.2926558792017,0.30352920839257774,0.3316530863681779,8.433069821713849,-4.399781051241865,0.014053010832649718,-0.048347597197152814,-5.080489873262398,1337.8783376631259,0.295331297793445,0.3813988837608121,5.350487509527094,426.6855462684601,0.010356584270476615,-0.13121991140973477,-5.19094345173489,1475.89350343526,0.3022940286452473,0.39423596218855184,-3.184323267422404,294.37518135092813,0.006911707415062779,-0.07511395083832884,-13.828806761610748,1153.301929622293,0.3087308736525836,0.5028059719804416,-11.563243667291314,-1507.8571670468575,0.004252631229212003,0.007756480276347128,-3.588851301216041,-288.9873138772626,0.36123749129483373,0.20041057778357266,4.5391830230360535,167.11710738612973,0.008804126182931318,0.05074101463615221,1.9047855449598263,-845.7740129677062,0.33733497944552027,0.1387617185247576,11.168271413817264,1621.0955996955308,0.026160081280554318,0.015495071122583899,-0.44668588817495547,-55.07183570050878,0.32408584323721334,0.2793236786480062,9.988975700658902,-1830.3089173096123,0.03345144583683096,0.014086513888616134,-3.013162378642017,495.9448115452668,0.3079513278961668,0.18576007607199307,5.699179807302385,1146.627685485153,0.03661782292097626,0.049006681464383264,-0.8813802088818603,-385.18591652268174,0.29415505238662154,0.2195786313725296,0.9359043672105358,587.8368488396447,0.03460561452297321,0.030795241611858475,0.9041454502461962,-218.8704641583936,0.27960436432688723,0.22782660020243953,2.1367474281631447,184.6416590310417,0.026576312157487417,0.02565438432746175,2.2922630687622227,-157.93536091292503,0.27960436432688723,0.22782660020243953,2.1367474281631447,184.6416590310417,0.026576312157487417,0.02565438432746175,2.2922630687622227,-157.93536091292503,0.32674294169712226,0.007560399158294685,0.3025077138898832,0.012131017018567222,0.31739484309787386,0.027702567150292245,0.27960436432688723,0.026576312157487417,30.511186240414506,128.51148707572167,103.15172261985222,158.8479765448406,94.54189340457563,109.7286541742038,50.59488625827141,176.12129907005277,157.55436225045526,35.98393705118316,172.8412629481265,162.27791522453174,160.59871686799272,159.40755160733593,28.890616300829944,14.458562129030147,179.45588549579438,163.94178019556588,174.47231336241666,6.583229808781639,-4.100128416474415,6.814171422512368,-14.518553588542431,3.604253749555715,12.07629785581885,-3.1978945857635717,1.256777754275644,-6.5430598186013,14.164685334381012,-1.2612695753108087,4.071742878322081,-2.385412505202597,-1.530892371844627,1.0997888250348096,0.0060427490011975525,-0.23123442543541933,0.7721347410780806,2.225716151134655,1.4316450714732394,-4.292756274807183,-237.67556716106992,-351.5483932886048,1717.6453543591333,-1603.7725282316096,78.02596585667169,-120.85163409028284,581.8157285185418,-819.6060338647495,194.96463711259432,77.03988854461976,-265.7575329328123,251.1259937943399,-45.98588647335354,63.75858181097757,-80.18104474375593,14.971964146221369,-75.15595638582971,261.30042821531976,177.98680603776063,-139.68420627123817,210.5111862404145,261.99969916469286,338.84797654484066,274.5418934045756,204.27054757877943,333.675661320508,337.55436225045526,144.01606294881682,151.17480000069034,168.8968847761586,188.2981679081659,208.89061630082995,165.54143787096984,164.9973233667642,181.0555431711983,186.58322980878165,-4.100128416474415,-10.914299838986784,3.604253749555759,12.076297855818872,8.878403270055278,7.621625515779712,14.164685334380968,1.2612695753107868,-2.8104733030113387,-0.4250607978086973,1.1058315740359297,0.006042749001208599,0.23123442543545247,-0.6353950521992446,-2.861111203333855,-4.292756274807183,-237.67556716106773,113.87282612752821,-1603.7725282316053,78.02596585667823,-42.825668233615474,-624.641396752164,194.9646371125899,-77.03988854461866,188.71764438818934,-62.408349406146215,-16.422462932783887,-80.18104474375265,-14.971964146215601,299.6030279818393,38.302599766515186,-139.68420627123672
205,stance,swing,1.0301507537688441,0.33570866417627027,0.18350035858433847,-0.5257552861655809,-499.48700815416925,0.017270780402872957,0.014489496840581593,-0.5615426203271104,461.1007827962856,0.3241121876822955,0.11306496449439572,-4.103364492880639,-166.74424458534202,0.010676663600542147,0.05900969754302958,6.449402247006049,-255.88641872275647,0.32237091827552483,0.00309581295807715,0.2177218968368973,213.83681634546323,0.001904994833785978,-0.01485670093232282,1.7218204569554136,1288.9867028883198,0.32636354005160423,0.017094762794042727,-4.329330592350512,58.94960883057575,0.00043040615665040916,-0.014485730644768232,3.8143489800826686,260.0624820934446,0.3032217429796438,0.2063291545032902,11.771784520283175,794.2723385863283,0.02526489060195776,0.018282056024014493,-2.7954404818049223,-592.5535632716751,0.3053813250801285,0.4066549928810637,-0.41277223642926797,-1785.229804674256,0.013567105333180854,-0.051060199731279475,0.8929033557451851,480.9836916570102,0.29747170825393815,0.4190834390631161,2.3265514569909302,-889.7625019096168,0.009705108097300241,-0.11856831812576778,2.5566396577785224,543.8856461774665,0.3038929774866318,0.45241803820171916,2.200077893854459,-1110.1244172718468,0.006156793336285618,-0.13898298252874877,-0.6831446091798219,1534.6380377250262,0.31098430783867326,0.4130255130983161,-10.132125037305268,1406.0842655274128,0.004252631229212003,0.0,-8.290014169189073,-1590.1293440765703,0.3623691290457244,0.23874668496148146,1.8122256335672664,-1037.826320167416,0.009148373513262545,0.03622892062069373,-3.6068386524174714,-192.91921321214866,0.3383125249034091,0.2523614828245533,12.30784505974052,-1847.0131707917983,0.026167216234430718,0.010295837803088603,0.9882737907623735,344.7489457595226,0.32549197799347107,0.2798358812785281,-2.337606183250377,-2439.0447261422623,0.03359301884073665,0.014772903075489006,-0.9319696341361396,886.816885782387,0.30928853559136915,0.24706997770764721,4.85133851368317,-752.3252734791366,0.03690386454667384,0.03010508622917164,-2.883690923638051,40.74458257395538,0.2953333417590117,0.23532697916351328,4.467795722956171,118.9432335035104,0.03484129510817978,0.02841406430924883,-2.5596375496456822,-370.21547506444716,0.28088083974890815,0.23786539514130142,0.9374033131457972,-274.1100881191288,0.026819279101427174,0.03813273260403483,-1.1638378332204016,-605.6037613049277,0.28088083974890815,0.23786539514130142,0.9374033131457972,-274.1100881191288,0.026819279101427174,0.03813273260403483,-1.1638378332204016,-605.6037613049277,0.3271388275464237,0.007570711248462873,0.3041904123278031,0.011789305719587296,0.31861272484031555,0.02791217455745178,0.28088083974890815,0.026819279101427174,29.62390531213504,130.85176127761116,99.04276487834328,159.7293791561806,100.459866340394,105.56481913379622,54.94918786202111,166.10599284699447,164.96950476517466,35.27749457169657,174.80240273124366,161.4683716066722,160.0443150587776,159.37448218214308,29.03293384946689,13.924006497672522,179.2444332286944,165.96242430447822,173.14689328185514,6.211109144688526,-5.831939555556746,2.9517450829914202,-7.715361505748738,-1.0683231327994618,10.622913720246483,-0.9122660421444388,6.2069706896464965,-8.253720077701253,11.7573970661568,-0.4922026498000191,1.8341894560077072,-0.6235444747577661,-1.7108780953996359,1.3864922021377906,-0.3940564381879772,0.08716193016058092,0.4507674358139931,2.607826686127393,2.137426124294154,-4.3816473047681335,-121.4929694056639,-355.12724749364395,1674.2800046126504,-1440.6457265246859,-429.93694909220113,487.32269489030034,886.840483236437,154.6593156543119,-984.114053092663,153.08494173157496,-426.42530276014685,208.38352143447742,59.238003030811626,86.12883986594522,-80.41000330267008,60.7736189332713,-36.96902360577579,-103.91243193603377,6.34754658372892,162.87928257517885,209.62390531213504,258.7721440345239,339.72937915618064,280.459866340394,206.02468547419022,331.07549761216916,344.9695047651747,144.72250542830344,149.92010269705975,168.45173109038754,188.40741603160996,209.0329338494669,166.07599350232746,165.32042673102188,179.35800242654366,186.21110914468852,-5.831939555556735,-8.7836846385482,-1.0683231327994618,10.622913720246526,9.710647678102022,3.5036769884555037,11.757397066156711,0.49220264980003015,-1.3419868062077212,-0.718442331449911,0.9924357639497692,-0.394056438187933,-0.08716193016055054,0.3636055056533542,-2.2442211804739944,-4.381647304768105,-121.4929694056617,233.6342780879823,-1440.6457265246945,-429.93694909220324,57.3857457980949,-829.4547374383467,-984.1140530926587,-153.08494173157055,273.3403610285807,64.95683959409448,5.718836563282848,-80.41000330267119,-60.773618933279,65.31439722286667,169.226829158896,162.87928257517592
206,stance,swing,1.035175879396985,0.33669877623727296,0.183571916304788,-5.605683054703038,-630.80928664922,0.017280858288653292,0.014097812476054836,5.351424350737477,1210.1914714773927,0.32469089489617536,0.06529077060973718,-1.1504410039400332,2138.7783125363662,0.011069123914958623,0.0866159128504496,2.405058750256403,-730.5127996236445,0.32240203197359596,0.003095812958077287,1.0346474305788962,2119.42673316696,0.001904994833785978,0.0,15.26526538648132,2798.437858409218,0.32636354005160423,-0.017094762794043483,-7.061909029070353,235.83572160155356,0.00043040615665040916,0.0,3.545381869145216,-73.99462284877782,0.3047268208098163,0.2890329314532627,4.020735098297302,-2621.5610672080797,0.02526489060195776,0.0,-5.112623526711351,-54.3261100986005,0.30761619324565387,0.3275046216804465,-9.508938265465076,262.6259138498617,0.013539842996154433,-0.039373694124336646,-0.24648292193553512,73.85479929841536,0.29954319165337595,0.40478131046423915,-3.591849193082357,-1078.5988674516689,0.009164942882277913,-0.10552504047728663,0.2752439470337612,-215.31894597929545,0.3068409436020486,0.41634729780518015,-14.341352586737742,-1478.6992960124817,0.005514893520301448,-0.0819797258049604,1.5946911049728372,-1215.4395154007896,0.31288188383447635,0.4009755695954614,2.5682564887634607,220.64156246285367,0.004252631229212003,-0.07556024504213822,-19.570050739171943,81.42391415772016,0.36363695546530095,0.21862390073399793,-5.891232255028705,-717.7608918310076,0.009168235937913174,0.014491379938488223,-0.034101019986442604,689.9546484501559,0.33987127575531484,0.26245865379853495,-7.394675026301803,-2260.0705816857635,0.02626355703736928,0.025427471029743694,3.0181276370464687,134.02553380193635,0.32689826415458556,0.2558301491681023,-14.524036622379557,-1378.8093516374968,0.03359991722452432,0.004719984902323026,5.899570141784218,897.9934482408727,0.31043444325001257,0.23451724706378502,-1.8618782176137607,-1214.0785661773746,0.03692038660167146,0.020024863136361887,-0.47188691668129296,157.79553736256497,0.2965201476545966,0.26448110094997973,2.1313137491553955,-1230.35402743886,0.03489118300849331,0.005070241112906215,-2.8166130931151803,203.43394419901526,0.28199497131323203,0.23724773902802568,-0.6181278293156098,-485.2622922980696,0.02695955570124657,0.013957521682030271,-3.7942068941015332,-255.94234814293046,0.28199497131323203,0.23724773902802568,-0.6181278293156098,-485.2622922980696,0.02695955570124657,0.013957521682030271,-3.7942068941015332,-255.94234814293046,0.3275388107896621,0.0076713457985120755,0.30632180662907416,0.01154744024598071,0.31989267626550716,0.027967139251869683,0.28199497131323203,0.02695955570124657,27.352741411720668,131.37621885002923,96.39325467722259,159.58326788446882,103.84342550469941,104.61060950260712,55.026455668684186,165.22979791463572,168.1977814239866,35.72852528244716,173.76004272200893,161.91404296841534,160.30010097928255,159.66007067982446,28.637217368021588,14.329941164729522,179.68266490363084,166.18099902896788,174.90581839699416,4.265906312939237,-5.321163284873079,3.2450533572495206,2.308381131183143,-10.874597773305831,7.755323493083047,1.6998209407722398,10.16974743504409,-4.988694837150888,4.274091835962027,0.277272552644759,-0.21393855645337714,-0.2911057571173417,-0.9355355574645949,1.9654053060996086,-0.8020979877090759,0.3795557145974742,0.40058676514062563,1.1813701015262477,1.4954395095006674,-2.6557785604837343,485.996976622788,427.09901384898274,4102.192029029669,-4043.29406625586,-289.427055003281,204.3339296944148,807.2381767809773,162.1744506264116,-1054.5057527162548,87.85248723717297,-251.67409624936388,-79.37456041393516,199.5380769702832,16.87644830813977,26.78164414768659,61.35003976895458,-21.870483955616386,-305.19360325658687,-81.29899837468658,303.2720779067141,207.35274141172067,255.97652256169144,339.5832678844689,283.8434255046994,208.45403500730652,333.4275793386223,348.1977814239866,144.27147471755285,150.5114319955439,168.59738902712854,188.297288047846,208.6372173680216,165.67005883527048,165.35272373890132,179.17172470993344,184.26590631293922,-5.321163284873057,-8.566216642122578,-10.874597773305874,7.755323493083047,9.455144433855242,-0.7146030011888158,4.274091835962027,-0.2772725526447369,-0.06333399619135972,0.22777176092593782,1.1633073183905327,-0.8020979877090759,-0.3795557145975184,0.021031050543151394,-1.1603390509830962,-2.6557785604837636,485.99697662278305,58.89796277380039,-4043.294066255864,-289.42705500328526,-85.09312530886184,-892.3313020898391,-1054.5057527162373,-87.85248723717186,163.82160901220078,243.19616942612276,43.658092455830754,26.781644147677795,-61.35003976895899,-83.22052372455778,221.97307953203344,303.2720779067069
207,swing,swing,1.0402010050251256,0.3375536080587304,0.12716183542149487,-6.86554711178577,993.4929331346426,0.017412466960421244,0.06827265614447488,11.601185736229386,-362.45060723460614,0.3247683763316396,0.10150274334926997,17.39189492959502,1787.5415540403271,0.011547175287481323,0.08318114226922416,-0.8924349351410015,-646.6932419697939,0.32240203197359596,0.013494279597060847,21.518493084444156,3458.8244867440194,0.001904994833785978,0.1385630516956274,29.846824059057603,-853.7159906278323,0.32619173339035756,-0.05387919729711534,-1.9591223350485085,1236.0774714332433,0.00043040615665040916,0.021146247939605168,3.0706844288386836,163.90116572817797,0.3061265965620886,0.2467385524761267,-14.575562888842788,-1335.6318392872324,0.02526489060195776,-0.03310109499820923,-3.3414315380722543,830.5052812687035,0.3086728288156103,0.3110877741326727,2.2266841841723104,-665.8770330785673,0.013171389814343307,-0.053537415027113955,1.635162645176482,-388.81200726190366,0.30153986212795053,0.38298445219796745,-8.513638165638714,-2051.1741974527718,0.008644554926674264,-0.11580204730130791,0.3926301504489581,747.2729825263691,0.3080773724394476,0.30828384135008613,-12.661221563557154,-580.901600741853,0.005332876494024724,-0.12295593624761501,-12.898617125770455,-838.9506237103408,0.3150142130607381,0.4388371361009635,-7.91462189697512,-3661.9787838421234,0.003493231781552336,-0.19668392702685022,-7.471683373634111,3091.9274906077994,0.36456635417872935,0.17953832058933472,-5.4014516712668525,672.5326340756959,0.009294015522694585,0.035886196801734514,3.3273789199457817,80.95783565653198,0.3409503003184697,0.17804314085167217,-10.406432143131072,624.7316229938184,0.026422768707091454,0.04062877887893197,2.3352640802290465,-336.93747007954425,0.3280631352715424,0.1338656639681834,-16.194986601717435,1679.5232006046788,0.03364045587493085,0.07406506530447507,8.093090147179003,-1100.8401335283345,0.31164549284829157,0.22835763381203186,-7.350456121265102,-701.3362854491897,0.03710511945256692,0.0253625041519728,-1.297806126024361,-204.1423835207791,0.2979914432760969,0.25674721784849175,-7.897571386981899,-884.4305638561068,0.03489225230529441,0.00010639503170983552,-0.5150752963892838,160.08864358840216,0.28326523913612445,0.23165305514817983,-3.9396046496487855,-166.44595434454223,0.02695955570124657,0.0,-3.736122739179456,-101.3161445884942,0.28326523913612445,0.23165305514817983,-3.9396046496487855,-166.44595434454223,0.02695955570124657,0.0,-3.736122739179456,-101.3161445884942,0.3277289374385809,0.007823760809584739,0.3078861746011671,0.011181388723710477,0.3210803275048757,0.028052361260637464,0.28326523913612445,0.02695955570124657,24.643537128638638,128.43231540608247,97.47244146705968,158.7387802554965,101.8897109390966,110.51095662294881,59.26587682497571,167.98768267674424,165.1471080603254,35.9534235609514,173.29836330443305,162.66466459504267,158.87784991166347,160.89528562158043,28.31041300632897,14.419379986289707,179.5606447468864,165.94125093749653,175.09307068436144,4.1069431387387185,-0.9475478307046921,7.2441974834836325,33.51269908751354,-41.704444401701856,7.714099097097982,1.1413412914677337,14.319917189957682,-6.623826101556442,1.1593493001644761,0.39073692042280905,-0.6951984459959047,-1.4212787502746882,0.2945297133468934,1.5561047479482375,-0.12489418544741329,0.7037452444214201,0.23096357696358105,-0.4594457084111137,1.3203507637445548,-1.3336867227911613,933.6270659565981,567.6005211972287,6701.94101307759,-6335.91446831821,-162.7996399144315,-465.6957293855023,581.160131449672,-1363.2073085777129,153.55180782811917,-47.96221947186102,21.68582073896191,-196.41961157468995,191.98262427749555,-160.10226050241747,190.8156465325077,2.637750599185796,-27.341101618597275,-91.7039527404183,-165.7299541379497,231.3445513537311,204.64353712863863,256.21122172255616,338.7387802554965,281.88971093909663,212.40066756204538,333.1347907370697,345.1471080603254,144.0465764390486,150.74821313461555,168.08354853957283,189.20569862790938,208.31041300632896,165.5806200137103,165.1412647605967,179.20001382310016,184.10694313873873,-0.9475478307047307,-8.191745314188408,-41.7044444017019,7.714099097097982,8.855440388565738,-5.464476801391966,1.1593493001645645,-0.39073692042278696,0.3044615255731619,1.7257402758477618,1.4312105625008242,-0.12489418544745748,-0.7037452444214339,-0.47278166745776445,-0.013335959046562354,-1.3336867227912055,933.6270659565948,366.02654475936174,-6335.914468318205,-162.79963991442938,-628.4953692999272,-1209.655500749598,153.55180782812351,47.96221947186102,26.276398732899107,222.69601030759347,30.71338603009794,190.815646532511,-2.6377505991803,-26.08935552464428,65.61459721578281,231.34455135373253
208,swing,swing,1.0452261306532664,0.3379767846334689,0.11457144281950206,4.379170544640369,1857.1177526976142,0.017967015636838987,0.13069264399595124,1.7087046800378214,-2120.4707490097016,0.3257110229700374,0.24008368447501835,16.814800745209457,-854.5269672200997,0.011905115294548838,0.0776467175223991,-4.094370817279386,-679.9246391046278,0.32253765287406894,0.21936207511330066,35.796702573735786,-619.7725477412669,0.0032975883181641796,0.2999680809955617,6.685205179166194,-5500.481361202658,0.32582204058128145,-0.03678443450307424,5.360980131063072,1036.1484375633763,0.0006429312615710697,0.030861150038580552,5.192629765910867,31.9543420415151,0.3072066052568126,0.14254486221865795,-9.402700472429006,2438.5786476411413,0.02493221628036771,-0.033582226513289876,3.234163219708,596.2915128512701,0.31074270353844463,0.34988335719976676,-16.20116975369206,-3439.230546553982,0.013001778523520108,-0.022939898695426845,-4.154141286376881,-1731.910424138339,0.3033922816252149,0.3192171077945011,-24.20666524788463,-2186.6538961786605,0.008001103210907953,-0.10157900881448292,7.785525178454755,966.5908820459482,0.30993927366586865,0.28909883987997925,-20.179559629369585,-1573.7979533950434,0.004279155467561566,-0.2116140687775312,-6.836973454930309,2537.909297814681,0.3172923073128781,0.32143163093239274,-34.23555038402267,-2394.748625389496,0.002275908344519989,-0.15065254025454333,11.504597407640935,1724.7607799301973,0.3654413606973546,0.1643379542891035,0.8678896954809805,1094.7624698727918,0.009528901232402978,0.04793237410879847,0.7795455695264631,-538.5071002738238,0.3416606540553317,0.1578713960786219,-1.1159652474692912,1168.9994535421827,0.026671886473338458,0.04889746178581513,-0.36817859490883953,-585.0496994025957,0.3282436477120548,0.09306646472872683,2.3555935344518333,2636.1400027251443,0.03434428974014721,0.08605757432120964,-5.164149793174209,-1596.48665483288,0.31272949484611345,0.16064331619679711,-8.910484101525402,1106.712722643411,0.037175286140887276,0.0069815854878755015,-2.5235691631213384,-21.84043856573845,0.29910052170332524,0.1851085241963907,-6.75743563633335,1008.090511791666,0.03489225230529441,-0.00010639503170984021,-1.2076820017744125,-219.72804860057153,0.2843231427217565,0.19765372244863985,-2.290951491069847,109.0250829980724,0.02695955570124657,-0.02359145057103058,-4.812459603533663,-51.99571759265312,0.2843231427217565,0.19765372244863985,-2.290951491069847,109.0250829980724,0.02695955570124657,-0.02359145057103058,-4.812459603533663,-51.99571759265312,0.3280118752647142,0.008453162627780769,0.3097146342798438,0.010498032365375465,0.32191647028932274,0.028262028598886147,0.2843231427217565,0.02695955570124657,26.299186635271962,136.53679812308417,108.70979968915874,141.05258882302903,106.50945498413351,107.71897595643425,63.84654724733724,165.6215843323398,164.76029936089068,35.78699943000965,173.97572117815622,160.57873385601704,160.14903410474088,161.28200733590234,28.22750409517393,14.618875289754879,179.83169199683925,166.00378333723287,175.10952407281988,4.099509297031612,4.062023307655792,8.9495812084781,69.66457221739185,-74.55213011821415,6.119146207510828,-2.9805381485294147,16.01055277624698,-18.689270802756404,5.817326085490904,-0.20475980385636958,0.0040093906718739625,-2.2651722051042276,0.9939380533645569,0.3563373613516517,1.1156472035724594,0.406065770870699,0.1258018242501935,0.25972233529086347,-0.1701881702777656,-0.3307076926069783,758.5052431764527,-53.22649293963867,4332.429634875426,-4706.873779305228,-947.7712240291465,-572.9985867535539,-651.1787685651763,-1678.657937895013,809.0668956774866,-107.49791098004854,115.29411009532485,-49.22297088720589,57.120922637899,-191.8751932482255,176.18104238226377,-6.768249783635667,-57.322886533105994,204.0599975075706,-252.62241474167857,136.69135148733594,206.29918663527195,249.76238851218778,321.05258882302905,286.5094549841335,214.22843094056776,330.38188369323046,344.7602993608907,144.21300056999036,150.23727939183416,169.6585455358171,189.50951143107622,208.22750409517394,165.38112471024513,165.21281670708436,179.2090333698515,184.0995092970316,4.062023307655782,-4.887557900822363,-74.55213011821414,6.119146207510849,3.138608058981435,-12.8719447172655,5.817326085490947,0.20475980385639167,0.2007504131845177,2.4659226182887455,1.4719845649241885,1.1156472035724925,-0.40606577087068796,-0.24117352759398397,-0.5008958628847591,-0.3307076926069935,758.5052431764594,811.7317361161067,-4706.873779305219,-947.7712240291465,-1520.7698107827093,-869.5910422175265,809.066895677478,107.49791098004306,-7.796199115286202,41.42677177193727,-15.694150865952931,176.18104238227255,6.7682497836370485,88.1289342532383,-115.93106325434992,136.69135148733744
209,swing,swing,1.050251256281407,0.33870507984586107,0.17117359968923648,11.7989529153256,582.07611856484,0.018725960869928268,0.0854455675016386,-9.710078072912966,-723.3165475653075,0.32718127768314725,0.27049571566292985,8.803684203765023,324.16691914692615,0.012327544307806929,0.042031686819180805,-7.725848393478848,-279.36745361271977,0.32460667594458387,0.37326013460947444,15.289623257898871,-1647.8671488040877,0.004919749416655891,0.20575104344604023,-25.43439565152089,-3141.201309753732,0.32582204058128145,0.0,8.454429801266647,1454.0530648694942,0.0007405684685959368,0.07333348176785416,3.391833595085061,-1014.8952579092069,0.30755920824267813,0.15223905024066098,9.93276522815317,1653.9820987394748,0.024927380787753847,-0.0005969420363203563,2.651447988071057,-611.2619543094162,0.31218924446585916,0.14826194746240362,-32.33844693697262,1431.0847163308474,0.012940838068660629,-0.09528757870929293,-15.770972270786416,280.57925771580733,0.3047480742665887,0.1397013843800358,-30.49005923276054,1267.8453820743962,0.007623660365724705,-0.037555563095733886,10.10711137704123,-357.1932417412453,0.3109828884181408,0.10547419683381247,-28.478286421798515,976.0243109099504,0.003206101933446559,-0.19166923730218977,12.608008982919353,2577.8522253665656,0.31824468171332493,0.09476125284446031,-31.982447277773645,2391.3182876206574,0.0019791358995971536,-0.08105983247769716,9.862595821643948,-342.19483557297906,0.3662179919102781,0.18826083009165598,5.601186216901714,68.49489653467383,0.009775747925798078,0.043720825641196316,-2.084752741097577,-370.88662810617643,0.3425369475152397,0.16682740972132773,1.3423060834233178,547.8473134375763,0.026914200483833306,0.03692849149291355,-3.5446323961788466,-96.06810066512455,0.32899847662559994,0.15753997084709587,10.298882772404149,153.0974660706029,0.0345053561193651,0.022164062358001533,-7.9520018611913645,233.63583107600894,0.3132599985387116,0.13880502977660228,3.772284809824259,1684.3331307369297,0.037175286140887276,0.0,-1.5173080211574068,46.09516376758432,0.29985183045395003,0.18883329185519296,2.233991545597478,365.23775667167513,0.03489118300849331,-0.012031112523811683,-2.7233973928774007,51.97707445259761,0.28525170870847255,0.20862841704697574,-2.843875172281243,-291.63463976403216,0.026722455695507574,-0.04836642817621686,-4.258692765236262,152.76188954972716,0.28525170870847255,0.20862841704697574,-2.843875172281243,-291.63463976403216,0.026722455695507574,-0.04836642817621686,-4.258692765236262,152.76188954972716,0.3290787685137184,0.009178455765746756,0.3107448194213183,0.010135423411036579,0.32268615895870867,0.02833070489564744,0.28525170870847255,0.026722455695507574,29.040560844780032,138.20561240946822,144.61977417213075,106.21517426318105,111.12002744415803,104.42813224735944,70.86690989024547,154.27147437357812,170.40977542769392,35.89402272886271,173.38576135410284,160.34840612904932,160.70418523530853,160.44073350207643,29.22689105060014,14.850799981423576,179.4943982414537,165.3459425085542,175.22410799515822,4.073547756317666,6.675620442425351,6.709257855949585,77.05470546817031,-89.00970851532139,-1.8112398378681454,-4.61743847489954,7.7754069531218555,-23.494760150752253,9.29067488486269,-0.6896440944520316,0.46353632883146023,-1.9159819752717235,0.8686093378483807,-0.3722891540439441,1.6457695570878694,0.6357226335306105,-0.3451458354294338,1.5914085378960923,-1.2185679773777978,0.0400957042172156,429.7886873695083,-800.6199601248445,-3794.348731660893,-988.5514987280524,-1588.4638345629282,-98.32412762569243,-1964.1475425797746,239.9468072764104,37.41277311473053,-31.56855429761061,-43.118229372283395,216.15975386356712,-64.56405142523732,-180.4004549018085,103.49153613338258,-0.918177534644366,-56.96393964183663,183.11240195808728,-291.0649882929203,182.81140184406382,209.04056084478003,250.8349484353118,286.2151742631811,291.12002744415804,215.54815969151747,324.681249801272,350.4097754276939,144.10597727113728,150.72021591703444,170.37180978798517,189.66762455267659,209.22689105060013,165.14920001857644,164.6435982600301,179.29765575147593,184.07354775631765,6.675620442425379,-0.033637413524162316,-89.00970851532135,-1.8112398378681454,-6.428678312767752,-14.204085265889564,9.29067488486269,0.6896440944519984,0.22610776562053816,2.14208974089235,1.2734804030440137,1.6457695570879136,-0.6357226335306105,0.41293626473556944,-1.1784722731606112,0.040095704217186605,429.7886873695094,1230.4086474943583,-988.5514987280552,-1588.4638345629282,-1686.787962188625,277.35958039114075,37.41277311472619,31.568554297606212,74.68678366989401,-141.47297019367315,-76.9089187684314,103.49153613337712,0.9181775346449184,74.85881550924263,-108.25358644885783,182.81140184407124
210,swing,swing,1.0552763819095476,0.33969712231878785,0.23315388417955624,10.229181786497954,-654.9707961507437,0.018825765058965993,0.033103919645068904,-5.5608083608194105,701.6252541199794,0.32842957287619745,0.328562922703811,20.072759731610667,1022.9118081296313,0.012327544307806929,0.0,-6.902083918914711,-378.3532056951912,0.3262890110108475,0.3730266304690655,19.235223691282936,1032.9791037553937,0.005365438001038919,0.044346014146110085,-24.884657230418494,1585.8227787257304,0.32582204058128145,0.04818470922824734,19.974578772967277,3128.6171902214764,0.0013799511788359226,0.06494992988868106,-5.007322574885001,-320.69929509812266,0.30873664596274886,0.24237164843125086,7.220235193294065,-1160.8710444814647,0.024926216862917253,-0.006934508040214398,-2.909173004507129,-496.1125998056871,0.31223277336218735,0.02487384024527382,-1.818408785543096,4717.385585074559,0.01204411441588904,-0.18144213257267444,-1.3342492490321345,3172.801432134134,0.3047963156390846,0.012784351686360407,-11.464500603921076,3074.6266566438644,0.007623660365724705,0.0,4.19564335190964,-210.09886676602014,0.31099931584510293,0.002884905992562088,-10.370270072485836,2894.6271394845885,0.002352831474574768,-0.08490041065774095,19.071089111567378,33.119538294396015,0.31824468171332493,0.0,-10.202200759694884,2986.4259610788617,0.0014612366613270672,-0.05153097420787224,8.065453331530653,-198.2418296958343,0.3673334293414918,0.22063128310218505,1.556280615427439,-724.6588536486053,0.009968306515229064,0.026980085253546813,-2.9479582305355456,108.12089070583967,0.3433373114394656,0.17136190947986105,4.3900379026570056,493.85677986003446,0.027043027091357683,0.013273015593063531,-1.333687144307059,711.2730790945733,0.3298269640019753,0.19657282425037473,3.894261535161383,-880.2172142054627,0.03456704413570501,0.006137957625820469,-2.8160509883902414,664.4694760051525,0.3141245202710039,0.19855572634578397,8.017487061659521,-730.6246584638183,0.037175286140887276,-0.008267741357927311,-2.060301185557685,64.74762538519138,0.3009983437320206,0.2075607005340534,-3.086704413502509,-569.473355892645,0.034771336601537514,-0.027477223100828962,-0.6852993439593704,354.2476256137275,0.28641991073227885,0.1690720624257133,-5.221952895733435,902.234762601815,0.02647346094570671,-0.0663923828849621,-3.277164231174623,624.1257209421962,0.28641991073227885,0.1690720624257133,-5.221952895733435,902.234762601815,0.02647346094570671,-0.0663923828849621,-3.277164231174623,624.1257209421962,0.33005943669677856,0.00947467463666194,0.3110019465044897,0.009681611956086567,0.3236734132530394,0.028333076905070545,0.28641991073227885,0.02647346094570671,29.972907398467026,137.06342129353925,169.59223261458814,83.31725349033965,105.18400101714094,105.54452161924767,71.0838276813159,146.66008644368128,172.98460851139146,35.434201313282685,173.67957093858794,160.31719166889684,160.19080451659934,160.7301994894273,29.648032073205904,14.60000423117205,179.96623543673945,167.22498063351162,174.48077916016805,3.7280005384088533,8.381507602826654,0.9031494484295558,31.53041411024788,-84.48732106020445,-9.84531444136254,-3.9687203357222858,-3.7296235310870895,-16.27774510148599,6.193333855488189,-0.5220317063449128,-0.4293396482455394,-0.09271236727947095,0.34505311441745956,-1.4567325371589543,2.155763144611462,0.39683785594965026,-0.44670008169790315,2.1000479831108034,-3.0954644345281688,1.5065928284388566,627.8679306728026,-390.6269373169644,-10042.733356785066,2221.29240765585,-833.6727930681086,-252.14030639714204,-1986.426163218216,1781.5992284768274,-880.9861647238537,86.99562275060647,-253.73511514264945,292.2529663783402,-27.81213378453775,-170.43916740494313,72.73782720318373,-94.88108374719333,0.15513049000265478,23.91588150837221,-263.0197722948506,290.3428725917361,209.97290739846702,252.90948610492777,263.31725349033974,285.18400101714093,210.72852263638865,319.6446949550728,352.98460851139146,144.56579868671733,150.88622774812941,170.56903607923255,190.37823156263323,209.6480320732059,165.39999576882795,165.4337603320885,178.2087796985769,183.72800053840885,8.381507602826654,7.478358154397098,-84.48732106020447,-9.845314441362518,-13.814034777084848,-10.084411245997803,6.193333855488189,0.5220317063448907,0.9513713545904743,1.0440837218699452,0.6990306074525299,2.15576314461144,-0.39683785594963367,0.5111763770215065,-1.588871606089341,1.506592828438916,627.8679306727997,1018.4948679897642,2221.292407655847,-833.6727930681086,-1085.813099465231,900.613063752974,-880.9861647238537,-86.99562275060208,166.73949239205177,-125.51347398630158,-97.70134020177265,72.73782720317492,94.88108374719333,51.23898180525484,27.323100296891436,290.34287259174204
211,swing,swing,1.0603015075376885,0.3410483349632436,0.27397944678972114,5.216331848483781,-1002.5534991976646,0.01905866357992897,0.029558046287371704,-2.6585679812546945,260.668384144992,0.3304834176098188,0.4722319943725901,19.084204888485207,-2713.5836064828677,0.012327544307806929,-0.027335990757853305,-11.528393174335141,-608.3443028919568,0.3283556873060821,0.5665789656776498,25.67132279312923,-2534.4603169058328,0.005365438001038919,-0.04434601414611205,-9.496478277392526,2848.2336854762366,0.3263063090157362,0.20074953540671162,39.89781864771448,5935.975791143649,0.0013933315830550602,0.0230086317690086,0.16872510163650653,1365.6939026140944,0.30999510420681137,0.2248042280627138,-1.7342804450276883,-1059.1913586621176,0.024857687239610987,-0.029834861679608856,-2.3346082913832165,443.86519982237843,0.3124392328100328,0.1299864822810655,15.072463465788012,-303.3052454338879,0.011117299047829682,-0.10869711890057102,16.116479308451954,952.2076994992518,0.30487656021318527,0.024480272782836005,0.4107111857715759,1035.8687904627445,0.007623660365724705,0.004611706772705814,7.9955649773826805,368.41641204988525,0.3110118824482168,0.0012503770098314603,0.6134436232734954,1194.764273088029,0.002352831474574768,0.0,12.940868664270075,-1450.492225120422,0.31824468171332493,-0.007773428157501038,-1.968116010648616,893.2674122387566,0.0014612366613270672,0.0,7.870215623695812,-529.5956793310723,0.36843539174045087,0.2039018413019824,-1.6818173373558172,-64.91541364558513,0.010046904561512124,0.014093104731290551,-0.9981106234509185,259.49386632197417,0.3442591777612685,0.21094839366763046,6.305690805634851,-325.8448017513403,0.02704759762547214,0.023524600595354814,3.6038407605507228,265.0961299063119,0.3309740828994731,0.19667827773314095,1.4524786095349436,52.42450981371126,0.03456704413570501,-0.00613795762582074,-1.2739166752097553,272.5440643553116,0.31525553347686025,0.21938278919026794,-3.5706765817720987,-1537.3319714619051,0.037092193262918155,-0.020706544578469745,-0.866578117788632,204.82285813255692,0.3019378676452471,0.15781113694561918,-3.4893587648815183,392.64317254166167,0.03461503001250507,-0.018918543116368352,0.8368802514817637,-147.01048084504544,0.2869509254162687,0.15614647839638707,6.223810884018645,791.177577338305,0.02605519556601045,-0.08130275210762097,2.01392754574075,893.5190946295187,0.2869509254162687,0.15614647839638707,6.223810884018645,791.177577338305,0.02605519556601045,-0.08130275210762097,2.01392754574075,893.5190946295187,0.3315484372237202,0.00953624436795747,0.31131349227831423,0.009482542957813441,0.3246354964899281,0.028237327527353823,0.2869509254162687,0.02605519556601045,32.50202371164119,139.49600858168455,169.70285522353095,62.70887035348764,100.08622827103981,104.70873547954054,65.46069696618952,146.36172537011956,172.9725414142713,35.11485395974203,174.39527762318815,159.6163269588601,160.3366116336049,160.80395988156664,29.732969943038146,15.536468849161336,178.8298581003543,167.4692293005906,173.61672608484625,4.547717665047447,12.985850901448659,2.783358988442301,-23.87728806736065,-66.68516170470924,-10.189860873728755,-7.151511906026663,-12.1886750892728,-5.589240266562559,0.4365425760800077,0.18468377238825762,-2.0865653308937273,1.0212337672242353,0.5890904053404562,-2.0852456103750763,2.376802996315866,-0.31785609759698585,-0.343586735027397,1.8317691560706937,-3.8619827743110395,2.958114524234741,826.6723718018447,220.4578552279438,-5888.406994650814,8495.127569326496,338.82597112758145,-517.7283862965055,-871.6620186692088,1520.2019365522478,-827.4423330519544,145.13037753570447,-318.6526696682552,161.1745102320887,46.69684031859071,-16.808428124679626,-17.540630293450132,-250.98732122416357,-7.856631661990626,-168.43654766805682,93.96408255916546,142.90134462267258,212.5020237116412,253.0060151299567,242.7088703534877,280.08622827103983,204.79496375058037,319.3342667843908,352.9725414142713,144.88514604025798,150.4898684170698,170.87354145820967,190.53692982460475,209.73296994303814,164.46353115083866,165.63367305048433,178.16444374989374,184.54771766504746,12.985850901448659,10.202491913006401,-66.68516170470923,-10.189860873728755,-17.341372779755286,-5.152697690482551,0.4365425760800077,-0.18468377238824657,1.9018815585055249,0.8806477912812455,0.29155738594074504,2.3768029963158215,0.31785609759698585,0.9279009059944257,-0.9038682500762679,2.9581145242347717,826.6723718018411,606.2145165739063,8495.127569326494,338.82597112757276,-178.90241516891982,692.7596035002935,-827.442333051963,-145.13037753570006,173.52229213255072,12.347781900462033,-34.34905841813307,-17.540630293449073,250.98732122416357,68.42887951378847,236.86542718184535,142.90134462266667
212,swing,-,1.065326633165829,0.3424506845980815,0.28557932989296014,0.1532672216974822,-995.5063922596789,0.01912283085079887,0.006384643451554863,-2.9410256055934068,-2.2464983757330246,0.33317562307089676,0.5203639768594378,-7.199437318467922,-3842.425736362423,0.012052810732351121,-0.1158632479832657,-13.016097013306128,1604.8574247141776,0.3319832719724318,0.6310298746211135,-6.236739292694834,-3170.750686728904,0.004919749416655891,-0.05109597859150156,3.740806945221568,1450.7625506510403,0.3278396238517006,0.44916781121532046,79.63262692516369,-888.4947683866895,0.0016111937091777134,0.06664565955336954,8.718244285557917,64.73830381515954,0.3109959849382535,0.22494169420986737,-3.424904089742105,-594.1568733156629,0.024626369006840787,-0.03039790795361314,1.551783777627248,450.5301223893829,0.3135391701690322,0.1763558851275627,-4.866702709501714,-2756.7238325526605,0.010951681060104426,-0.019467466156074746,8.23567737910088,-1703.0322002046244,0.3050423485313744,0.01691210229712994,-1.0537589912303609,-69.42705353718797,0.007670009177510692,0.08035743695861848,7.898320859948622,-1509.4791202308436,0.3110118824482168,0.009050168538024244,1.6374110640770583,-64.93405678561244,0.002352831474574768,0.04515857089270976,4.493277803824702,-1734.6975735753845,0.3181665568072194,-0.019780060408528453,-1.2246388276472389,311.7133015951082,0.0014612366613270672,0.027566670251380744,2.742883690012433,-1056.0033817139424,0.36938269407819513,0.2037285962945892,0.9038643978838813,-70.47106937980344,0.01010994575875962,0.01694882270630158,-0.33997967453585176,170.15593921411116,0.3454573957979342,0.2347356864209137,1.11521577450289,-942.2988705639942,0.02727945523804466,0.049492520724225934,1.3305955683191437,-673.5673283483509,0.33180363010984604,0.2111705992205749,4.421141030776562,-370.88662810627756,0.0345053561193651,-0.006665225039603981,-0.0769146632112788,-80.89258466636645,0.3163293724236699,0.16266952954405497,-7.433085515846789,568.4852694701465,0.03696718016522427,-0.016977069174898333,-0.001779998295843096,-161.5241653720516,0.3025843853093635,0.172491768223687,0.8594581246045737,117.58228427995601,0.03458120048981522,-0.019066366302017416,-2.1627916137587957,-193.82340550447753,0.287989222072946,0.23162292558167846,2.729580544852405,-1443.314616202027,0.025656347859197973,-0.046151905038321756,5.702927172136963,-99.49843843382887,0.287989222072946,0.23162292558167846,2.729580544852405,-1443.314616202027,0.025656347859197973,-0.046151905038321756,5.702927172136963,-99.49843843382887,0.3338623008732776,0.009426646177245899,0.3117511885788193,0.009412425476071549,0.3255911166319924,0.028183247605067806,0.287989222072946,0.025656347859197973,37.31686984676633,136.8066025035689,138.0958539588738,38.606121302071195,100.53536575114249,100.58236492612342,62.80979471901203,145.41135059293646,172.89658536531743,35.6643527153441,172.22451596971098,161.15065139744902,161.11269073651383,158.4022595616806,31.44552961930146,14.618748159613178,179.7245528598651,167.5083524107406,171.36945730781574,6.227994981695582,16.689772646061126,3.118806284891263,-27.64955568523665,0.8908454656884708,-6.4400282993768565,-9.172020700511194,-12.490045829269937,-0.9993336788506066,-2.122669491767486,0.93656505280787,-3.6318790418962883,1.5271319566610901,0.8143680924937398,-1.6256614630351285,1.97947540296875,-2.1256477844941597,-0.5256612039289633,0.4072183583062422,-2.151101795742603,2.9427872467571485,228.95361023461535,-1026.0490362493965,685.6896711063341,9903.601463536279,401.35784612971963,168.74691047162517,329.8877102561988,502.094195024045,-261.87714867890764,71.12434864616918,-182.49902289069178,75.36898977342238,42.703360353574126,127.73364268522226,-134.4313185677006,-402.6390991504371,-112.83289008232178,-235.77992494901483,414.48141212593345,-118.57569098914135,217.31686984676634,260.5102673431974,218.60612130207124,280.53536575114254,201.11773067726594,318.3079359582539,352.89658536531743,144.3356472846559,152.1111313149449,170.96047991749592,189.8477891809821,211.44552961930145,165.38125184038682,165.10580470025195,177.59745228951132,186.2279949816956,16.68977264606109,13.570966361169917,0.8908454656884266,-6.440028299376923,-15.61204899988803,-3.1220031706180924,-2.1226694917675744,-0.9365650528078479,2.6953139890884406,1.1681820324273504,0.35381393993361065,1.979475402968739,2.1256477844941766,1.198903809320876,0.7916854510145896,2.9427872467571485,228.95361023461535,1255.0026464840032,9903.601463536279,401.3578461297152,570.1047566013295,240.21704634514174,-261.8771486788988,-71.12434864617028,111.3746742445171,36.00568447109471,-6.697675882475019,-134.4313185676973,402.6390991504371,60.12579618776987,295.9057211367847,-118.57569098914
213,swing,-,1.07035175879397,0.3439184789822684,0.27551982087713306,-4.788757520960493,-917.6526394211032,0.01912283085079887,0.0,-2.68114585437764,-60.35716590397244,0.3357132063219741,0.39987584041813673,-19.53313919556026,602.8072902979707,0.011163089554206237,-0.15815103611771736,4.60082717455149,2770.5104346179655,0.3346976960962442,0.5038981687661422,-6.19551827952391,1012.5835085432689,0.004851910578008739,-0.006749964445391778,5.084049869854496,527.339859385338,0.33082055837468427,1.0010774442023478,30.96822298553646,-15341.328086298023,0.002063137206707033,0.11062917735250757,0.8193613208843583,-1758.8497615070626,0.3122558247516342,0.19038308143213897,-7.70570630749682,-10.067295625717978,0.024552180627011852,-0.014239044819033087,2.1933326371534143,-48.444199413606114,0.3142116537660887,0.08107489726094647,-12.63330369554599,130.8934862740347,0.01092164612163797,-0.025926491974931857,-0.9994222011427151,-874.5683427711841,0.30504653109054336,0.013889730157404964,-0.2870481462604825,32.5509225229158,0.008431272797469636,0.08399181591792018,-7.175079447048309,-1516.3864036185314,0.31110283891593565,0.017706769613621425,-0.039159962511571465,-232.6850309336766,0.0028066864584211093,0.04515857089271176,-4.493277803824701,-1070.0230230297807,0.3180458871363548,-0.020081356073554015,1.1646809903073276,400.60379334206345,0.0017382886236525091,0.027566670251381962,-2.742883690012433,-791.8766950901723,0.37048291532130107,0.21298590560232317,-2.3900692909216996,-660.0790165239392,0.010217244488208627,0.010676223580176373,0.7119993183994902,509.9178450109074,0.34661833038861445,0.22215659240635327,-3.1646496020437342,-424.0941498018166,0.027545009894057337,0.036897420377457114,-3.165680127372581,-344.3854045285752,0.33309640047957945,0.24111185593190154,-2.275025190528246,-1377.9144809153402,0.03450005694937733,-0.006910969316386377,-2.0869074758767763,-353.1383587808992,0.31689040312051914,0.14467841214657964,2.1427432118978658,874.1209074099551,0.03692156945211515,-0.02072443400857872,-2.4899365637389423,-356.44751613937376,0.30367145325553546,0.1664489070421478,-2.3076272645804217,-315.7215767054776,0.034423408240625494,-0.040655142249623154,-1.1110936731864036,121.95410062112268,0.2892787940150796,0.18357944869641196,-8.281863650675477,-630.7720003691053,0.025591357324419264,-0.023986901131368577,1.013943239873097,-730.1026505426131,0.2892787940150796,0.18357944869641196,-8.281863650675477,-630.7720003691053,0.025591357324419264,-0.023986901131368577,1.013943239873097,-730.1026505426131,0.3362874849437928,0.00930024204743022,0.31213254713211136,0.009690014925638615,0.32667304943010483,0.028199774391467203,0.2892787940150796,0.025591357324419264,44.12979789514858,143.2707143021785,134.8678764717299,35.72696006469992,98.16556657276548,97.03597388461802,58.08487329059271,145.86473651702826,171.25193064976256,35.98291456405964,171.23625188664226,161.2791389057694,160.7999591353235,159.1663888251194,31.535346683085837,14.282956167008418,179.14253097469745,168.2269719881621,171.66381235443785,6.683728515694169,15.286892210339326,-7.528691627129796,-16.985934588904847,32.848521345909255,-6.156113676445034,-5.455563057065561,-8.873220714838554,-0.5430674522504156,-2.195388566421646,0.8995013467216351,-3.92072636497108,1.7787110513792541,1.0182699063814136,-0.801490407508487,1.0257344679972311,-4.364480209661787,-1.4775856303271435,-0.537878330854141,0.3036595586130249,1.7663990369066558,-384.414072204085,-1906.2607362333335,1317.8501981321215,1350.2381005807028,-124.99233077967664,906.5367205231925,683.7388519409071,41.822837704702806,55.982700097903866,-69.9239533662381,11.621951808764265,63.733645065632224,39.33249149745603,166.04498266636656,-210.80911767198322,-308.7963394457638,-219.114286178649,-191.10939766043964,479.7813588636185,-257.8580074611442,224.12979789514858,260.8590835929701,215.72696006469997,278.16556657276544,195.20154045738352,317.1166671667908,351.2519306497626,144.01708543594037,152.78083354929814,171.50169464352874,190.70173550820525,211.53534668308583,165.71704383299158,166.57451285829416,178.34754087013204,186.68372851569416,15.286892210339326,22.815583837469077,32.848521345909276,-6.156113676445078,-11.611676733510617,-2.7384560186720175,-2.1953885664215576,-0.8995013467216351,3.021225018249445,1.2425139668701466,0.22424406048873302,1.02573446799722,4.364480209661787,1.5321802646654956,2.0700585955196367,1.7663990369067,-384.4140722040783,1521.8466640292331,1350.2381005807028,-124.99233077967001,781.5443897435138,97.80553780260662,55.98270009792145,69.92395336623369,58.30200155746942,-5.431643508162807,-44.76413500562762,-210.80911767198538,308.79633944576045,30.81395374202162,221.92335140247008,-257.8580074611441
214,swing,-,1.0753768844221105,0.34521972802398226,0.23745111360190077,-9.069372370474246,-227.4835948602723,0.01912283085079887,-0.020561546039677223,-3.5476302880453803,11.223170308602693,0.33719447573841566,0.3240510201201422,-1.1410725918552589,839.4260237815549,0.010463353082926855,-0.06962377889229676,14.828228962753329,231.51051311059385,0.33704757517611156,0.568763359249015,3.9399793861318084,-621.2639989447268,0.004851910578008739,0.0,9.040705029496227,516.6014107179569,0.33790070369293007,0.7604062331805055,-74.55157494717552,-4827.529256475258,0.0027230447378461115,0.07488044669793581,-8.958637739638379,-542.6831636444475,0.3129093827415915,0.14749740971241326,-3.5260829402518317,569.4360696126123,0.024483263028760055,-0.00835436386161942,1.0649074016111149,-204.8508228426234,0.3143539932570819,0.049388008790419324,-3.5511902846370673,1287.6816830851035,0.010691113301562402,-0.02951191038866467,-0.5539542065390048,41.154731654995246,0.3051819438093383,0.014027196304562329,-0.7266140412513135,338.6339958240289,0.008514148030957111,0.008246085732003593,-7.341743498026297,733.3185922007725,0.3111898399317708,0.008656601075596397,-0.7011319603819613,341.02031774990456,0.0028066864584211093,0.0,-6.260722427630191,271.2204014118966,0.3179647341331133,-0.008074723822525368,2.80152994965986,43.997810512339676,0.0017382886236525091,0.0,-5.215676059637399,-125.1980069894219,0.37152325594354507,0.1797077994009042,-5.730095567180717,76.51144675531646,0.010217244488208627,0.024104594750517433,4.784822787885237,656.3783532245042,0.34769012536985733,0.20293016278228376,-3.147036987324337,-1.603310043936154,0.027650283583546736,0.017676640047115135,-2.1305642761890877,242.42607160846504,0.33422686484282993,0.18830602444139696,-9.427245712090931,-198.47486894614977,0.03443589914131097,-0.02763916952077724,-3.626043897190102,262.5047334396724,0.3177834268171028,0.18420463720131958,1.3520492319918,-748.4847866292972,0.03675889439629383,-0.0420015572526762,-3.5841670951739077,301.8137942299191,0.3042572386464705,0.1492995344088088,-2.3136230483147426,-92.8055511567086,0.034172606095346655,-0.030233136886805193,-0.93712226078271,-288.6703804964374,0.28983424165783456,0.1483881150221274,-3.6098365442842186,504.4274402668196,0.025415273475968142,-0.035961520717989304,-1.6347879086931894,-349.3631229212731,0.28983424165783456,0.1483881150221274,-3.6098365442842186,504.4274402668196,0.025415273475968142,-0.035961520717989304,-1.6347879086931894,-349.3631229212731,0.33934062065785986,0.009290284812395144,0.3123199787745792,0.009646699888670637,0.3275525255462734,0.028108366863445824,0.28983424165783456,0.025415273475968142,47.17689804869479,138.6764875502256,156.66230143143278,111.83810906703643,95.97944337373339,97.3725171112778,56.882960544586176,145.4307154337548,171.03828450667024,36.18406708379941,170.56448589716362,161.29251688408516,161.13428680392636,159.55942258359377,31.26522074743169,12.181437110826899,178.74547708182655,167.17071211492086,172.71764100517757,6.675686850901205,12.826314633959838,-16.039593074237377,-14.40483007586883,14.461077632328461,-7.6962326288208205,-0.061098886207913754,-5.61829857358255,-0.5790036516676713,-1.5600292897785124,0.2338117526446856,-3.5150755061298153,2.1676711030493423,1.209669514578718,0.04313233260671698,-0.1392091967496363,-5.229128582943992,-2.727814833865095,-1.5134791056177404,2.6708214089167943,0.3512494833286093,-798.614856639631,-2383.350196570974,-366.4090775550861,-4158.429284995251,-71.39045230210043,745.1484777264167,594.7943799360579,48.23621533030369,30.72743015795902,-172.42888189983037,124.51845293143337,85.31611489494253,-23.314645384836705,107.96586184175534,-122.05690238346084,-70.08336877213361,-207.52702576361153,-222.01611011380587,285.1122725547165,-164.52158038672272,227.1768980486948,268.5004104984692,291.83810906703644,275.9794433737334,193.3519604850112,316.468999940425,351.0382845066702,143.81593291620058,153.251447019037,171.9589301349518,190.82464333102544,211.2652207474317,167.8185628891731,166.56403997099963,179.39332785607877,186.6756868509012,12.82631463395987,28.865907708197113,14.461077632328417,-7.6962326288208205,-7.757331515028734,-2.139032941446184,-1.560029289778424,-0.2338117526447077,3.2812637534851077,1.1135926504357654,-0.09607686414304085,-0.13920919674966944,5.229128582943975,1.5085917866276204,3.022070892245405,0.35124948332861067,-798.6148566396278,1584.7353399313463,-4158.429284995262,-71.39045230209821,673.7580254243185,78.96364548825392,30.727430157932638,172.42888189982926,47.910428968400325,-37.40568592654221,-14.091040541705516,-122.05690238345645,70.08336877212919,-101.42541794580339,120.59069216799809,-164.52158038673164
215,swing,-,1.0804020100502512,0.3463049223350514,0.18437034981708797,-7.0750248059884155,542.3289439835712,0.01891618214688251,-0.035654575759250996,-2.5683501728841427,233.84090561655674,0.3389700004940359,0.38840777416833483,-11.096696745494159,-2925.928971624729,0.010463353082926855,-0.009123609356373444,6.927565999783651,-1294.7567547331078,0.3404139107620636,0.5434959515413373,-12.439377565400726,-3164.0018700320966,0.004851910578008739,0.0841113926349747,10.276023846919527,-1109.4905505105062,0.33846283207499106,0.25181538443171964,-17.54965898909053,12055.43736663504,0.0028157045102038952,0.020592617155134562,-4.634740826296163,1482.6889279825107,0.3137382107788947,0.15494506193211963,-1.9827307335005655,-74.08783854910533,0.024468217171116177,-0.00353645786816733,0.13453039752900403,-134.88311824408527,0.3147080156634799,0.04538454264147751,0.30822075757097056,903.8380726457598,0.010625044007179021,-0.03149387093512301,-0.585806807625164,263.1665649114188,0.3051875079378254,0.006587076476487048,3.1163085956896466,966.4044506455454,0.008514148030957111,0.010205449103583586,0.19495665547221275,642.0231353879064,0.3111898399317708,0.010660217247973386,3.3881799143719817,586.0471073950964,0.0028066864584211093,-0.01776326255080941,-1.7674446238055677,798.8026216178722,0.3179647341331133,0.008074723822525725,1.6068700406826124,-403.25111922880296,0.0017382886236525091,-0.024852184619347056,-4.001155117041832,611.9237857810975,0.3722890238579936,0.15539700542965112,-1.621110027049152,369.8426122633918,0.010459501721882175,0.05876489481520515,7.3087666874901585,95.3223750631264,0.34865782951205454,0.19052807997093196,-3.1807632708270126,-124.83446575864639,0.027722664567897695,0.015484714084098882,-0.7292371966341745,160.927584890528,0.334988923338287,0.14636566787068364,-4.269747491494628,1095.4336229146488,0.034222276351178554,-0.04335362154945369,0.5513310511551767,702.734520952775,0.3187417060069646,0.1582668466389599,-5.379716955230949,-442.5135721689659,0.03649944324857066,-0.05674621385957372,0.54336790088344,847.4985034221341,0.30517195108878986,0.14319641409426032,-3.2403463716830454,-123.044724313931,0.034119557618647545,-0.050073456428344106,-4.0123035274220324,270.1111345791216,0.290770131854498,0.147299684432248,-3.2122411354309257,-72.65231676541684,0.025229935005645493,-0.04041693036446639,-2.497243925164916,14.89586889801725,0.290770131854498,0.147299684432248,-3.2122411354309257,-72.65231676541684,0.025229935005645493,-0.04041693036446639,-2.497243925164916,14.89586889801725,0.34103791641653547,0.0092617875795055,0.3125576616890168,0.009630476858265185,0.3284365942764313,0.02804222975230369,0.290770131854498,0.025229935005645493,49.05026904309491,124.62022638457533,121.79301992093632,46.22306257945594,94.00739692393456,98.49403842893872,56.058945281872795,145.40420556433025,171.03828450667024,36.14903800837664,169.2822100071374,162.54720427274572,162.07408796943363,158.26221341230308,31.68524633000351,10.43409258793791,177.25638853707866,166.87767889542087,172.79311759705223,7.151499456667641,7.260612244111667,-31.4819599343764,-20.66843788091586,-8.944737799772764,-6.873605659380735,2.033366367320735,-2.8953877506569095,-0.058281368528757684,-1.886570172874311,-0.8334522402113792,-2.6692846269666917,2.6361594422832217,0.7839518623126968,0.283593631102148,-0.2009680685199958,-5.0688356747083745,-3.5632843817202797,-2.7691960204401886,3.1691095340373874,0.11291581693954972,-1119.36407339542,-1971.2801321758927,2878.378223283295,1732.3962910426442,295.1992025871416,108.71588003887614,445.44681714705285,120.0050345249373,-161.53676904596804,-208.96115454495614,265.61313317364363,-8.104057362704015,-159.16948612612882,90.47420618671968,20.147358673416832,87.56899487103057,-181.46845598151054,-151.3404470522429,-142.7790672063534,123.85789866995357,229.05026904309491,284.4300426585196,226.22306257945598,274.00739692393455,192.5014353528733,316.4424900710005,351.0382845066702,143.85096199162336,154.56875198448597,172.02154771174023,189.9474597423066,211.6852463300035,169.5659074120621,166.82229594914077,179.9446170537199,187.15149945666764,7.2606122441117,38.742572178488054,-8.944737799772852,-6.8736056593807575,-4.840239292060001,-1.944851541403113,-1.8865701728744877,0.8334522402113681,3.502736867178104,0.866577424894838,0.08262556258214118,-0.20096806851996266,5.06883567470833,0.5128293305367915,3.282025350976936,0.11291581693950416,-1119.3640733954267,851.9160587804927,1732.396291042653,295.19920258713944,403.91508262601553,-41.531734521030735,-161.53676904598564,208.96115454495725,-56.65197862868639,-48.547921265978005,110.62156486015961,20.147358673426723,-87.5689948710273,-170.2616155886313,-18.92116853639722,123.85789866995181
216,swing,-,1.085427135678392,0.34707269636385246,0.16634533665729484,-3.618830219885687,82.9246869315478,0.018764493405982283,-0.04637411059127619,-1.1974704326026409,545.7313170422839,0.34109807145870036,0.2125264297131677,-30.547393914716334,1316.466691318434,0.010371658516531143,0.0,1.8155982619183075,-779.618830508921,0.34250984604587364,0.4437444892449898,-27.859034383034427,3287.978751347858,0.005697251207505957,0.10327662157707884,-2.1099537696041386,-1611.8858885122195,0.3404315115766659,0.5840277508780912,46.60859959186795,5721.355962915787,0.002930005714279621,0.028300136885914904,5.942758521492119,1381.5219285144622,0.3144666195449294,0.1275704676671818,-4.270684332705138,167.39675448710517,0.02444772073862772,-0.007002299564845534,-0.29070182697263264,9.722397534822212,0.31481011931378017,0.05248570484640892,5.532609440445785,231.62237195078916,0.010374591985631523,-0.03539941599293757,2.090935893073197,308.14314027611834,0.3052481455829713,0.045346880683352186,8.985993502924849,112.2876325063604,0.008616715358631316,0.010205449103583586,-0.8892496750323773,322.871220913704,0.31129697779355947,0.04270866051652023,5.188788716955586,-419.0605019890584,0.0026281612066541837,-0.01776326255080941,1.7674446238055677,433.11742958496785,0.3180458871363548,0.008074723822525725,-1.2512451179662278,-284.38245828556114,0.0014885179239605834,-0.04021261424162574,0.9343117371574422,788.5116083116387,0.37308503489258676,0.16341523631498336,-2.0130843886542324,-180.54016822070733,0.010807846446150376,0.0975595363333318,5.742836607615134,-841.6538790172176,0.34960498044494204,0.1709626927237214,-4.401654733642369,-118.53308442250105,0.027805908850723607,0.010347622995515521,-0.5132016139727545,109.64962818972312,0.3356978765802237,0.14539398935099945,1.582137432779715,28.97143963379076,0.03400018435186923,-0.022098153931278074,3.436614604847713,76.65127030555212,0.3193740483913637,0.1301371301135723,-3.0953233526208432,395.868435769821,0.03618858068916245,-0.036540573324199514,4.933405803540857,292.30579280573755,0.3056963985871163,0.11673323921601496,-3.550253443429605,30.20188687699354,0.03366935527697135,-0.07055779545386008,1.777562508856655,981.2909979734268,0.2913146404963496,0.1161042845152845,-4.340010582127591,96.01217124495355,0.025009073170797633,-0.06105944961411867,-1.485080683587491,610.1806521866715,0.2913146404963496,0.1161042845152845,-4.340010582127591,96.01217124495355,0.025009073170797633,-0.06105944961411867,-1.485080683587491,610.1806521866715,0.3427780313612731,0.009440852211074751,0.31277354987431905,0.009511141442701066,0.32912882989876363,0.02791349146427911,0.2913146404963496,0.025009073170797633,54.55399755006031,127.74851791078748,126.2862089634236,53.09168860269645,91.39820933618489,99.01875138745106,55.13005047715931,144.87164640302473,170.41526384345192,35.90214163164312,168.10622645712374,163.62726157551384,161.92827922273537,159.38094655094667,31.055144562037228,9.434234904495044,176.898365329434,166.24309379092497,174.85402526813968,6.367011365874292,1.5764244490814432,-35.85145369912037,14.523594278736638,31.872095632756736,-4.7294064721661835,1.0315230237305204,-1.1414461399439075,0.627077097326652,-3.1835144058183635,-1.866300353334736,-0.8455967807666099,2.086223290358851,-0.3900238133220458,0.9524208369958433,0.06327682006861969,-4.3490381822301325,-4.551618411568686,-3.034488623730707,1.235855909355479,1.5960524850366633,-668.6624802472014,-842.1218691620933,7666.198072548736,11218.515017814232,370.4630564691834,-270.2643400228501,345.9791425306572,-64.18421005341462,-181.59621603090707,-156.95359399125496,329.2495330963174,-107.68191629552922,-190.04920017806512,59.21469405423744,66.22048331430541,87.26328968940656,-96.23588064941391,1.434930842985757,-466.5347611034386,380.37649518554883,234.5539975500603,286.8054796392728,233.0916886026965,271.3982093361849,190.41696072363595,315.2869102464766,350.4152638434519,144.09785836835687,155.99163191123316,172.3643703357193,190.43609111298392,211.05514456203724,170.56576509550496,167.46413042493896,181.22103663401396,186.3670113658743,1.57642444908141,37.42787814820191,31.87209563275678,-4.729406472166206,-3.6978834484356855,-2.5564373084917116,-3.183514405818452,1.8663003533347249,2.711897134101335,0.6256738437425278,1.0156976570645735,0.06327682006868597,4.3490381822301485,-0.2025802293384929,2.83190839439217,1.5960524850366469,-668.662480247209,173.45938891490616,11218.515017814248,370.46305646918773,100.19871644632678,-245.78042608431727,-181.5962160308807,156.95359399125937,-172.2959391050669,-64.61402280952447,125.43517736853623,66.22048331430321,-87.26328968939931,-84.72333507491118,-86.15826591789254,380.3764951855505
217,swing,-,1.0904522613065326,0.3479767347637679,0.14800019685341337,-6.2416108669779,114.43159361194134,0.01845011068365361,-0.047689454478875314,2.9163866818120803,584.7980170118941,0.34110594451125364,0.08139879010083943,2.1341242727813245,5229.2516382206295,0.010463353082926855,0.009123609356373042,-0.9077991309591337,-707.1529451440201,0.34487365437256595,0.26350565623446365,20.60563501095907,8950.422391713733,0.005889866573758257,0.0629058271113154,-5.923834329082391,-340.18137644782433,0.3443324577119567,0.7202435210333993,39.951405964835956,-1952.4214846206726,0.0031001279964944922,0.08031883345153672,9.249901671336376,-279.65642228339277,0.31502032603183117,0.11202361135216925,-0.3003512914191364,613.6203115255348,0.02439784230111773,-0.0064580842699022796,0.2322429355674165,11.605354679580412,0.3152355101845493,0.10098865762083115,2.6360837922522276,-1173.772097394371,0.010269270982124379,-0.010479439848960596,2.5111091750493375,-104.29904699610637,0.3056432554823817,0.09689856896819246,4.24482751535154,-1302.969057924092,0.008616715358631316,0.0012682664399417617,3.4398935490772207,652.9946233058574,0.31161907270078104,0.06280884756913413,-0.823483422201395,-1061.4285354677568,0.0026281612066541837,0.0,2.5854943669980517,-7.578436429341002,0.3180458871363548,-0.00450060399623011,-1.2512451179661923,-103.20842330328884,0.0013341417468522576,-0.015462116909222175,3.923584664984547,53.40327466624938,0.3739313880420638,0.1351650015235788,-3.43558407951854,383.3402456579948,0.011439999574478457,0.11648184564550698,-1.1500662674566033,-612.7813702232118,0.35037604752937834,0.14629034395442653,-4.372050551455143,254.8144381701555,0.0278266607789079,0.010326908918543652,0.3727691168303599,90.23279783023298,0.3364501694624176,0.16226654659208753,-3.9785772439188465,-921.9778479120301,0.03400018435186923,-0.008814781299728552,1.3216955768391039,-252.71708491470855,0.3200496168623774,0.12715806922568565,-1.4011397113132207,254.66529304973665,0.036132201305613884,-0.007164245984792121,3.4811145622475848,-404.55613903210315,0.3063451494728704,0.10751547496431517,-2.9368098201554775,571.747818978704,0.03341043404624695,-0.032208506590589096,5.849917557737861,-157.26420787121612,0.2919370090858074,0.10368148762694636,-2.247294690758043,573.4070584428066,0.024616272195453356,-0.05534236437037056,3.6352249410326793,460.71859842531944,0.2919370090858074,0.10368148762694636,-2.247294690758043,573.4070584428066,0.024616272195453356,-0.05534236437037056,3.6352249410326793,460.71859842531944,0.344572197839886,0.009475864584208304,0.3131128103071796,0.009449226319075974,0.32984823007581915,0.027904292042094964,0.2919370090858074,0.024616272195453356,49.29548547725846,99.8132537394149,129.53901638582636,79.02124812366989,90.87257163584927,98.90240225320828,54.83596934294879,146.32312384602142,168.61588070008744,34.82504215320583,169.08329293137535,163.49838849071418,161.36025213516584,159.83477595803612,31.398248331502675,8.273689291748363,174.834029975006,164.37077389158586,175.00209948187808,7.187467309793679,0.5403863119791091,-39.94549630786462,56.3787789286178,103.80415685162454,-3.1503588606955413,-0.6828581555219307,0.5817895612089304,-0.7033488062515062,-3.711657771174852,-2.410875295399843,0.6397559066645806,1.5539291277553091,-1.1260903505321447,0.8787161844110564,0.4645644271011522,-4.191817687880183,-4.530479162116382,-2.7547746049327944,-1.5196820348413091,3.9357951655379626,456.7713930841338,-147.59324768270278,3959.0921536406754,6561.354785428534,118.18452076722976,-165.28630877548832,304.52324430629403,-300.1668240716445,-51.45820824291692,-91.30754577869943,207.73065144953716,-30.435273713911503,-121.24790756401089,1.4635402192814413,33.79653538780982,33.873213848783,118.50371470136393,161.37690553083297,-460.0763840663301,383.329979388082,229.2954854772585,309.48223173784356,259.02124812367,270.8725716358493,189.77497388905755,314.9390045461088,348.6158807000875,145.17495784679417,156.09166491541887,172.59327642470467,191.2330242895388,211.39824833150269,171.72631070825165,166.56034068325764,182.18956679167178,187.18746730979367,0.540386311979065,40.48588261984386,103.80415685162463,-3.1503588606955195,-3.8332170162175383,-4.415006577426358,-3.711657771174764,2.4108752953998764,1.7711193887352514,0.21719026098003072,1.3432806115121312,0.46456442710116325,4.191817687880212,-0.33866147423616993,2.4161131306966244,3.9357951655379333,456.77139308414365,604.3646407668266,6561.354785428534,118.18452076723855,-47.10178800825415,-351.625032314557,-51.45820824290812,91.30754577870496,-116.42310567084105,-85.98783195693392,35.26007560707697,33.79653538779992,-33.8732138487861,84.63050085256896,-76.74640467825081,383.32997938807927
218,swing,-,1.0954773869346734,0.3485601355282084,0.10361557920022886,-2.4687639524289597,1043.829411262873,0.01828520240619458,-0.017063691678591193,4.679896572542179,-121.24566129933615,0.34191614975117113,0.23397491486674943,22.007898931723542,1105.1280557392815,0.010463353082926855,-0.009123609356373444,-5.291466513398665,-1155.4179260176322,0.3451581440984814,0.6508362984003628,62.09495950353814,-3754.4301153380256,0.006329470575458893,0.043740598169214044,-5.528862075612514,307.63045392481007,0.34767013992876056,0.9855494188664029,26.986273113267707,-7515.124325732238,0.0037372301710790062,0.12126397277874526,3.1321412121112133,-1506.225892292608,0.31559248498565473,0.1245518617232708,1.896353974084319,-29.027369054053725,0.024382815369080962,-0.004668199709896563,-0.1740650965245852,-26.734262828204496,0.3158250806969041,0.07897900929115563,-6.264095055980368,-577.0051844719686,0.010269270982124379,-0.01016213785173753,1.0427042649715978,-46.85953250954326,0.3062220005474758,0.08800846375221301,-4.109172908372904,-839.8175297225147,0.00862946175501264,0.04477724356667214,5.673510358192495,-363.69037604783745,0.31192822249274677,0.03443244521801353,-5.478834755082452,-165.56972676235142,0.0026281612066541837,0.008221605459221945,1.6912794335609325,-187.82031440918664,0.31800065493538765,-0.004500603996230309,-2.288515703928957,-103.20842330329694,0.001333119764068899,-0.0007796025332372919,1.4710280654614702,-374.9601542066045,0.3744434771189544,0.12888675310374084,1.8395813968533543,568.317481209846,0.011978518261683141,0.0860010813840189,-0.4157701282967049,579.8669064693242,0.3510752351580519,0.12702248617643236,-1.8407056063040548,522.7536469336117,0.027909696880055707,0.014094046280242856,0.39366067577835456,166.31545236429395,0.3373286961439633,0.10540828840709039,-7.683971591462039,744.7934449000901,0.033911593585037786,-0.00881478129972894,0.8967444046998213,-42.28264162785938,0.3206520189363455,0.11605532396972047,-0.5358731712163872,227.67002626082015,0.03611657821695348,-0.001554497321710299,0.8675149589969993,-187.34491433795412,0.3067769561244461,0.08721756263153702,2.1959557925374216,1068.4942855458353,0.03334565169314632,-0.01176465417006093,0.19701770613082303,-827.7833828217748,0.29235666549762546,0.09351840822625834,1.4228744273480045,584.779373871796,0.024452868503758718,-0.02452452558363851,3.145256989028907,-373.69242068334046,0.29235666549762546,0.09351840822625834,1.4228744273480045,584.779373871796,0.024452868503758718,-0.02452452558363851,3.145256989028907,-373.69242068334046,0.3458261423266554,0.009703814058914833,0.3135136887316339,0.009448565815388213,0.3304388414965645,0.02795248452343919,0.29235666549762546,0.024452868503758718,49.65497209654938,101.54968171192134,174.005972972531,134.09931741209704,90.94416724100542,98.74612059546043,56.134075789230266,145.5950796979772,167.96113234925838,34.28400866108521,169.30262528324403,163.94530622368822,161.17435223378357,159.6321774533436,31.66153014485537,6.828829368332133,173.30486504278602,164.43550482367368,172.64361372414174,9.396917126638465,6.167091716258789,-37.334802922062146,54.31346516959875,97.81535980791963,-3.541622343852285,-0.6296459086864917,1.919088978712395,-2.3896749033934728,-3.700682327857743,-2.7839641300051063,1.2421484599323114,1.7803411424803355,-1.6085957486387703,0.9671297839232954,0.4029404923079233,-4.008603872192103,-3.3606263040172584,-1.4126101761846044,-3.3880273475926845,5.4486150919521625,1721.961359748203,1995.1992562885118,-2694.437166544121,-4348.634628413898,-181.87788959945888,78.16337390554548,144.01857960704007,-263.82059165457883,16.087496353612153,-51.77344969863376,33.47521957092509,93.72046175240921,-166.5359639810366,186.40563499360664,-95.29190263729257,141.103528651768,428.58737737668577,314.130034159719,-125.06172960496718,98.41554417015719,229.65497209654936,308.10529038462806,314.0993174120971,270.9441672410054,189.69028783646584,313.5562120472356,347.9611323492584,145.7159913389148,156.41336605567074,172.46805983198257,191.29370759819898,211.66153014485536,173.17117063166788,166.4760356744539,182.04053085078021,189.39691712663847,6.167091716258855,43.501894638320934,97.81535980791968,-3.541622343852219,-4.171268252538755,-6.090357231251172,-3.700682327857743,2.7839641300051507,1.5418156700727508,-0.23852547240758473,1.3700702762311856,0.40294049230789014,4.008603872192088,0.6479775681747855,2.060587744359478,5.448615091952118,1721.9613597482094,-273.23789654033544,-4348.634628413902,-181.87788959945664,-103.71451569390466,-247.73309530096228,16.087496353594567,51.77344969862828,18.29823012770759,-75.42223162471483,91.11373235633057,-95.29190263729807,-141.10352865177083,287.48384872491494,-26.646185434808462,98.41554417016312
219,swing,-,1.100502512562814,0.3490180973687953,0.1231884988390524,4.249136984910085,244.97086022498897,0.018278616294924055,-0.0006553180714170652,1.6978373220197789,-18.335528236773982,0.3434574511933315,0.3025837039875043,13.24093890332667,-2263.2026292136547,0.010371658516531143,-0.04405695861748194,-12.520039593447693,-27.54523942032234,0.3514147226981976,0.8875756009936299,-17.127330972337,-11102.101757162462,0.006329470575458893,0.007339374090085088,-2.832070973054204,611.7093896705553,0.354237476997046,0.9914623462923664,-35.57748173096408,-7405.390803411671,0.004318861391255729,0.11179763960340765,-5.888046994920723,-748.6152886097811,0.31627210353658763,0.13108244526256407,-0.5920836437211787,-922.1829224525642,0.02435092572111877,-0.008207482224923205,-0.036443123007498274,-6.301381336072586,0.3160292690718976,0.03803292841499941,-3.1629632878679574,647.4016812915893,0.01016713894341345,0.0,2.0401590995765493,-101.96865449012819,0.30652776265577075,0.05560034878354089,-4.195549667789161,165.84937386319217,0.009066737907040073,0.05828847104489044,-0.21528610969495,-423.67467915081545,0.3119651274265902,0.0077451816889094645,-2.4875007765968573,545.8152111723782,0.0027107904072493777,0.016997783251868365,0.6978530161519884,-213.6224202349687,0.31800065493538765,-0.02750076182466143,-2.288515703928957,499.97172979552727,0.0013263065455131895,-0.0006779152462930872,0.155140904114217,168.79498999060098,0.37522673229436265,0.1536532567683358,2.276149399977299,25.65296070561746,0.012304332050699737,0.11230325139126882,4.677741837762632,-349.4563386214881,0.351652655430649,0.1277907901222253,0.8817549453649818,77.29445863721709,0.027968309485241996,0.014283297619833577,2.044281200893586,373.9347815039313,0.33750954924540344,0.0850407014517669,3.5067840113583078,1012.7699399436818,0.033911593585037786,0.0001977252801689897,0.8967444046998212,-93.141127677616,0.3212160020279022,0.12177240921346075,0.8870012561321676,-348.9250091301069,0.03611657821695348,0.0015544973217102305,1.598251101564662,26.538509857701495,0.3072217078912778,0.12958538242700243,7.801826215480868,-356.06533176840344,0.033292196315894584,-0.030228429142038146,-2.4695134253954065,161.3843418216976,0.29287689258556876,0.11798173312793107,3.629884946144325,-197.22577856299847,0.024369794551396692,-0.023731741365055476,-0.12047777940283651,-334.76554426401395,0.29287689258556876,0.11798173312793107,3.629884946144325,-197.22577856299847,0.024369794551396692,-0.023731741365055476,-0.12047777940283651,-334.76554426401395,0.3495319370643426,0.009824651694542455,0.3137589835252467,0.009524379904866973,0.3309505899125273,0.02799380070087072,0.29287689258556876,0.024369794551396692,54.88281776242625,81.81278070416157,171.46821330009976,144.53825035836445,89.01915962204363,97.5870242867335,56.059967801622136,143.46572951187684,167.08048659527813,33.60235753093142,169.19099650876925,164.91358919289772,160.88268155830798,159.52897433171296,31.881400877380628,5.798087209412543,173.02343650730734,163.92636459516046,172.37826180039897,10.92072290233536,17.84653063105622,-19.893242475819633,29.299008410586914,60.09928621429971,-4.978277349132282,0.10270339126745714,2.029212471832423,-3.354812038960794,-3.549974390736542,-2.93121147327555,0.9761902742115605,2.4958433162217166,-2.799818631748563,2.7521396516834518,-0.493143137092726,-2.7736917717820377,-0.2230683342100691,0.4023111655165865,-2.776583839916334,4.924896111971686,1566.6557358790621,3047.677766112763,-4918.37340130184,-6851.8440800161825,-76.71572488173743,-65.0096654843659,-98.04612397166352,-239.99750163366858,196.31823523922654,3.1191189627339515,-99.21587838212069,126.93888490148468,-185.31020760876856,251.62948604397553,-97.16140391729611,313.9554085930288,636.9678233354239,263.109436809573,213.6830582521296,-153.7800803193091,234.88281776242624,333.0700370582647,324.5382503583645,269.0191596220436,186.6061839087771,310.546216107155,347.08048659527816,146.3976424690686,157.20664596029934,172.2930567674016,191.41037520909356,211.88140087738063,174.20191279058744,167.22534929789478,183.29898470273434,190.92072290233537,17.84653063105624,37.73977310687572,60.09928621429975,-4.978277349132237,-4.875573957864803,-6.904786429697292,-3.5499743907366303,2.9312114732755283,1.9550211990639677,-0.5408221171577933,2.258996514590814,-0.4931431370927702,2.7736917717820377,2.5506234375719687,2.148312272055338,4.924896111971716,1566.6557358790512,-1481.0220302337118,-6851.844080016187,-76.71572488175065,-141.72539036611215,-43.679266394450785,196.31823523922654,-3.119118962739475,96.09675941939881,-30.84212548209464,154.46808212668273,-97.16140391729282,-313.9554085930317,323.0124147424053,59.90297793281471,-153.78008031930162
220,swing,-,1.1055276381909547,0.34979821089342505,0.14632047352093436,-0.006745256700362372,-543.000097025347,0.018278616294924055,0.0,4.4956199068459535,478.74651485135416,0.3449571920023019,0.36704967771425717,-0.737856135750977,-2066.5547879921937,0.010020569579233557,-0.1349531530091174,-5.568303090487339,2581.8138926266297,0.3540785018974126,0.4787023187788809,-49.48395262875084,792.5571697016907,0.006403233129128091,0.01527757331439717,0.6189709864032801,303.78996707501966,0.3576345856201414,0.6279867884044429,-47.43976511197719,1500.8100601085835,0.00486082453895248,0.06208762107099774,-4.391630532710907,619.1480025495204,0.3169098964958313,0.1186012723391382,-7.371816100816068,-417.5690507854255,0.02430032811053902,-0.0050344622526855,-0.2373955622137586,-141.52007610105022,0.31620732118348704,0.04719043353368788,0.2424545047392943,388.65354057147954,0.010269270982124379,0.01034197370179617,0.017893667080835094,-243.44212274105976,0.30678079802268726,0.04584213543272284,-2.442345030350828,207.59136442961892,0.009215275534358289,0.042613564072250476,1.4154733818022769,41.88181411682437,0.31200606351474586,0.00943243741301933,0.006745256700389644,331.06488096457826,0.0027989931991352773,0.01523520361150342,-0.455679563775493,-161.27248298139924,0.31772426536931064,-0.027500761824662646,2.736325801553861,736.5904632791996,0.0013263065455131895,0.0007796025332372919,3.16746012566856,277.5777121681703,0.37598773095582216,0.15176262647034747,2.0974000974123306,274.0168724190727,0.013107194155062757,0.13301356216555413,-3.9278941345429095,-868.7982909264831,0.352359564707019,0.13588434492381934,-1.0638768762817519,-250.34008455870688,0.028053247609903284,0.034639585987716624,4.151799183355653,-138.93800120446443,0.338183376560564,0.1406523488227527,2.4946207697812635,-648.4829834143922,0.0339135807737832,0.00019772528016899846,-0.03934733075363052,-118.76612367299427,0.3218758622450235,0.12496990945848621,-4.042657182574338,-819.4778639306928,0.036132201305613884,0.014508327819643516,1.1342336510342073,-302.6620571021175,0.30807932177697883,0.1656278763549649,-1.3825902553863252,-1447.1178167718049,0.03304184838518613,-0.03658388457604557,1.8189708902685302,413.04808932374135,0.29354241155921273,0.12999966396640328,-0.5592942014259019,-613.2474487244568,0.024214358540290817,-0.025735357537435895,-0.2192208427703169,-261.94543923824597,0.29354241155921273,0.12999966396640328,-0.5592942014259019,-613.2474487244568,0.024214358540290817,-0.025735357537435895,-0.2192208427703169,-261.94543923824597,0.35161712260332023,0.009890810885559546,0.3139256689172124,0.00958203487433403,0.3316713779674367,0.028077071794973346,0.29354241155921273,0.024214358540290817,59.62038367328589,81.25271045196601,178.1841173239869,156.55179054530677,87.13343000530821,99.24640915828522,57.22129922422333,143.6008511982916,165.55768874107852,32.31549776250748,170.14434793348246,165.2876196740626,159.62698304563278,161.357475459487,31.268076124827626,4.984929943120231,172.90344009137883,164.24720355390488,171.62500864131843,12.046297953035275,21.91237549393822,-6.704875624445626,4.882576714302563,28.952605234890854,-4.312634654221526,-1.2830093808911913,0.9337007980926352,-4.801710095691713,-1.7276347375137058,-2.7526162007313975,0.2450039535793133,3.0561088299324766,-3.471009895460614,3.4960693421542723,-0.573556029473973,-0.8532731325635899,3.041060362670587,1.2317057716503705,-1.2404589229481096,3.90308664653193,393.1334947062497,2907.2775097555036,-2465.2494969521576,-3996.9213655737954,243.58152546728107,-262.1187737135211,-197.97319200770548,-282.500091948209,461.93603570968327,29.311185136390787,-116.48888776335545,64.69583375528813,-40.74039991023985,-13.605323885719084,76.82759266764644,384.03734325480735,598.2705465787576,302.90618181500815,295.62812357199266,-291.79793126563095,239.6203836732859,338.3676732213199,336.55179054530686,267.13343000530824,186.37983916359343,309.1585399393701,345.5576887410785,147.68450223749252,157.54015430401003,172.25253462994743,192.62555158431462,211.26807612482762,175.01507005687978,167.9185101482586,183.6713065943537,192.04629795303526,21.91237549393818,28.617251118383738,28.952605234890854,-4.3126346542215925,-5.595644035112784,-6.529344833205463,-1.7276347375137058,2.7526162007313864,2.5076122471521614,-0.5484965827804034,2.9225133126802993,-0.573556029473973,0.8532731325635458,3.8943334952342212,2.6626277235837623,3.9030866465319605,393.1334947062522,-2514.1440150492385,-3996.9213655738045,243.58152546727007,-18.537248246244317,179.43594376146544,461.936035709692,-29.311185136389728,87.17770262696574,22.481868871682007,63.22226878191306,76.82759266765854,-384.0373432548102,306.73637412136407,3.8301923063691,-291.7979312656323
221,swing,-,1.1105527638190955,0.35048865489161873,0.12312070731442565,-1.208150422379738,61.410503316699526,0.018278616294924055,0.04452679154512437,6.509360084344861,-669.4658375379215,0.3471463926778968,0.2951680644322182,-7.528455950865864,565.8565867235012,0.009015345420962148,-0.10001980374800697,13.427838724407419,1658.1208758301511,0.3562258012788898,0.3902494439207659,-9.161932281867887,4609.404517919064,0.006483014025854841,0.013560188023786285,0.22109452518714534,-78.24525877962634,0.36054890200613576,0.5146807873780312,-20.493963538918283,3055.7970851955097,0.004942857582924037,0.06766064932490685,0.3345459955266076,-173.96846135384584,0.3174640761229106,0.056993841234263196,-4.788757520961561,1419.376824380989,0.02430032811053902,-0.010593367272297621,-1.4587554456310932,38.386225357948895,0.316503544785804,0.040469657105846546,0.7431024465187022,7.4945422990846575,0.010271078377602355,0.00017983585005864098,-0.40649540033355586,127.44450536512932,0.3069884876349941,0.031054167573985266,-2.1092042966372486,200.45104179131363,0.00949501493289183,0.07251433417858141,0.20563664524800107,-829.927343927292,0.3120599257925502,0.007812973213536495,0.8397844592279909,86.01944817951278,0.0028639080314855903,0.012418089143572035,-0.9229759585354124,-77.6020704479856,0.31772426536931064,0.0,5.1144035250075905,-35.645683770975815,0.0013341417468522576,0.03115585486092806,2.94486665454804,-623.6130345909277,0.3767519848217028,0.17473265473227845,5.030087816249337,-245.94030350751754,0.013641151770956539,0.07282692843103927,-4.053899277076239,408.24748076147057,0.35301832723892856,0.11709856020984608,-1.6342258039687112,268.908652046081,0.028316446027832107,0.056009922578181104,0.6479193797432145,-701.8396502304879,0.3389231406908582,0.11011226697720629,-3.010632907379186,125.61747764049035,0.0339135807737832,-0.00019772528016899846,-0.29688497894834115,-19.75240688039475,0.3224719810174347,0.08114268878557868,-7.348957175331936,414.1387130164626,0.03626239055684939,0.012953830497933217,-1.4435786180545556,-244.6912131242128,0.30888630966368946,0.11569000297588383,-6.742071440516915,199.27652396834102,0.032924519083974535,-0.011947314666977866,1.6817236532350863,-321.342483429799,0.29418342187166324,0.1123606858774196,-2.5334059958099044,133.5035258804426,0.02411114774197523,-0.025934965915510883,-2.7530952591841564,-355.16113947608204,0.29418342187166324,0.1123606858774196,-2.5334059958099044,133.5035258804426,0.02411114774197523,-0.025934965915510883,-2.7530952591841564,-355.16113947608204,0.3536024377136353,0.00967995833116627,0.3141480599411139,0.00965289423987421,0.33237252755071284,0.0281948726592285,0.29418342187166324,0.02411114774197523,70.16015080837605,85.74443098846949,175.9752295975356,160.3909494174421,86.08328028810334,98.57953492238268,57.254232652819375,142.52187784644664,164.88670471121992,31.729853163973996,169.92794965944972,166.4676716738708,158.07090400669492,162.86382930883963,30.939792187170962,5.326005836760914,174.85010193867694,165.2540721011061,171.2241256051606,13.04589839564934,21.797621030113934,9.325626968958781,4.522631556796824,19.929222238684385,-2.530221816797842,-2.531656143541753,0.03953215014697623,-6.194008942962844,1.0925988324762728,-2.636626698035447,-0.19455231637490558,3.1460527006969627,-3.2092698871278507,2.6154027282088905,0.2789934726323502,1.0859800197234948,5.789700978139146,3.4465943998382222,0.19455308040514777,1.9922535866890145,-184.46999759104142,2064.06537060007,-227.16996643474062,-1867.7375935220616,144.871528733989,53.4549446438289,-85.85731543113066,-132.00513278084964,416.1889215898158,49.135451553363055,-66.03624786914862,-43.75015798098686,116.66250527683741,-255.13862065669454,199.12706967661958,326.8191432748185,175.0309142829934,462.6416845151055,188.35010185610722,-347.28654493293527,250.16015080837605,344.41571981990654,340.3909494174422,266.0832802881033,184.662815210486,307.40858255766665,344.8867047112199,148.27014683602602,158.3421971765763,171.8745255027055,193.80362149601058,210.93979218717095,174.6739941632391,169.52409610191603,184.27002400080994,193.04589839564935,21.79762103011398,12.471994061155176,19.92922223868434,-2.530221816797908,-5.061877960339617,-5.101410110486616,1.0925988324762728,2.636626698035436,2.8311790144103415,-0.3148736862866213,2.8943962008411854,0.2789934726324275,-1.0859800197235239,5.633401066932357,2.186806667094223,1.992253586689031,-184.46999759103505,-2248.5353681911024,-1867.7375935220707,144.8715287340022,198.3264733778333,284.18378880896614,416.1889215898158,-49.135451553360845,16.90079631577457,60.650954296774614,-56.011550980076024,199.12706967662288,-326.8191432748142,303.70524143827134,-158.93644307682536,-347.286544932937
222,swing,-,1.1155778894472361,0.3510356049367861,0.1341782582206357,0.6104457314071595,233.71040363637053,0.018726121737588614,0.06542070436527382,-2.2326799679069067,-791.4106165889608,0.3479237052126759,0.29138680383620963,4.949144735841898,88.10747986495826,0.009015345420962148,0.0,11.09622832489077,-771.5556724383646,0.3580006068614403,0.38662259735307464,-3.1582790818263917,289.93811401992053,0.006539516425849559,0.01749962884391618,-0.16741352394470937,-91.15563326254372,0.36280725685007126,0.4220173056012477,-16.7282366175505,780.5509875114869,0.005540831064830928,0.06544989238282288,-6.140057279985708,-678.4797957508499,0.31748269892029624,0.07047305604806808,6.893277611555426,954.6033429954541,0.02419386210780236,-0.01969532100274648,0.14839564741386166,340.1347685977291,0.31661405140565635,0.054658799830358124,0.3177765378959227,-409.68300254516265,0.010271078377602355,0.00625659279392131,1.2987429672328659,47.5679718313596,0.3070929002093605,0.02464410230069057,-0.42776169576479706,176.66239509072176,0.009944062812534973,0.044680264024491656,-6.925504949125133,-411.61256754004427,0.3120845858586005,0.017872482229380898,0.871262323831156,-249.1096373155516,0.0029237981151510745,0.005959063324715521,-1.2355998697853847,-47.49339927118696,0.31772426536931064,0.023900278627674028,2.378077723453608,-745.5018842218695,0.0016394307149697473,0.030376252327689427,-3.10000755866226,-783.5525330589434,0.3777438380385586,0.20231627286481227,-0.3743617468842839,-1101.7350042506796,0.013839123084017912,0.0922708558632811,0.17509562185370725,-345.2523105407083,0.35353643465887674,0.1194599649844356,1.6387226417692655,640.7274371546189,0.028616161404658863,0.04115133854794982,-2.901865643081286,-145.099558990147,0.33929003251008366,0.11039473166316344,3.7571079822484807,817.1288282845732,0.033911593585037786,-0.0027860433524775933,-0.23786398281789584,57.12258110572522,0.3226913666549288,0.05111104337474948,0.11954093819405624,1302.9690579241496,0.03626239055684939,0.0,-1.3249745210683899,140.0472680372797,0.3092420353747264,0.09786836438997198,0.6201888799738507,865.1535570471416,0.03292177487094515,-0.019682139317401787,-1.4106018075183375,-88.57355836596332,0.2946716646836089,0.10453829717434439,0.7824497772719897,533.7158132815733,0.023953705616516843,-0.05340465662471336,-3.7886795309720833,402.83164857764183,0.2946716646836089,0.10453829717434439,0.7824497772719897,533.7158132815733,0.023953705616516843,-0.05340465662471336,-3.7886795309720833,402.83164857764183,0.3549417934652434,0.009955453662307812,0.31419970035264483,0.009794446425612103,0.3328625619867972,0.028250791519670988,0.2946716646836089,0.023953705616516843,72.23150743980149,86.03528543442133,177.93366136489576,168.26256064048442,86.42992302915422,95.53719721807984,56.55278928151156,138.24392464194545,167.1704063237771,31.40133842740218,168.98891914273776,167.67068518053804,157.9899222178177,162.33682051211179,31.612314519392502,5.826872069592818,176.7316646574128,165.23558251322967,171.65484355925142,14.014366515338919,20.05840566890266,14.039499959474307,2.599461473752447,10.181373139192074,-2.856639390563371,-0.7457737563301063,0.07081320581998064,-6.128394847258018,2.4551684945446706,-2.258792567029265,-0.41867692952769625,2.616408749721561,-2.2985224052411635,0.9318620993734685,1.4277210527030728,2.4313413727109094,4.800165028831294,5.881370942656373,0.6525069248519292,0.4127696120301296,-642.3972771696962,516.4042557959143,-176.76435036650017,-1764.0315182347224,-227.31714363532927,632.8591411247045,140.61378448086703,284.5095528902336,-19.581339881718797,122.26710311749586,-60.05003013351223,-132.2361618549939,167.06171787626485,-253.89805518080507,156.85542617555154,90.23298931635101,-390.7316529036961,313.2420804260431,-158.64032402412874,-129.02139595592234,252.2315074398015,346.19622200538015,348.2625606404844,266.4299230291542,181.96712024723408,305.4143309657225,347.17040632377706,148.59866157259782,159.60974242986006,171.93905724932202,193.94913503150428,211.6123145193925,174.1731279304072,170.90479258782,185.66921007459032,194.0143665153389,20.058405668902683,6.018905709428333,10.181373139191985,-2.8566393905633047,-3.602413146893389,-3.6732263527133915,2.4551684945446706,2.258792567029276,2.677469496556928,0.06106074683541112,2.3595831520765302,1.427721052703106,-2.4313413727109108,6.9466474795384014,1.0652765368820283,0.4127696120301434,-642.3972771697073,-1158.8015329656105,-1764.031518234722,-227.31714363531606,405.54199748938174,264.9282130085104,-19.581339881718797,-122.26710311749365,-62.21707298398143,70.01908887101246,-97.042629005248,156.85542617553946,-90.23298931634811,25.58036044599482,-287.6617199800615,-129.021395955924
223,swing,-,1.120603015075377,0.35183718009986636,0.12925584029339224,1.140697855372792,528.533020348249,0.01893611081115798,0.022087796892793058,-1.4445154592629958,742.3418719838207,0.3500749032692156,0.3449082125311331,-6.642953640665255,-1449.7651426585237,0.009015345420962148,0.011500078914214788,5.673510358192495,-484.7029980965374,0.36011145552364443,0.35850794561095206,-6.247981387195242,-241.24223221537036,0.006658889692627873,0.011877640044442427,-0.6950424925268861,3.160012238069677,0.3647902819619273,0.34655780629711724,-12.649229996089062,983.5374963491837,0.005600645446068003,0.005951530933089063,-6.484346424080105,537.2486883206085,0.3181723480429917,0.12627301320969644,4.805245926229186,-498.480278591719,0.024102385185888295,-0.009101953730449726,1.9596844397733093,85.60929909838904,0.3170528794574659,0.043663391155051884,-3.3743146644880664,-43.64359085132854,0.010333958707189506,0.013232528988077738,0.07157466832333721,-175.23619487705295,0.30723616705510154,0.026755055053735936,-0.33370283843899307,35.198248409815754,0.009944062812534973,0.0029112693632515996,-3.931173078772653,720.277715737519,0.3122395487295289,0.01656937847817146,-1.6638299861545032,-250.35872769878688,0.0029237981151510745,0.0,-1.4002965542257462,42.608896578700666,0.3179644691746139,0.023900278627675083,-2.378077723453608,-556.5350166997721,0.0016394307149697473,0.0,-4.930033175190292,-289.3974629583044,0.3787853141972286,0.17097022511535087,-6.042625794310551,-75.35557207234248,0.014568497056014665,0.07458668342454391,-7.523771744822143,-590.1299550655086,0.35421892990208875,0.13356813449898486,4.8052459262286344,577.1170433122041,0.028730027319771312,0.026845443753242788,-0.8103676452834271,232.75028192376826,0.3400326354814428,0.14787214619578498,5.201717125631817,-428.97865249440775,0.03388558033807991,-0.002588318072308718,0.27721131357152545,127.49111321525935,0.3229856598453216,0.08234410524984058,5.746209235966395,602.5090000571607,0.03626239055684939,-0.0003624963469755766,-0.036068386524068914,135.42376930545205,0.30986991131585,0.12192305704597295,1.9529391830726786,162.40039295438982,0.03272670863857351,-0.026124217255102236,0.7915371369942253,349.3724444913179,0.29523405802416924,0.12022450273442473,2.8305720271206227,-91.81746473412905,0.023574417524641414,-0.06401214713131172,1.2954640230033054,587.1563742279451,0.29523405802416924,0.12022450273442473,2.8305720271206227,-91.81746473412905,0.023574417524641414,-0.06401214713131172,1.2954640230033054,587.1563742279451,0.3567034552136634,0.010052747842704001,0.3145330824919404,0.009788727107146719,0.3335210847943502,0.028291270238988364,0.29523405802416924,0.023574417524641414,79.92732279343164,93.14032833380799,179.5315647515668,167.25542970805682,85.35168072881761,96.92277254241709,56.79676996619819,138.1224378562214,167.3552454488151,29.961715400239456,170.0103340445559,167.9653641449852,156.97569354639893,163.06776610481785,32.01912675900265,6.8321874477346,179.19698372087535,168.8920151676191,172.68451945729464,12.394294206476317,15.34136698820727,14.515619489520871,2.7461054224600923,2.2002622564254017,-4.814816225193171,3.8287372345961486,1.4527360142763306,-3.3346164516036367,0.89580144673035,-1.4078115913269134,-0.7980702071639891,1.8170460488879436,-1.5302576471653455,0.06366348016053093,1.8554299166077843,1.9928442339582022,1.8627496926747604,6.594756012160347,-1.3998220354152837,0.6955561398957907,-831.9713256288186,-33.458945404765515,-211.70547698766507,-1313.2490968437985,-398.5714685208856,802.4801878123875,283.9901001608622,714.1595777942512,-594.2409586636292,220.04653125040906,-149.82619131248265,-106.38180773261693,141.97599417854195,-119.66801563871714,13.853489254871194,-208.96157294622176,-423.71427196746225,-94.02502001910032,-499.9702139003335,192.4394792648182,259.92732279343164,346.78699445962366,347.2554297080569,265.3516807288176,182.2744532712347,305.4776833050365,347.35524544881514,150.03828459976054,160.02795055520465,172.06258641021947,195.08689286382048,212.01912675900266,173.1678125522654,173.9708288313901,185.07881366377094,192.3942942064763,15.341366988207204,0.8257474986864204,2.2002622564253573,-4.814816225193105,-0.9860789905969785,-2.4388150048733754,0.89580144673035,1.4078115913269245,2.2058817984909136,0.38883574960296974,1.9190933967683155,1.8554299166077401,-1.9928442339582022,5.890490116640854,-0.7042658955195372,0.6955561398957907,-831.9713256288206,-798.5123802240377,-1313.2490968437764,-398.57146852089227,403.90871929149085,119.91861913063525,-594.2409586636203,-220.04653125041457,-70.22033993792311,36.16146779468943,-105.81452638384813,13.853489254864611,208.96157294622495,-401.5557546546082,-307.53073463551226,192.43947926481246
224,swing,-,1.1256281407035176,0.35233465860807645,0.1456425582746334,5.922335383148261,285.3891878481271,0.01894810964605889,0.05090296105609824,5.228042363588647,332.5656537384437,0.35139011940896864,0.22462345066369568,-9.621359210474665,1426.2374999185604,0.009130924103517069,0.05702020460494868,6.224841409347768,-752.0269832385026,0.3616037017922036,0.3238288145671939,-5.5828241292170055,-185.01452183195724,0.006658889692627873,0.010514277160229006,-0.13565460697918555,-34.93724444913298,0.3662902498781829,0.29488936594206344,-6.843437659267422,841.2157652261582,0.005600645446068003,0.0002805815880491178,-0.7405729752560704,642.4146413288702,0.3187517744299414,0.11876698495489321,1.8834255654075853,46.49599127857812,0.024102385185888295,0.0,1.0087906132268016,110.08774198085393,0.3170528794574659,0.02074608963449876,-0.1208525158862659,450.30640470885805,0.010404068618688561,0.006975936194155842,-0.46242482047617756,49.544144676383766,0.30736179523502616,0.02129030492944447,-0.07401045546514752,39.038735259580015,0.009973321801110366,0.005170986850897856,0.3134670683372404,775.4707318483247,0.31225111227546654,0.001150572820793225,-1.644905793744547,142.76916648425214,0.0029237981151510745,-0.00811426887855806,-0.8073697534165414,219.66279761040178,0.3179644691746139,0.0,-3.2152390272977716,37.5099977756712,0.0016394307149697473,-0.019171819784774946,-6.0085247743235595,214.8994753282188,0.37946213175831084,0.1415863653843053,-1.1317041797721346,726.2994499730344,0.014588737992807285,0.01665505943290915,-5.755858700412606,1041.8625599878937,0.3548788279704243,0.1677538938912552,7.438893931339054,-126.54963464276926,0.02888596485946532,0.033006940102890396,-0.5626668297771239,329.23785323994764,0.34077618473315685,0.1626732957398642,-0.5542352589012688,-680.8101882567363,0.03388558033807991,0.0,1.0434537379384567,346.8556205848896,0.3235189456021634,0.10886188996737554,6.174907772939283,49.40432112600867,0.0362587473774828,-0.00036249634697556055,0.03606838652406892,58.71656957976427,0.3104673927319723,0.11749589386808901,2.2523536332842724,-274.4643077801298,0.032659219923657695,-0.011726992211932326,2.100679041640574,86.96092675184151,0.29587995114325133,0.13298625724590793,-0.1403388130207481,-226.40229273755384,0.02331036745439312,-0.040384917700057255,2.1123895567458533,-135.76866739636282,0.29587995114325133,0.13298625724590793,-0.1403388130207481,-226.40229273755384,0.02331036745439312,-0.040384917700057255,2.1123895567458533,-135.76866739636282,0.3579046824218579,0.010084642222067959,0.3146764061145028,0.009808600887161609,0.33416390565654647,0.028264769657647692,0.29587995114325133,0.02331036745439312,84.5043269220827,98.11020288005433,179.11838030421325,167.2757437378151,82.9301537654952,99.61483921535634,57.80109249860157,137.41342204466912,167.3304784375809,30.181546655298266,169.3386945722527,168.30980194184716,156.75147090482582,162.7633406348345,32.65514529094156,7.678917152605328,176.84889591073818,170.7693931335757,171.2918276403525,13.410966162728279,11.696884808311669,13.703229151386218,0.4717682376955494,-3.017110246172501,-6.862382792783256,7.319353759372138,2.924985066733118,1.049088346653927,-3.51710244679823,-0.047269639889514575,-1.9244677969898067,1.5472448529113596,-0.8716279913864956,-0.27083152513623004,1.5669521004907205,0.3312250616936424,0.5417301346860203,4.936395867087542,-4.372319345503092,2.346834730269474,-682.4484288137719,-232.23701700521485,-416.908760736854,-443.30435900150235,-315.54694573441236,319.81494205911565,131.89337477023386,606.4420861818644,-734.0674646274124,247.4435137774181,-254.29526076533637,-38.36507643437973,230.76981800654102,-201.34982276099393,15.796828176749806,-335.3648499808737,-92.558037528382,-403.3134377762205,-388.7753479749307,250.27631095469226,264.50432692208267,346.39412404202835,347.27574373781516,262.93015376549516,182.54499298085156,304.74390048224996,347.3304784375809,149.81845334470174,160.47975877244903,172.16995683060188,195.41848592577603,212.65514529094156,172.32108284739468,175.4721869366565,184.7027938030808,193.41096616272827,11.696884808311669,-2.0063443430744154,-3.017110246172368,-6.862382792783256,0.4569709665888596,-2.4680141001442144,-3.5171024467981415,0.04726963988947039,1.9717374368793212,0.42449258396796175,1.2961205753544573,1.5669521004906874,-0.331225061693612,2.910911251853969,-2.0254846152336174,2.34683473026943,-682.4484288137654,-450.21141180857245,-443.30435900150235,-315.546945734419,4.267996324692312,-127.62537844553493,-734.0674646274038,-247.44351377741918,6.851746987917112,45.2168234222969,-185.55299458423534,15.796828176754202,335.36484998087667,-541.8124747964692,-138.49903702023562,250.27631095469064
225,swing,-,1.1306532663316582,0.3533009244041341,0.18877679891799945,4.008930899072638,-598.6312269272081,0.01944769835946049,0.07463093622534366,1.8978529200179337,-717.332099610047,0.3523324253864387,0.24821113503892284,7.691091584647287,886.4067367012258,0.009588412803926472,0.07406129910866636,-1.8845497748579816,-1220.6223083340308,0.3633660164740686,0.3023991603926892,-8.107423817667224,-201.53234391429956,0.006764560819866358,0.010514277160229471,-1.0461705774428047,-9.069887633154833,0.36775399418245064,0.27777953836477953,-4.194800194820917,259.21421922111415,0.0056034653615257835,-0.0014914135418465147,-0.02791786801088772,88.4523779556468,0.3193659860827394,0.14520191336454705,5.272542320988777,103.65585866444819,0.024102385185888295,0.0010366453974580945,3.066093906917599,364.78099974060973,0.31726138287087796,0.04244879300544114,1.1513778451488177,139.59983267616926,0.010404068618688561,0.008585043355151208,0.5695057705985641,36.307515242615004,0.3074501399689653,0.026011231380719358,0.05864625964724861,-29.7171652358355,0.009996032529629426,0.006061692160610883,3.8625026181956406,859.6072228830078,0.31225111227546654,3.766195812532414e-05,-0.22896399133786088,145.23006097058442,0.002842247674160539,-0.00811426887855842,0.8073697534165414,212.45722398202537,0.3179644691746139,-0.008413681445670212,-2.0010928211855457,159.39884740664795,0.0014467491090926071,-0.060387183661544906,-2.770239453298589,1138.294201883997,0.3802082927438046,0.15959631376085676,1.2568661652176258,499.1141453533289,0.014735884588003706,0.016738857289742323,2.9472087575690273,881.4849477287987,0.3559048986849155,0.2083308875777713,3.533390301678156,-910.7919638836626,0.0290617553610064,0.021190500740407223,2.498555502856838,456.4213546443756,0.34166754297631585,0.1423019425887369,-1.640596324184808,726.5977402135826,0.03388558033807991,0.007898654168279064,3.7631974501031715,152.7898542597614,0.32407974919172744,0.14440347985224708,6.242735076428807,-269.0577971664911,0.0362587473774828,0.0,0.5540478906595071,194.8767429171714,0.3110507745708057,0.1445597769784788,-0.8054960709990505,-616.8455747538286,0.03260884942036313,-0.0050118650778094775,1.665516300329339,38.19047238742528,0.2965706033231231,0.11881406240255787,0.5551721001099713,578.8694984766228,0.02316853895479158,-0.04278210133487042,-0.06904519706067853,44.277457612972476,0.2965706033231231,0.11881406240255787,0.5551721001099713,578.8694984766228,0.02316853895479158,-0.04278210133487042,-0.06904519706067853,44.277457612972476,0.359188340111773,0.010351034336194775,0.31485861807453264,0.009758296623491886,0.33491364358178205,0.02828655933995459,0.2965706033231231,0.02316853895479158,84.389710634203,98.7454050132095,179.53443781816634,165.17874343915983,81.26540184820436,101.11607838461208,58.5155467934587,137.59179404256392,166.2741393967938,30.51763501047107,168.19949921609677,168.96752184066816,156.66581849304782,162.54728854457863,33.10223689513751,6.916620969812262,177.95079115810194,171.1127746390105,169.16893364369653,14.85087958937875,8.482588809174205,12.181579117609102,-1.4439323738903096,-2.2550579345445887,-7.986142312976294,7.042957757803426,2.778297569756103,2.7602788869077233,-6.481761011836804,1.0790578938733342,-3.3538014711372863,1.4314673912559763,0.7890370061667862,-1.9599528289952401,2.01419200883643,-1.3776567708747889,0.932518159726173,2.5413546274746066,-5.307111964811675,3.2108959484857293,-399.7772868146923,-269.92433981082985,-178.65433277736454,156.0619211885846,-124.81640686621198,-313.32782537534956,-156.24513580150247,51.99668083124472,-333.89577727130154,89.37808941012914,-91.67396180338264,-58.06050591610518,262.69875413830124,-317.924196342812,115.58182051386285,-196.82846691103492,56.90353929771038,-466.71531499954114,383.893327790372,-153.74779677675357,264.389710634203,345.6443056209935,345.1787434391599,261.26540184820436,182.38148023281641,303.8659334393577,346.2741393967938,149.48236498952892,161.28286577343215,172.31534393276397,195.64952543971614,213.1022368951375,173.08337903018773,175.13258787208576,184.01981323307527,194.85087958937874,8.482588809174205,-3.6989903084350306,-2.2550579345446327,-7.986142312976294,-0.943184555172934,-3.721482124929037,-6.481761011836716,-1.0790578938733342,2.2747435772639517,0.8432761860079757,0.05423917984127787,2.01419200883643,1.3776567708748177,0.44513861114855635,-2.096216016325962,3.210895948485713,-399.7772868146923,-129.85294700388008,156.06192118857138,-124.81640686620756,-438.14423224155934,-281.8990964400657,-333.8957772713059,-89.37808941012034,2.2958723932535166,60.35637830935866,-202.3423758289382,115.58182051386504,196.82846691103325,-236.5697839859315,230.14553101362276,-153.7477967767448
226,swing,-,1.135678391959799,0.3542319128685588,0.18593332107938282,-0.09405885732608527,-690.9520564428598,0.019698169306615096,0.06997685974974548,-1.9813254716880786,-361.71420320283124,0.35388470368071656,0.30192085352447107,-0.7127487913670273,-1811.964067502717,0.009875258767925763,0.038080005862657744,-6.042719478431218,-54.661686619432416,0.3646428893338386,0.24234716815847956,-7.608274821822995,638.2292563880962,0.006764560819866358,0.0,-0.2268092565586295,185.62042388354237,0.3690820040326028,0.2527305700142158,-4.2382696268944615,237.47631792573313,0.0055856563652454255,0.0,0.14839564741373085,-14.76536691766583,0.3202110901421479,0.1717573600402066,2.9251929891708652,-738.044628202814,0.024112803732596416,0.030815014139874822,4.674931314137387,16.760182902746685,0.31747950049269646,0.03231772626916004,1.2821608778440534,419.0045725689352,0.010490350461453898,0.01269961228057347,-0.0975251697966362,-71.57101464257279,0.30762321464588765,0.021879714574140424,-0.3726754327097201,-5.8353028349013405,0.010034243330362735,0.04399010864180813,8.952735640025608,85.32033042764341,0.3122514907876085,-0.0011505728207932757,-0.1853071910251317,-117.82464510062569,0.002842247674160539,0.0,1.3278787288148317,43.01904565974583,0.3178799095620946,-0.02011148564005538,-1.613240560899328,-171.23724133679943,0.0010325243465120204,-0.04701342233048891,5.43161795817872,741.0834600306333,0.38106611481118374,0.15421818614026112,3.8845183865928914,656.4622473545857,0.01475696771431223,0.046275247951190306,3.1032865028917467,-685.3404712884046,0.356972605735025,0.203265354209628,-1.7147941478935733,-442.8864349699162,0.029098934716152824,0.05811805068436571,4.0244824631310925,-585.0217346925,0.34220635501043056,0.14618489047167546,6.748254592491391,1022.3898002081718,0.03396496379705759,0.03782107990053372,2.5790301626596497,-358.37708113431097,0.3249702368569598,0.17160294601188505,3.4708093089544962,-636.290369823287,0.0362587473774828,0.005205824162165115,1.9946286168473648,321.6407736705845,0.311920254812158,0.1094004559686012,-3.94709937931691,777.7545165041125,0.03260884942036313,0.0050118650778094775,2.4845028847302686,-35.14231898964562,0.2970740623231765,0.13856587634249046,5.677445091266814,337.14254462013275,0.022880396586705987,-0.041078839278556524,2.5573891307455687,343.0058121650665,0.2970740623231765,0.13856587634249046,5.677445091266814,337.14254462013275,0.022880396586705987,-0.041078839278556524,2.5573891307455687,343.0058121650665,0.36046037747892923,0.01048091131491316,0.31508904112608704,0.009702433909017122,0.33570160492482226,0.02826147660201243,0.2970740623231765,0.022880396586705987,87.97561607039594,104.10268702864053,178.7457730901036,165.12715595165184,78.6613605601286,103.98815506961093,59.88695615664111,140.58688005157168,162.17567942152667,30.763759997127174,167.47521479804033,169.34140989526202,156.79405038035742,162.38943364975606,33.236131279457034,6.314633465223894,178.91370195443437,171.5425009068618,167.61719986991275,15.611963803567162,7.679022629269607,10.990421716101544,-1.3237526947402432,-1.4486487266892665,-8.116819042694912,4.170330388765666,1.3546821943562368,1.5716680535005982,-6.8728389017861256,0.8510026154886516,-2.8458141467725304,0.9637221803876999,1.7685604924154799,-3.4660495788327763,2.728578437313442,-1.6469504851508945,1.1136250019996823,0.24578968618771482,-0.5140949455999244,0.8016307425634355,-157.68437704238195,-351.5562918269401,94.98063685101698,152.5215456410858,123.82759100513901,-682.1748202755642,-258.2831696095224,-404.65079351277416,104.58673385189327,-62.50644357744041,221.37249273991853,-169.7357572715791,38.69925683429562,-103.08406921664046,75.25452049143924,44.59409567657904,-137.2203353076208,-494.08297874942195,1061.2728260245706,-474.56360764411284,267.975616070396,343.8729290417554,345.12715595165184,258.6613605601286,182.6495156297395,302.7625594730984,342.1756794215267,149.23624000287282,161.7610252048325,172.4196153095705,195.62556492921308,213.23613127945703,173.6853665347761,174.77166458034174,183.22916367347992,195.61196380356716,7.679022629269607,-3.311399086831981,-1.4486487266892665,-8.116819042694868,-3.9464886539292463,-5.301170848285528,-6.872838901786081,-0.8510026154886075,1.9948115312838788,1.0310893508961787,-0.737471141519257,2.728578437313431,1.6469504851509082,0.5333254831511817,0.28753579696355525,0.8016307425634797,-157.68437704238195,193.87191478458462,152.52154564110774,123.82759100513901,-558.3472292704142,-300.0640596608852,104.58673385188452,62.50644357744041,-158.86604916248248,10.869708109096583,-27.829548725212213,75.25452049144145,-44.59409567658342,92.62623963105496,586.7092183804638,-474.56360764411556
227,swing,-,1.1407035175879396,0.3551696009978967,0.18783148376899358,-2.9353108742223113,-652.3607565441451,0.020150983382070983,0.054718117414408546,-1.7374657051360847,238.45508277834833,0.35536680582387054,0.24104783060307344,-10.51960256110834,-48.43487784349423,0.009971126430686844,0.013330450079207962,-2.433913459475383,691.5859232043505,0.36580166640530953,0.22593408680652982,-1.6930594318573253,839.9480317028753,0.006764560819866358,0.008234787144564893,0.8193613208842213,-58.95893040039484,0.3702939999112367,0.2351838637226249,-1.808103532250777,324.8007859088317,0.0056034653615257835,0.0,-0.17631351542461202,-18.969394998391937,0.32109219070625905,0.17460083787882658,-2.1449916307981667,-491.99246585514146,0.024412083820459896,0.04802087971039583,3.2345379561914323,-464.3167244545237,0.31758618413991474,0.05533483197874798,5.362479076997338,220.54834676254774,0.01053170291296568,0.0076048908948835245,-0.14980090922627534,-29.0739769041652,0.30767003659785114,0.022265749644943343,0.0,135.0881927846422,0.010438144174270705,0.09603893477393198,4.719993376262393,-1197.0946655939106,0.3122395487295289,-0.0018247218712729514,-1.4131312787813142,36.50326821307,0.002842247674160539,0.005231245983901963,1.2397219711024214,-58.203883228500146,0.31776234369079426,-0.024627154419532518,-3.722070121052846,-736.4226750187237,0.0009742524022535309,-0.005798058453719549,4.677835521883523,-434.4597356683791,0.38175822426280215,0.1986366995557595,7.8544766913942485,-403.8104134301617,0.015200962456859882,0.04792766636403068,-3.9406351749776305,-741.1580325907751,0.35794776656641925,0.1910967755386402,-0.9177296477681584,-32.327204842297846,0.029645856372909563,0.06163756067137226,-3.3810599211882844,-724.0343084570576,0.34313673785542814,0.21012359678462908,8.634678049766485,-647.7745440924941,0.03426569169386416,0.03381855530053639,0.16141774021066324,-28.99940434394933,0.32580440191546495,0.1792859854698796,-0.1521430122473314,-372.9746597914455,0.03631106721830858,0.020046518762284717,3.786618480313565,115.25189177400568,0.3121502766408419,0.10489043648283217,7.011132235574806,1424.2613270735503,0.032659219923657695,0.01995801316068524,1.3123271647550174,-412.57268925251776,0.29796322519591195,0.17587381206352987,3.943539382724311,-496.59732144674524,0.022755686298725694,-0.017079698010794807,3.3782493975630445,-166.25952294417397,0.29796322519591195,0.17587381206352987,3.943539382724311,-496.59732144674524,0.022755686298725694,-0.017079698010794807,3.3782493975630445,-166.25952294417397,0.36165801828457833,0.010622533998537492,0.3152700607728696,0.00983968619682207,0.33646010540614474,0.028473080660720934,0.29796322519591195,0.022755686298725694,91.10979861327645,108.19165537849884,177.4097629930266,165.508380241751,75.8243257193788,104.71624326538006,59.510445754745845,139.71739182415934,161.31273140585367,31.243586375070343,166.0800850864789,169.40663177035125,158.2961841311586,160.055833135741,34.91767950119982,5.8165539917367735,178.74311299994136,172.50912531595117,167.1910532482242,15.740154444146508,6.897821200708083,8.648350054021828,-0.489353109055985,-0.7221780788553116,-6.741643910914617,0.18692941332551566,0.1824868199117024,-1.3065632589492309,-5.430638058551463,0.4508524307834921,-1.128952297871813,-0.27441961649855734,1.1779742607828156,-2.995973625142362,2.7705188479463585,-0.9294749047785251,-0.44658068758657427,-2.4243034504089436,5.358946588198895,-1.5585875454248677,-130.9949939069975,-384.01323532937624,166.19339859020187,33.19457512463687,342.13871885576316,-676.1092625656115,-169.25966216918826,-268.3584952086483,103.64761366800356,-72.70570645727635,370.7560513021008,-252.60784774387437,-265.2860149006208,331.51131658035314,-111.6677987806846,131.3417240604701,-237.83637536196653,-416.98169876612246,782.9557004515381,-259.4793503839249,271.10979861327644,342.91814323477763,345.5083802417511,255.8243257193788,180.54056898475886,301.030123230013,341.31273140585364,148.75641362492965,162.67632853845072,173.26969676809946,194.97351263694082,214.9176795011998,174.18344600826322,175.44033300832186,182.93120769237072,195.7401544441465,6.897821200708083,-1.7505288533136119,-0.7221780788551349,-6.741643910914617,-6.554714497589058,-6.737201317500694,-5.430638058551463,-0.4508524307834921,0.6780998670882766,0.9525194835868339,-0.22545477719602583,2.7705188479463807,0.9294749047785099,1.3760555923651725,3.800359042774072,-1.5585875454249118,-130.9949939069975,253.01824142238317,33.19457512463247,342.13871885575213,-333.970543709844,-164.7108815406491,103.64761366799472,72.70570645727196,-298.0503448448245,-45.442497100950064,219.84351779966195,-111.66779878068239,-131.34172406047284,106.49465130149372,523.4763500676074,-259.47935038393064
228,swing,-,1.1457286432160805,0.3561196664742774,0.15643270927815278,-6.650448370332742,337.25440346042905,0.020248100134900623,0.05251489286395522,0.4152080235717669,-188.23978506021933,0.35630729494305907,0.1961962046691081,-1.1995314832614545,1267.9572409147468,0.010009233140581122,0.013618564058884402,0.9078928150800255,232.36809755278193,0.3669135836736028,0.22533149547649595,0.8334139390101447,183.48578434818128,0.006847322499711234,0.008234787144565256,-0.8193613208842214,-772.3200411802851,0.37144566095443826,0.23455867521772508,-0.9739401202729516,-165.84937386313118,0.0055856563652454255,-0.001771995129895645,-0.04225153849976098,-879.3875944734642,0.3219658724323874,0.15019965520806366,-2.0194549088708884,707.5817373650543,0.024595425639233573,0.06332293329757852,0.008431570875719122,-738.025985062818,0.318035629457307,0.08621198834953672,3.498727176965195,-174.7980810860581,0.010566781525724087,0.011194075504429959,-0.3897259427028268,-172.18804147928694,0.3078469910242288,0.021879714574140424,0.9849948465329508,718.6930488334425,0.010999458755226399,0.09142722800123042,-3.078366526747681,-771.0150213769747,0.3122331518743294,-0.015352897230656104,0.1815598261916619,438.30022251826495,0.002894823010682168,0.012459517297512102,0.7429150782771263,211.8979297805718,0.31763240047245106,-0.057519225550135215,-9.014473475660566,240.49650661345493,0.0009742524022535309,0.0,1.0651884539737897,-298.84021339238484,0.38306246355043766,0.23315765037538128,-0.17387772828321305,-1477.1705585284267,0.015238652803397978,0.006670874333323627,-4.345537945256943,339.2492194454686,0.3588931763434536,0.19404194066421912,-2.039690678971952,91.98525299467342,0.02971840768772442,0.02413754896387954,-3.2522442550304826,383.1444926874497,0.3443181499529897,0.23296557438892887,0.2379576669385135,-1149.4614427723805,0.034304848774952434,0.039443368746872084,2.2875788627204527,-151.79244626722453,0.32677210605766216,0.17007387051191183,-0.27767973417570824,259.5125094621,0.03646021992785753,0.04326229130099592,3.152939086937905,-436.4172653733923,0.31297443005319153,0.17986409652714383,10.367084812377442,-529.6702518912886,0.03280943246720419,0.018201082814041158,-1.6619563037373561,-310.771823022836,0.29884163832381505,0.1781994379779117,0.686517237530549,-358.4143674144502,0.022708741330316085,-0.007126584026665732,0.8864391514070927,-322.16278159188084,0.29884163832381505,0.1781994379779117,0.686517237530549,-358.4143674144502,0.022708741330316085,-0.007126584026665732,0.8864391514070927,-322.16278159188084,0.3626965515113444,0.010672578035109601,0.3155428090521407,0.010006148266623952,0.33747699404692505,0.028540050498575442,0.29884163832381505,0.022708741330316085,91.04983454429345,107.65002626556507,178.9562578672118,164.44355041151653,74.34933619931087,103.2189657049829,59.14642184841388,138.00289801969052,160.41898203618942,30.925711619003316,166.54193362984986,169.535532621994,158.17631286557884,159.26715747733414,35.55335178623983,5.933859149791331,177.9803734430142,169.79764682848628,172.38160339305452,13.906517185653652,6.362490027189195,7.13099221530369,0.3465327182266537,-1.1150349063411484,-4.678238953692176,-2.6247375767180467,-0.3464199379974591,-1.1254022501039787,-5.831154342308675,0.12029199782756353,0.8803773236004405,-1.5750501587467831,-0.8976306121134427,-0.134277552899491,1.6062890023316576,-0.326933157909954,-1.2766903282714015,-3.944981155682974,7.354806566476043,-1.806201924611758,-52.24676855357926,20.09916499361435,141.0376905666297,-267.0138918213636,311.1096271745111,-295.19224873300766,69.28884940452113,289.16955008794594,-342.5410210509745,4.552196668203462,206.9777373269235,-121.68725012829421,-390.06507196773134,557.4184353279037,-257.1960472269952,35.2653057919188,-33.96559232056704,-26.48339397094971,-58.353541511236024,83.53722201082971,271.04983454429345,343.39980827872836,344.4435504115166,254.3493361993109,177.5683019042938,298.4218800558799,340.4189820361894,149.07428838099668,162.53235475114684,172.9968221291528,194.82050926357397,215.55335178623983,174.06614085020865,176.08576740719445,186.28812057870817,193.90651718565366,6.362490027189195,-0.7685021881144948,-1.1150349063411926,-4.678238953692243,-7.302976530410179,-6.956556592412698,-5.83115434230872,-0.12029199782756353,-1.000669321428004,0.5743808373187791,1.4720114494321777,1.6062890023316687,0.3269331579099402,1.6036234861812975,5.548604641864271,-1.8062019246117718,-52.24676855358147,-72.34593354720258,-267.01389182138996,311.1096271745023,15.917378441503482,-53.37147096302865,-342.54102105097013,-4.5521966682045605,-211.52993399511922,-89.84268386682062,300.22238810091073,-257.19604722700177,-35.26530579191427,-1.2997134713648042,25.183680499584884,83.5372220108429
229,swing,-,1.150753768844221,0.3567417890308429,0.1209928066802235,0.45418061784224223,1479.556880454546,0.020678771250050423,0.05889106237492874,-3.6293228414196625,-624.3494386227728,0.35733862697632385,0.22899223780647612,2.2236862923059744,-465.9666423486042,0.010107996421228393,0.02245500098453469,-0.0985556951258575,-312.6454585975978,0.3680663045508019,0.23431010629406882,0.1510188027977302,-1246.2939121792597,0.006847322499711234,0.0,-6.94264914323911,-1959.4406268488242,0.3726513735315153,0.22539552080530897,-3.4749314102721662,-478.6439775811078,0.0055856563652454255,-0.0004246385778870375,-9.014379791539673,-1971.1485187986916,0.3226017349797069,0.15430480864394364,4.9663826140766245,602.9937216984399,0.025048495210385296,0.04810561911618195,-4.182808627354346,-296.32338948593434,0.3184526362841312,0.0904979191844277,3.6057144429666343,502.3766948618393,0.010644206184366983,0.003688047249629053,-1.880333989420083,-34.2474482673508,0.30788993322673697,0.03216519533874167,7.223045716918891,1017.7290151964078,0.011357010787348382,0.06510057772119202,-3.0289013109432448,35.19824840978971,0.31208524825484896,0.0,2.99189608321122,170.10000979393345,0.0029674689535325177,0.01269772918266692,3.3693494060830047,204.82285813255206,0.3171842610219487,-0.11522487779300393,-1.305019803329724,2037.6952071983799,0.0009742524022535309,0.0049073531440067914,1.674416291809357,-36.54987606326306,0.3841015172313989,0.1968891846986418,-6.991458570197716,-726.2621636926348,0.015268006420008862,0.0042539181704943346,-0.5310952810533834,377.06682903194417,0.35989793682435106,0.17059737172987724,0.006745256700904745,172.07618263904862,0.029888444804707343,0.02895168876151874,0.4696384977809912,245.12000534532163,0.34547810041210075,0.21251513112571963,-2.917698259503465,-1001.2484793942057,0.034662107460164376,0.056809297639435,-1.364134483580511,-745.7722097525518,0.3275136870462379,0.17649523437263634,2.4560229119948334,189.89902452451955,0.03674586411580602,0.05173434878176058,-0.5994846892681893,-688.0437265952426,0.3139579560029237,0.2090822436424026,1.6878131210895886,-1233.1318553057242,0.03284214537907519,0.0032549347311643705,-1.8110077399970474,110.24620867124572,0.29975417432131807,0.18277348279247999,0.34138493634799016,98.80864225211891,0.022684062338658703,-0.008170761815748807,0.1404324971421891,-59.6580481521869,0.29975417432131807,0.18277348279247999,0.34138493634799016,98.80864225211891,0.022684062338658703,-0.008170761815748807,0.1404324971421891,-59.6580481521869,0.363699523522371,0.010804936634058869,0.3156427627534745,0.010198286707577341,0.33845056197305506,0.028681771753070084,0.29975417432131807,0.022684062338658703,93.23155374733402,110.13818510836137,178.4785901915954,164.61477844737723,73.93116259870588,102.20819035578512,59.57132907950618,137.91867375068676,158.64935012429805,31.134535895140925,167.18250293887064,168.2993362242588,157.3185194304767,160.49398750333705,35.571118007915835,5.691717218698042,178.11264664608206,168.6696179846994,173.66216897904235,13.863849171478137,6.372728049415838,8.850351712249104,0.9281111177442883,-3.405734780577511,-3.6149139895628024,-2.7798268553478755,0.8788571656857717,1.5996633751004252,-8.873261385696875,0.49660315106694314,0.9512259667203458,-1.4974070549738543,-2.742277718792304,2.6062217047862184,0.1856339511926843,-0.5750497209401515,-0.7879434244766892,-2.6904682139360716,4.772478834317137,-0.7190174749642825,-225.53893833846553,570.9460205682503,-748.9427905145958,-47.542168392124395,191.1329211265489,39.616777588112065,419.0970154174693,205.48801996635325,-393.83533666917907,93.89336066645915,-177.81882817247032,178.50202606159473,-196.46978134148122,264.3694321513322,-162.47620936543458,-113.38033684727691,194.22456930074352,160.0740670770669,-297.47688222465644,56.558582694130145,273.23155374733403,343.09336863897266,344.61477844737726,253.93116259870587,176.13935295449105,296.5680238749849,338.64935012429805,148.8654641048591,161.68296116598844,173.38362494172966,196.0651055112529,215.57111800791583,174.30828278130195,176.1956361352199,187.52601815052049,193.86384917147814,6.372728049415816,-2.477623662833223,-3.4057347805775993,-3.614913989562891,-6.3947408449106335,-7.27359801059645,-8.87326138569683,-0.4966031510669542,-1.4478291177872558,0.04957793718664274,2.7918556559789027,0.18563395119264012,0.5750497209401818,1.3629931454167827,4.05346135935281,-0.7190174749641941,-225.53893833846996,-796.4849589067159,-47.54216839212,191.13292112655336,230.74969871465436,-188.34731670282144,-393.8353366691747,-93.89336066645915,83.92546750601116,-94.5765585555924,101.89322278589323,-162.476209365439,113.38033684727829,-80.84423245345644,-240.9182995305277,56.55858269413317
230,swing,-,1.1557788944723617,0.35733567458161636,0.16099733860320056,8.219470026195753,164.76807174022093,0.020839970108518013,0.016039286417525486,-5.8596607063055135,194.41998598597561,0.35860872446875236,0.21854481062193254,-5.8826133159108664,-1527.954472018108,0.010234911542435748,0.01262805456013204,-2.2342725979612412,-193.00310734237397,0.36926845911374423,0.226849272389036,-11.69215301756566,-2166.1837284063686,0.006847322499711234,-0.06154058112919648,-20.512231942480966,-794.747738657516,0.3737109425705721,0.1996347414461446,-5.784432357269137,-907.4361986751226,0.005581388640844551,-0.09236877695441736,-19.85278941587407,304.0416494657193,0.3235166745293115,0.20011304831436272,4.040783500158819,-610.2272600368213,0.025078899198190188,0.021284655635724677,-2.969692946570936,199.75192403960102,0.3189451562832812,0.12245032445975511,8.54773918562703,55.89213386270276,0.010603847327227897,-0.00770375353496836,-0.7339214026762108,-92.13439811504755,0.30817025931909053,0.09447313886478446,11.213427160064958,-317.34352988956005,0.011653735918253472,0.06098600879576987,-2.7246152864482776,-89.5709663585181,0.3122331518743294,0.014716410138301673,1.8911076633166666,528.6262360485024,0.003022438379352191,0.04632232539884973,2.8014362655390106,-793.8528679352431,0.316474361499657,-0.07063500246802223,11.464875340404095,1570.162541085796,0.001023572534354103,0.01682830444029549,0.6978530161520407,-333.2088420700753,0.38504124932630346,0.1628917350970104,-7.472994951324962,375.3982679975553,0.015281405749835109,0.0013332333177115921,-0.5559215730764996,-125.58019136036944,0.36060772279300013,0.19410973218885133,-0.3102818082276993,-699.3041831841706,0.03000937943407135,0.028857533866201185,-0.7887266133688934,-290.84230631199006,0.34645398041656483,0.20364197379090332,-9.824841120943217,-790.6555694171684,0.034875796489921645,0.025733474439529905,-5.20761922524509,-119.03644920370175,0.3285459275086435,0.19475751786864448,1.6308531756185085,-476.5186596158868,0.03698016313169433,0.03723731954955667,-3.7620732406526556,-309.01004628832555,0.3150757591350248,0.19682704246774316,-2.026200165569863,-332.22075564762895,0.03284214537907519,0.0,-0.5539542065388774,157.30149415130234,0.30067855774886515,0.18163044236331874,1.6795689184563936,115.45696631448135,0.022626623121112577,-0.005715202145839674,0.28686077801826376,-11.996860620608677,0.30067855774886515,0.18163044236331874,1.6795689184563936,115.45696631448135,0.022626623121112577,-0.005715202145839674,0.28686077801826376,-11.996860620608677,0.36473095018367124,0.010875898197877387,0.3158679207011339,0.01027649867147557,0.3394005328214003,0.028769252217618366,0.30067855774886515,0.022626623121112577,96.84513206453974,114.47502436443249,178.27558495337138,164.0945227467359,72.4728147079295,101.96194510055253,59.22762859912385,140.4414534259844,154.76567778337383,31.08061621930934,167.8936584035781,167.72778906092435,156.22104837845112,161.7193133405172,35.357574597219866,5.874689631294058,177.33867179909407,168.56701013321089,173.8515929449491,14.368035491451867,4.095767028812597,12.86914317578877,-7.180530503025764,-1.5928456439504515,-2.7573050730232924,-2.226579007993292,3.8656103677058615,0.9398039807136962,-9.789298429436208,1.0639438638221528,-0.9067465776304641,0.21894005292758345,-2.87220127886205,2.522701664701908,-0.026637724959185344,-1.466434030746938,0.6753153933441629,-2.3361965619435656,4.365089157182934,-1.2377739578365656,-858.4443773754707,328.56625415099535,-1898.9956301125355,711.9849985860586,169.30286872240825,-4.3682720105857245,287.6529633662751,-277.5145802907296,154.7962136362792,63.94566010125296,-307.5032002774258,320.9538446533843,70.49695492690218,-161.1090297655769,13.215770361463267,-160.5735864761067,279.9000698126039,-92.65415427378866,167.24085065584651,-193.9131797185449,276.8451320645397,342.37010770010727,344.0945227467359,252.4728147079295,174.43475980848203,295.2071312093582,334.76567778337386,148.91938378069065,161.02572537711256,173.29793631618818,197.07688793773707,215.35757459721987,174.12531036870595,176.78663856961182,188.21962843640097,194.36803549145188,4.095767028812553,-8.773376146976172,-1.5928456439504515,-2.757305073023314,-4.9838840810166065,-8.849494448722512,-9.789298429436208,-1.0639438638221528,-0.15719728619168874,-0.37613733911936054,2.4960639397426894,-0.026637724959218484,1.466434030746938,0.7911186374028193,3.127315199346341,-1.237773957836549,-858.4443773754685,-1187.0106315264773,711.984998586063,169.30286872242144,164.9345967118181,-122.71836665445477,154.7962136362616,-63.94566010124857,243.55754017617284,-77.39630447722466,-147.89325940411806,13.21577036147206,160.57358647609928,-119.32648333648704,-26.672329062694008,-193.9131797185537
231,swing,-,1.1608040201005025,0.35835985273539767,0.20360054563696325,2.1101411378444332,-957.3252414423351,0.020839970108518013,0.0,-1.6753531330179323,162.73596947516404,0.35953505723383067,0.16987049593802625,-13.132640059634536,-1004.2313818020895,0.010234911542435748,0.0,-2.038285417159732,84.276314585006,0.3703461967356163,0.11680103074064718,-21.619671934954333,18.307563526520163,0.00622882419690525,-0.20615308484905126,-14.930063602108476,3326.029400185271,0.3746577528425318,0.16726052223979104,-12.59489320600188,-1080.3699657561876,0.004657326948618132,-0.19995016034546212,-5.958684822035011,3414.341954590592,0.3246129213949266,0.19491569809277526,-1.1665546727254907,-795.9129349105765,0.025262411347427752,0.018259458849137895,-2.175251601830753,-20.703207022813128,0.31968329281136487,0.17640484567314005,4.167444431536501,-1125.8592274724147,0.010566781525724087,-0.003688047249629216,-2.8063078398225545,-251.30020627112594,0.3088394120092976,0.14486295574140257,4.033663506973621,-1308.9721490194331,0.011969935498863646,0.037717509515682174,-3.929112028114265,158.3548315639848,0.3122331518743294,0.019006107169011386,8.304722576160898,1156.0984006294884,0.003433019962566175,0.040852867529792156,-4.6090713771856295,-1041.4244461968474,0.316474361499657,0.0,14.475508247783523,756.3149054494688,0.0011433810900956937,0.011920951296288482,-1.674416291809431,-833.7585092070206,0.38573862009669546,0.12178370780090483,-3.2186116556494886,1363.2609728377884,0.015281405749835109,-0.0013332333177115921,-1.7932077570369733,-631.8066946418284,0.3618487884041385,0.1674789615969356,-7.021437488868524,161.85974189278747,0.03017847027069931,0.02102478812464558,-2.4533997566108168,-129.67236060081433,0.34752475341502437,0.11377300930719658,-10.863985389324112,1674.489552791803,0.03492073534397874,0.00447141597868125,-2.560480706733271,224.71508856327125,0.32947104903486746,0.1928857185497065,-2.3331093454511804,-556.3858715795061,0.0371201085333895,0.013924567468669232,-3.7051132951809542,173.53966913272123,0.31593611723375525,0.18871842288290686,-1.6510889457206934,-52.44315295393364,0.03284214537907519,-0.0023124442290252535,-0.23008820078800662,42.7766848391367,0.3015796059028589,0.19965357242520726,1.5017564570965258,-377.00157804183425,0.022626623121112577,-0.005287738921092942,0.01986103361848595,21.551469894970282,0.3015796059028589,0.19965357242520726,1.5017564570965258,-377.00157804183425,0.022626623121112577,-0.005287738921092942,0.01986103361848595,21.551469894970282,0.3657247148868441,0.010490258199119286,0.3163686279179151,0.01047510588493547,0.34034982234789,0.028828248066348403,0.3015796059028589,0.022626623121112577,96.32345851663344,116.65573668621239,179.69375801639217,159.97396381402888,71.45604374629526,101.17108256563273,60.94747437253714,140.04227239881754,151.63737954057336,31.946569151117103,166.37161357676052,168.62758826218115,155.51413385829943,162.10595377988395,35.43414137175783,4.882318826212519,178.02363375790372,169.09194873767964,173.96557309397465,14.036525584229466,-2.254853632749544,12.152525120801762,-18.157272099466788,3.7498933459154142,-1.913377620493403,-2.823729086610043,3.7698417221306966,-1.189427884102838,-7.317520545131282,1.1392731018332931,-2.139258458178351,1.7282597254621113,-2.033765608974204,0.9870354759864792,0.31845576387070473,-2.1888546101472253,2.0251226037906367,-3.621665744325891,6.4532914037225995,-2.667893653040076,-1379.6862292024605,-850.2532863501253,-1465.8058512915952,936.3729084392646,228.19979005532363,-171.86528610680753,-288.80492301809744,-257.99410277563885,603.1335297422568,27.92098509272216,-192.7505759586018,208.60694048318925,158.78765421659676,-256.7087092520395,54.14370541814634,-65.82760507887198,127.93434891382229,-48.28822413434628,92.13658524181898,-105.95510494242109,276.3234585166334,339.667721830421,339.97396381402893,251.45604374629525,172.627126311928,291.67965193939085,331.63737954057336,148.0534308488829,161.68181727212237,173.05422900994122,197.54009515164176,215.43414137175785,175.11768117378747,177.09404741588378,188.0020986782041,194.03652558422945,-2.254853632749544,-14.407378753551374,3.7498933459153703,-1.9133776204933588,-4.737106707103446,-8.506948429234164,-7.317520545131415,-1.13927310183326,0.9999853563450909,-0.7282743691171089,1.3054912398571397,0.3184557638707489,2.188854610147181,0.1637320063566328,3.7853977506825234,-2.667893653040076,-1379.6862292024516,-529.4329428523305,936.3729084392646,228.19979005533023,56.33450394851606,345.1394269666179,603.1335297422479,-27.92098509272545,164.82959086588514,-43.777349617290966,-202.5650038338921,54.143705418151825,65.82760507887198,-62.106743834950315,-13.818519700599648,-105.95510494242743
232,swing,-,1.1658291457286432,0.3593819112211838,0.18220478722475228,-1.401889184279806,-19.016002848355416,0.020839970108518013,-0.0007984335123026803,-4.2241233246456025,-932.8934064098717,0.3603159656339586,0.08655847836430135,-15.97539102246435,480.5082915859278,0.010234911542435748,-0.00785722601433727,-1.3872744614285326,-172.43972386991268,0.37044233881968036,0.009566137364373197,-11.508157404233803,2056.450206086264,0.0047754321997208055,-0.21159147160264583,12.915199215159353,3348.8392820332224,0.3753919528443388,0.07305290017979628,-16.64242196285877,372.78822839118544,0.003571839290638937,-0.15225505657285862,14.462205102623734,1813.4089108561236,0.32547562626893733,0.18838888074928262,-3.958341473816683,-202.9492225577261,0.025262411347427752,-0.0005771695083026024,-3.177765378961014,92.45133149585511,0.32071806930512176,0.16433418809328704,-2.767428929673418,-329.6852886011383,0.010566781525724087,-0.03590785242765685,-3.259551616456326,629.3830864356146,0.3096261684220192,0.13501247059316185,-1.9420718250547395,-86.44824040049137,0.012032806365647256,0.021497445699144788,-1.1331094415841372,338.0653800524476,0.31242416802678175,0.09818095864242983,13.510187066627902,-645.3695790263696,0.003433019962566175,0.0,-7.665141083172837,100.37466601608439,0.316474361499657,0.07484749248457338,19.066030169041838,-504.96809132827445,0.0011433810900956937,0.0,-7.681629488440982,-479.6973149937498,0.3862652061886241,0.13054387926133773,6.228120353577191,859.150465951978,0.015268006420008862,-0.016688955195222493,-6.905737599627426,-763.0264358665752,0.3622909284371904,0.12354252124545033,1.3164492660716434,1640.148888824309,0.030220683837334117,0.004200249880163265,-2.0919664184021802,-322.64750323310153,0.3475974277462854,0.09445619098362776,7.0041996106323925,2088.851983488928,0.03492073534397874,0.0,-2.949176124106726,-421.0180316940441,0.33048447744381637,0.17130918273848228,-3.9609646292005487,245.7165858270448,0.0371201085333895,0.0,-2.0179559629368953,200.28325353095437,0.3169724267016871,0.1802331837167817,-2.553267029428483,216.2044951316634,0.03281890473355735,-0.002312444229025151,-0.12403777599479762,10.552017266924016,0.3026851263159526,0.19672347208288155,-2.109391664878557,-199.91039072987382,0.022573480016377975,-0.0055155937677644415,0.5034584654048959,213.57581238486895,0.3026851263159526,0.19672347208288155,-2.109391664878557,-199.91039072987382,0.022573480016377975,-0.0055155937677644415,0.5034584654048959,213.57581238486895,0.3663830421297904,0.009855538285328376,0.3169436787045034,0.010487680058292193,0.3410492654722594,0.028820319814107754,0.3026851263159526,0.022573480016377975,95.03341212533958,123.36406031351108,165.33664504276732,166.33270676906116,72.06118037290008,100.40963389984569,64.44816075573135,137.50282102978557,150.5198324872288,31.95165302742462,165.78640835921158,169.5855019207286,155.01893930637308,162.01318592515042,35.64431146111165,4.209976711236986,179.2360010612077,165.33951095654118,179.6189385516366,11.595572719377566,-9.770426229503341,4.323884016491179,-21.912247601433496,7.817937355438976,-0.4638398463366635,-3.953868315599367,0.9630483273230243,-1.6531015748203164,-3.7276549144387605,1.344556779326893,-2.843938295807332,2.31549221858774,-1.276345457589749,-0.057285362956735184,0.5175201184392606,-2.1280180013888557,1.9610877442368264,-2.821505347213369,5.291084988758988,-2.3026493843935425,-1290.1962789070978,-1987.9663431194983,479.80508196555974,217.96498224684728,192.71975873623947,-92.52610681496871,-401.336874383595,-106.3479321499293,607.8784584547841,49.36278117350917,-73.43641355480577,86.58007513397301,76.21594261831409,-118.16586883292862,-20.55651653805964,70.46578431587436,-227.32848350911632,535.1597843918369,-604.7574464288442,226.46036123024066,275.0334121253396,331.66935181182845,346.33270676906125,252.06118037290005,172.47081427274577,288.02265351701436,330.51983248722877,148.0483469725754,162.2619386133638,172.6764366926352,197.65749738626207,215.64431146111164,175.79002328876302,176.55402222755535,191.21451127101417,191.59557271937757,-9.770426229503297,-14.094310245994475,7.817937355438976,-0.4638398463366193,-4.417708161936053,-5.380756489259077,-3.727654914438849,-1.3445567793269262,1.4993815164804942,-0.8161107021072016,0.4602347554825033,0.5175201184392827,2.1280180013888557,0.16693025715207346,2.9884356043654425,-2.3026493843935896,-1290.196278907089,697.7700642124026,217.96498224684723,192.71975873623066,100.19365192127293,501.5305263048635,607.8784584547972,-49.36278117351576,24.07363238129004,-62.50644275266097,-138.72238537098386,-20.556516538068433,-70.46578431587004,156.8626991932375,-378.29708519860367,226.46036123023623
233,swing,-,1.170854271356784,0.36019105662710377,0.18951120710148744,1.9190255313282933,330.1700102423172,0.020831945651107936,-0.042453500750208185,-11.051166262765634,-389.1382622127613,0.3604049916897533,0.00931380224491296,-8.303410998469305,1596.5985136732827,0.010155944446814266,-0.01394245689877959,-3.771347968616187,-199.34177495855155,0.37044233881968036,0.001141157331259183,-0.95183066775515,1061.6149668684377,0.004102276743612271,-0.07635208771176791,18.726612599231334,-910.4191010826139,0.3753919528443388,0.0,-8.848277845286349,1467.4388394236337,0.003127125375021522,-0.054601365344214725,12.266530362449126,-1424.4291153339575,0.32650627698034657,0.1551333717227573,-3.2062453516976666,674.6206657610387,0.025256610648851846,-0.013677881642933445,-1.2460924913196219,152.01616394779083,0.32133489269169946,0.14859148959601953,0.8540244455953248,713.0628205391005,0.010205898586752651,-0.03644735997783436,3.519150315309417,685.1633614579617,0.3101963212614902,0.12534464594185693,3.1648369702852426,720.2217863173331,0.012185990229508323,0.026329474926896575,-0.5314700175368127,-97.74598326937638,0.3132198951772684,0.15478688170798885,1.818596153785153,-1983.6860304808326,0.003433019962566175,-0.03618372627094191,-3.600280763958624,1120.9094737896003,0.31722659760502964,0.191618393658717,9.400452053529374,-2794.979555930379,0.0011433810900956937,-0.06528135512020584,-6.49549483446031,1410.6238701287036,0.3870506188832416,0.18437788220871745,5.416066394119362,-768.2465150799474,0.015113677556918295,-0.07073763130391872,-9.461815152681147,-41.88181411685679,0.36309042178348977,0.1807096074871032,9.462470941526977,466.8242267909588,0.030220683837334117,0.0,-5.69608823131544,-926.8809937446189,0.34847406186712115,0.18416697524320239,10.129501881921946,-492.8127640172076,0.03492073534397874,-0.025168545067618283,-6.791817708683575,-323.19747586450865,0.3311927493638975,0.1530770288089964,0.13640407994631998,797.4416723944361,0.0371201085333895,-0.00635639698295839,-1.6922162747692995,-333.9545676719968,0.3177475060148285,0.16305744771277067,0.5218205530900514,515.2404614944793,0.03281890473355735,-0.003559055043043353,-0.12403777599479762,101.89408192993032,0.3035567262253,0.17845365619527145,-0.5073931984801486,92.86148057685428,0.022571190017918963,-0.00022785484667174326,2.166351610350894,113.10793066857981,0.3035567262253,0.17845365619527145,-0.5073931984801486,92.86148057685428,0.022571190017918963,-0.00022785484667174326,2.166351610350894,113.10793066857981,0.36660758499521906,0.009554323054138999,0.31769679674316686,0.010444980103554938,0.34185201402297977,0.028794216670516164,0.3035567262253,0.022571190017918963,91.14798936765112,122.24276925522172,160.05064390812703,168.8545762043024,71.037416161804,98.88247866751459,60.863239740298134,138.8025564646463,150.25409862437417,32.23160583419623,165.59416059304783,169.42721094751232,155.00727616346708,161.90522950173022,35.83451696004634,3.5751598534529947,179.7137388370462,165.6406499666864,179.04295487189313,12.027496470921283,-15.221650405685544,-7.827036116580658,-13.33511047167209,5.940496182567204,0.023504376855788517,-3.7536397078660344,-0.26369470383518856,-2.258251322795623,-1.2081893043795227,1.635381455335911,-2.8773128657643583,2.598411234346285,-1.2677762359258011,-0.20056119570127695,0.11185760770929586,-1.4806557728017355,-0.25958577318546733,1.756824551069596,0.37532711800541074,-0.3919101230878486,-929.0554645264031,-2213.1540615703047,2093.868183117367,-809.7695860734588,71.63818655892324,145.90177035366645,173.3706230426848,-320.6027930299109,364.7721268998136,87.80007907704393,-1.217388974879146,-3.1149672222964755,135.24753940555667,-113.5724751714349,-105.14278711399446,112.89770504753258,-412.10935991743065,887.3604847759707,-938.6343302432075,350.4855003371242,271.1479893676511,328.9052201124294,348.8545762043024,251.037416161804,169.91989482931862,289.05665508902047,330.2540986243742,147.76839416580378,162.17423357275595,172.74702262524363,197.73974646177658,215.83451696004633,176.424840146547,176.7111013095008,191.0704513428144,192.02749647092128,-15.221650405685455,-7.394614289104931,5.940496182567159,0.02350437685574433,-3.730135331010224,-3.4664406271751016,-1.2081893043795227,-1.635381455335944,1.2419314104284143,-1.3564798239177382,-0.08870358799198111,0.11185760770925167,1.4806557728017347,1.740241545987202,-0.01658300508243789,-0.3919101230878928,-929.0554645264028,1284.0985970438994,-809.7695860734588,71.63818655891885,217.53995691259414,44.16933386990705,364.77212689982684,-87.80007907704065,-86.5826901021747,-83.4677228798782,-218.71526228542606,-105.14278711399557,-112.89770504753258,299.21165486988923,-588.1488299060816,350.48550033713053
234,swing,-,1.1758793969849246,0.3612865464684349,0.2014914759818202,1.9164023759444286,380.32005697026483,0.020413301759269697,-0.11186543112803571,-8.1350606333165,1020.9542784244808,0.3604095716866713,0.0031071115455158517,0.0708251953573029,924.662460078841,0.010094786347473142,-0.04576022067379576,-3.3907093856350454,622.0097245467982,0.37045380773758246,0.0,-0.838660249777332,33.85594232638616,0.0040080745342759155,-0.023384309801329217,3.7652585007613864,-2076.2492208167496,0.3753919528443388,-0.015874515350718207,-1.8942929234255268,898.785781692872,0.0030230818499935724,-0.028973344387442455,0.14633459675506885,-1726.8394900453475,0.3270347556329851,0.1561653093754373,2.821765719761475,558.0264679037663,0.025124945200262594,-0.013100712134630238,-1.649964736269676,-159.99542788819312,0.32221145111010685,0.17291734835052633,4.399031578257113,495.01265454297237,0.010200476400318723,-0.0005395075501758991,3.626512317794423,-38.171829247364045,0.31088591360736445,0.1668198773296964,5.296338087682148,-537.5003707111742,0.012297424204108523,0.01615603848771963,-2.115481132733631,255.65337947222247,0.3139798150791233,0.11645830692167727,-6.426355953279607,-414.6234346576594,0.003069364422154705,-0.036183726270940304,3.6002807639586245,868.3415339952315,0.31840017450125213,0.16932439754516843,-9.024216624227806,-1978.9133866283616,0.00048728706878710393,-0.06528135512020296,6.49549483446031,1386.5555763272628,0.3881182502309227,0.1849767073429384,-1.4929501497387254,-230.1682070272108,0.014557075452130294,-0.11178257482015697,-7.326660354570703,480.5455778658778,0.36410710539685975,0.21864273171305645,6.00815003783999,-750.3118143540595,0.030220683837334117,-0.05304686802250346,-11.40735329020723,78.86048240115348,0.3494483521205889,0.19626022999791687,2.0513075099570277,-1182.9072360176501,0.03466778514229414,-0.06825947445913019,-6.197391961940926,888.6439135069927,0.3320229400449118,0.17268007801432467,4.053524540592636,558.6230483851889,0.0370562251466261,-0.017007198741399693,-5.3742832762232355,-396.1387613006299,0.3186111950204084,0.18547761138602836,2.6250290659933277,-27.722349250605294,0.03278313533613983,-0.0035590550430431955,0.9000233489291071,101.89408192992823,0.30447863039831713,0.19162404295242788,-1.1761104530508926,-495.2550153633669,0.022571190017918963,0.016256784225711494,1.6402215877021602,-27.731670820755532,0.30447863039831713,0.19162404295242788,-1.1761104530508926,-495.2550153633669,0.022571190017918963,0.016256784225711494,1.6402215877021602,-27.731670820755532,0.3668854696842569,0.009384811122753082,0.3185024219861664,0.01023589945912633,0.3427977455353348,0.028642682488740575,0.30447863039831713,0.022571190017918963,85.14208301268363,116.35754873760479,160.06505160813404,168.71948266694477,72.09015388342311,97.42019822778578,60.97553975265162,138.82541830456861,149.70939405398863,33.118316082093614,163.75817686833417,170.92820451490365,154.5230053319592,161.82107652745592,35.85122067525341,3.5056742259395355,179.03636725260296,167.1441275493621,177.91461837007355,12.399212602021834,-19.107667079014764,-17.91887037114968,-0.8683462635708826,-0.320450444294134,0.2561419281248639,-2.4875188648087754,2.7054666493600266,-4.875240198236449,-0.061603387807532974,2.226969634372545,-2.856173360881494,2.28418601534858,0.08292629522989173,-1.1987172742274175,-0.5391913098420719,-0.9933676994036238,-2.1807148679985837,6.0966904796806505,-4.142425867956499,1.2198179556779951,-690.9460674875066,-1387.0419593666672,1700.5129754804161,-1004.4170836012573,78.10423840804424,270.8636426539559,713.7954820129793,-396.92051581289246,32.09291486191995,60.002756787615695,123.48942764586005,-218.20408560156633,407.4423788266537,-194.1476511692377,-178.5828264893364,33.49110054816338,-163.32007826198935,381.0618432934349,-405.6360231650259,154.40315758542292,265.14208301268366,328.78453427507884,348.7194826669448,252.09015388342308,169.5103521112089,288.53481235855725,329.7093940539886,146.8816839179064,163.12350704957223,172.19530253466857,197.67229720270933,215.85122067525342,176.49432577406046,177.4579585214575,190.31383097209536,192.39921260202183,-19.107667079014718,-1.188796707865061,-0.320450444294134,0.2561419281248639,-2.2313769366838896,-4.936843586043938,-0.06160338780748879,-2.226969634372545,0.6292037265089048,-1.6549822888396308,-1.7379085840694783,-0.5391913098420609,0.9933676994036238,3.1740825674021633,-2.9226079122784876,1.2198179556780118,-690.9460674875177,696.0958918791719,-1004.4170836012529,78.10423840805743,348.9678810619935,-364.8276009509725,32.09291486191995,-60.00275678760909,-183.49218443347354,34.71190116807961,-372.7304776585653,-178.58282648932763,-33.49110054816177,129.82897771382318,-251.232865579603,154.40315758542732
235,swing,-,1.1809045226130652,0.3622160965867201,0.20877153248786412,5.741337661682815,277.5590690279395,0.019707669961378904,-0.12421290410012494,-0.7903192434238465,675.4689286332964,0.36043621894146705,0.010025613253529088,0.9896790525745699,114.65531129238668,0.009696042731499724,-0.048019938161444266,2.480006046929689,671.9453751642375,0.37044233881968036,-0.007287588897658949,-0.6115699408567876,190.1227422049723,0.003867258554654182,-0.03851029373426554,-2.140213740636047,-412.85233635321464,0.3752324099764924,-0.019038119833422882,0.18474508630054395,269.5052325275417,0.002835935984192947,-0.05313066587933962,-5.0886403917759315,-201.4204850737992,0.32807577757708467,0.1834928261927226,2.402060858390585,-213.87410262571612,0.025124945200262594,-0.030260441806448216,-2.8540867414522584,-6.953891237723935,0.32307275548919223,0.19280286224182083,5.829025998791159,-219.20604067919768,0.010200476400318723,0.0,3.135513840461527,-2.6380043167345515,0.31187290294319575,0.1785741744612769,-2.2371768057066013,-1400.9760451541513,0.012348362475616062,0.005068358015000225,2.0379106806765463,1333.7209174325337,0.3143903304227124,0.09020038971522727,-2.3484735412668103,348.2352129484578,0.003069364422154705,0.0,5.1267698289585075,157.73960794242,0.3189283503441771,0.10092274919411352,-10.488124696504936,182.72141560608247,0.00048728706878710393,0.0,7.439737088427122,-458.1644882388404,0.3889096812685978,0.16937335809073992,3.1028180822880365,802.4007476470736,0.013990234593901613,-0.14437240873679205,-4.6322113550340065,767.9482248392145,0.36528783617256577,0.24109302495283336,1.9216486867121094,-752.3625597594729,0.029687549485349143,-0.11464676673575408,-4.903520568992269,1296.3787079173255,0.35044652649021585,0.20478313112216803,-1.7590130529291232,-428.94136621443675,0.03423471047504274,-0.08745389141878501,2.1392768994271396,1061.4471786079314,0.33292822753489576,0.19381596891545613,5.750706073767462,-5.518369454246022,0.036949181912872914,-0.06036929423143455,-5.673510358192821,651.7455329227565,0.31961160261167304,0.18943964938104602,0.24320397770707622,-623.2774580701954,0.03278313533613983,0.005486405750214245,0.9000233489291313,-198.18590027556633,0.3054825960037164,0.16663345063697071,-5.4848305388156255,-326.2176645522891,0.02273457478400652,0.016256784225712213,1.8876413508458059,126.008983581437,0.3054825960037164,0.16663345063697071,-5.4848305388156255,-326.2176645522891,0.02273457478400652,0.016256784225712213,1.8876413508458059,126.008983581437,0.36708176608109,0.00902672680793144,0.31926802335527243,0.010246087113427838,0.34377774501361075,0.028396564431218796,0.3054825960037164,0.02273457478400652,79.919220027198,110.14095774222328,161.92880222386444,167.84946006111025,71.4676743039307,97.67606457718693,63.96455988989704,134.81852125842585,150.36065773279472,33.60504545176596,163.42925561395992,171.7736695021996,153.8199705155617,161.95159151784637,35.420467398666496,3.0287722654832594,177.77483030343808,170.32226577665526,176.31827497800563,12.555856676417783,-22.16583198847474,-21.767156311220898,3.755472196473246,-4.154147873727107,0.8084715970371584,-1.0313920430020846,6.910129235993939,-6.247402235488115,-0.8856474464707709,2.2384242371210092,-1.6362130904290486,0.4054053489033492,2.8271220437391684,-2.151793870769044,-1.6829446685654894,-1.1440617974433007,-1.900993594914047,5.58659182035045,-3.701416833401993,1.1598804054089051,-544.6932339025283,-475.75077403365697,472.71168457690044,-541.6541444457828,24.812320742127355,72.42918323549617,236.77673650099075,238.5013102963938,-378.03654281975224,-44.16917440849647,293.99356110580067,-400.2713100979733,480.00412296337913,-126.979662698798,-202.5775368639143,-25.649475989416707,131.4591404739941,-301.39597501158624,225.67898408379315,-30.09267355678124,259.919220027198,329.7782622849747,347.8494600611103,251.4676743039307,169.14373888111768,285.17917899122057,330.3606577327947,146.39495454823404,162.96569893427414,171.19202943207455,197.37205891651286,215.4204673986665,176.97122773451673,179.19639743107868,188.8741316544234,192.5558566764178,-22.16583198847476,-0.3986756772537725,-4.154147873727107,0.8084715970372468,-0.22292044596497027,-7.133049681958842,-0.8856474464707709,-2.238424237120976,-0.6022111466919715,-1.0076164955953208,-3.834738539334445,-1.6829446685654452,1.144061797443316,3.0450553923573187,-2.5415364279930874,1.1598804054089051,-544.6932339025395,-68.94245986888231,-541.6541444457828,24.812320742125156,97.24150397762355,-139.53523252336282,-378.0365428197567,44.16917440849647,-249.82438669729981,150.4469234006691,-329.55719956270576,-202.57753686391646,25.64947598941677,-105.80966448457293,195.58631052701335,-30.092673556784266
236,swing,-,1.185929648241206,0.3633847528250968,0.25919336202888266,4.705940758134726,-1251.7004227933505,0.019164930863791077,-0.11980833809711945,-1.3464281847407782,498.228596201105,0.3605103316188676,0.01305363468696864,1.2231398817129275,499.71072583495794,0.00961217390363954,-0.02083553678505561,3.362510465261694,-287.30943127295467,0.3703805656381085,-0.0061464315663997664,1.072121078915823,114.72988385273295,0.003621036406293354,-0.044893995636866996,-0.3840112113311491,8.622452272023489,0.3752006149565657,-0.01401778081503438,0.8143023783587636,120.39739842713847,0.002489105308492681,-0.08011545887765191,-1.8779918863986562,1023.5456748912178,0.3288789046399471,0.18030662453514124,0.6722772511613513,-112.5672796072932,0.024820820156981713,-0.0417850009934464,-1.719853090417654,341.0482824600874,0.3241491683185673,0.23150052421777312,2.1959557925365725,-1047.8563295133054,0.010200476400318723,0.030973194364009745,3.5999997115960864,-435.60628878130325,0.3126806289285833,0.1443356883276204,-8.783823170148267,-14.653508077507174,0.012348362475616062,0.03663755286637802,11.288749193221244,341.29064328066323,0.31488635165917583,0.09285555776321729,-2.9265045668630085,-21.570113035161825,0.003069364422154705,0.015341598643214641,5.18560345684724,-279.6657438534768,0.3194144734881276,0.06391610913808551,-7.187820487483291,1383.0972738484397,0.00048728706878710393,0.009489871899163763,1.8908266109544574,-677.6222113087473,0.38982049503585475,0.21616080867246584,6.571378972342273,-452.95373059558466,0.013106096469851003,-0.15833746281044767,0.39141225687855224,846.2028051888287,0.3665301508737726,0.237955783840816,-1.5532827235616136,-541.1730693006316,0.029068455025919523,-0.10232848178121885,1.621578447655108,655.3250158118499,0.35150647404141466,0.17858170685290087,-2.2596609947106012,547.1015878357107,0.033788851560195815,-0.04675920411312917,4.4704188783396015,-266.5502948299659,0.3339708392299917,0.2304761189567102,3.998063541052476,-857.509869627756,0.03644949857143581,-0.07402740334635165,1.1759230848093765,740.421628558975,0.32051511109458974,0.1879218724685115,-3.639065989988424,-353.32479018155584,0.03283827509242339,0.005486405750214245,-1.09179474429263,-314.5004510323048,0.3061533384449198,0.1365001179392065,-4.454679946038664,522.4180704126276,0.02273457478400652,0.03522805408345795,2.906643533244218,-281.31566174768113,0.3061533384449198,0.1365001179392065,-4.454679946038664,522.4180704126276,0.02273457478400652,0.03522805408345795,2.906643533244218,-281.31566174768113,0.36736906625965965,0.008721811620554163,0.3200019054068802,0.01018526210477166,0.34474940145342386,0.027997625250638675,0.3061533384449198,0.02273457478400652,73.25347754714025,104.51082722624048,161.95840905692225,166.78424126397746,72.07341021382562,97.31883193752844,66.02056384095862,133.06482545797147,150.30685285242396,34.42532781648833,163.0172426105746,171.18499969676336,156.34950103650948,159.89602670372798,35.12690213593624,3.040310730951966,177.4077008031249,171.18999464858138,175.1875324401051,13.17446137723666,-24.581970937331533,-22.700285185558208,3.8825249382069273,-5.764210689980296,0.5055119858346822,-1.7595873750048068,5.085132342837278,-2.4782421048053984,-3.8609656272019603,1.7830583337846488,0.09853579596067116,-1.7386412218169094,4.907088335062762,-2.4748947887881787,-2.5751464542029834,-1.2511513776892143,-0.859517476300174,3.0675852031823503,-1.8742953746520852,0.9173790254590936,21.229326434426305,385.4411237990042,-565.4812825945482,201.26948522997904,-86.46959845569576,-162.9675716008105,-419.20032205916556,518.2091729795122,-348.4460209768508,-87.63409660370384,255.4711487471227,-312.94940167911034,225.53899118316764,55.90595335811372,-136.33259500558216,95.15511327210675,47.1258394394918,-475.3513099731806,337.42187458335354,-4.351517321769921,253.25347754714025,328.74265032089977,346.78424126397755,252.07341021382564,169.39224215135408,283.37167831039545,330.30685285242396,145.57467218351167,162.55742957293702,171.3724298761737,195.02292883966422,215.12690213593623,176.95968926904803,179.55198846592313,188.36199381734176,193.17446137723667,-24.5819709373316,-1.8816857517734136,-5.764210689980296,0.5055119858346601,-1.2540753891701024,-6.339207732007359,-3.8609656272019603,-1.7830583337846488,-1.88159412974532,-0.1429529079284105,-5.050041242991085,-2.5751464542029945,1.251151377689215,2.110668853989389,-0.9569163491929612,0.9173790254590798,21.229326434433023,-364.2117973645823,201.26948522997904,-86.46959845570674,-249.4371700564997,169.76315200265702,-348.44602097684196,87.63409660369723,-167.8370521434167,145.11234953568928,-80.42664164747832,-136.33259500558765,-95.15511327210828,-142.28095271159566,333.070357261585,-4.351517321768552
237,swing,-,1.1909547738693467,0.36482105499907064,0.2560674195042927,-6.8385660849838015,-1160.4236091201662,0.018503566060905363,-0.1377448456553084,4.217003331461542,1293.5356290598663,0.3605674112498788,0.02231847638632211,6.011897402674561,1673.2591055487023,0.009486640351750425,-0.014225863133689147,-0.40752592566276946,-692.527401776707,0.3703805656381085,0.0034874973226003882,0.5414942184671411,-182.70277246603692,0.0034160626186052756,-0.042369702893372496,-2.053555928856918,-309.1871561188036,0.3750915277572458,-0.010854176332329926,1.394769191095884,26.435972587453573,0.002030755492960279,-0.07200495619490367,5.198250813160748,751.0202536758859,0.3298879044568348,0.19024938148077628,1.2707314151012261,-687.3352872733818,0.024704995441534497,-0.0475453974890374,0.5735341877947905,641.8367039873905,0.32539939392354167,0.21487276970449956,-4.702193393302175,-366.15127053406206,0.010511764785886654,0.03618090162408063,-1.2424388106067692,-529.1202792598302,0.31332351287613663,0.09029454461054212,-2.384448243671495,1597.828960916316,0.012716579087338448,0.11852312377601573,5.467967397065061,-1953.3163553431277,0.3153235521087749,0.06078828351559957,-2.5652585968965735,1125.5236509512931,0.0032235513431920354,0.05211661765675525,2.3160588354562783,-25.54110186515554,0.31957072330033875,0.028683347309860628,3.412350417549487,1393.2018557542283,0.0005826626657636225,0.019003282522155013,0.6294636079373201,-213.41734569446515,0.39108215170751703,0.2354173678630229,-1.4494807176675077,-1049.1613493165582,0.012398903309374529,-0.1404386172103745,3.8723394508837186,313.801333280481,0.3676793515880513,0.22548214330899832,-3.5172766328921314,-99.66622669413088,0.028659122532774098,-0.09834949590504977,1.6826604944432924,529.4651773506379,0.35224131751386306,0.18207297037130812,3.739495367530183,788.4929651716182,0.033764768725162056,-0.042525058470649114,-0.5396205360498567,-172.6727631205241,0.33524457043898326,0.23399751204161096,-2.867483570732445,-1190.1780606361108,0.036205187909392006,-0.048550971771039016,1.767913044409811,-91.8267863043032,0.3215002646465324,0.15286612184347456,-3.307798938690407,514.8489555535791,0.03283827509242339,-0.005486405750214003,-2.260785204159303,-129.84014886127304,0.30685445648551746,0.12186279791296484,-0.23439767034709985,557.8027502231255,0.023088625578815136,0.045469282047261625,-0.9396517320454119,-480.881154386769,0.30685445648551746,0.12186279791296484,-0.23439767034709985,557.8027502231255,0.023088625578815136,0.045469282047261625,-0.9396517320454119,-480.881154386769,0.3677151399110759,0.008359256131055336,0.3207010173331254,0.01034791066474305,0.3457670187300774,0.0278258138579902,0.30685445648551746,0.023088625578815136,64.74487757684315,96.48649010423956,164.64490576396113,163.61348170864244,72.45080336003753,97.20210391996102,67.75553950462646,133.77069360227682,148.12667417309524,34.79149645799716,163.508518836768,169.87075794105536,158.064664718454,160.11303187287984,33.651530172845604,2.0641440772149093,178.0584180542637,171.24568135495605,175.3758027283156,13.255953785249734,-21.952471923807142,-17.893376172537508,-1.9277567743261326,-2.1313389769434337,-0.060569593472331214,-2.6692570842162313,2.6970606725853146,-1.0392698437343162,-4.387617506539561,1.3576795476365642,0.93133614321033,-2.7398147684745884,5.0938455732182,-1.5899249927980619,-3.0531215027924214,-0.18772900073872725,-1.4273670678839872,0.8091917201175637,-0.31024221447387634,1.1161465629790575,1237.4332425074801,1817.0447299811424,-1608.5247168062656,1028.91322933261,35.25729572132106,-228.72796272892714,-454.3134893670561,797.0317672625453,-536.188944903093,-36.33470259960014,56.75991340538733,-122.82970554422971,-116.19700323528825,288.578466804319,-69.97696883059375,309.422790645903,-266.55035842514025,-376.3754929431338,268.23507089727434,65.26798982509666,244.74487757684318,328.2583874726036,343.6134817086425,252.45080336003753,169.65290727999854,281.89736777537206,328.12667417309524,145.20850354200283,161.69998470523484,171.8292267641795,193.76456204572546,213.6515301728456,177.9358559227851,179.87743786852135,188.63175651356534,193.25595378524974,-21.952471923807096,-4.05909575126961,-2.1313389769434337,-0.06056959347235331,-2.7298266776885405,-5.426887350273877,-4.387617506539472,-1.3576795476365973,-2.2890156908468833,0.4507990776276612,-4.643046495590494,-3.0531215027924326,0.18772900073872725,1.6150960686227145,0.8059043485051949,1.1161465629790712,1237.433242507489,-579.6114874736469,1028.9132293326054,35.25729572132106,-193.47066700760607,260.84282235944784,-536.1889449030886,36.33470259960235,-20.425210805789362,102.40449473843591,218.60149797371108,-69.97696883059484,-309.42279064590304,-42.87243222076279,333.5030607223754,65.26798982510105
238,swing,-,1.1959798994974875,0.3659582947296626,0.19046405464210897,-6.956608077244139,729.24506610049,0.01778056055569749,-0.07742639506735409,11.653929896263246,138.72360509392544,0.3607346379142075,0.07347471411083517,18.03981430933852,651.6150309422322,0.00946920040480849,-0.02493127473141521,-3.5975639244541386,-68.2711788541624,0.37041561586245625,-0.0007042786169811202,-0.7640876895871092,-152.65003070951173,0.003195210246560956,-0.06553274869070591,-3.4914198155403127,332.37922233793535,0.3750915277572458,0.0,1.0799905450668468,-131.28499221488582,0.0017654374070363438,-0.02787173211221587,5.669950361600396,-387.4790227484961,0.3307909587251811,0.19307779453615892,-6.235615083244679,-1005.4618290451507,0.024342976966137103,-0.036020838302041315,4.730767050159305,484.870786356986,0.3263086936422307,0.18424229915945856,-1.4839564741375155,-261.45139602703557,0.010564103552319543,0.018486372146855955,-1.7177920397591313,399.98856972042745,0.31358811178899076,0.12037138437112233,7.274759351624178,456.5518566248006,0.013539549649244392,0.09159199906803837,-8.342570960981563,-1105.2678792896993,0.3154972891819457,0.06707406432707014,8.385290920084959,1740.0574763392026,0.003593149524232661,0.03861857186388137,4.928908965740142,598.7057994873961,0.3197027483354629,0.09821108820893554,6.8142082135646005,-425.84660496639657,0.0006782748328288679,0.01581613931561941,-0.2540713357236411,39.178558809975726,0.3921864987329706,0.2015931632687719,-3.972956196668642,134.60347114336162,0.011694653080801976,-0.11941947837945449,3.54519450090357,-25.326705754591874,0.36879630306783295,0.2026062699424017,-2.5549533436031564,154.99906635532818,0.028080017881145128,-0.08541732103304461,6.942836511480755,517.1420617793272,0.35333635314062384,0.21616457486828058,5.664891419074715,-345.8302478823165,0.03336146403787772,-0.05218252608347963,2.7350142238619264,378.2227037148671,0.3363225730193547,0.20165718859758938,-7.963525008054482,-260.10908994360994,0.03596154910640023,-0.05625943305077519,0.2530408103942446,168.00265653856337,0.32205145402769003,0.15467766202941105,1.5352953723592415,247.80461751231087,0.03278313533613983,-0.017235053588070808,-2.3967208635014385,160.01407102818465,0.3073780901827386,0.13414436245833106,1.1513778451486754,53.95324729765646,0.023191552493024237,0.0257843180830013,-1.9263328927535885,-57.16918895584396,0.3073780901827386,0.13414436245833106,1.1513778451486754,53.95324729765646,0.023191552493024237,0.0257843180830013,-1.9263328927535885,-57.16918895584396,0.368050019065893,0.00805260215352582,0.3211775603347622,0.010543610904952514,0.34667854536186843,0.02751206198923152,0.3073780901827386,0.023191552493024237,57.85080173975241,90.79702537430786,164.05605237397333,162.99772399147122,71.9803023131938,94.85445244464157,65.96918189199386,135.59205561246742,145.27351725337408,35.01211785429921,163.8491353110389,169.8275943444627,158.75535991189003,159.38422834921195,33.17156422909721,2.308924721537458,177.26795365826771,171.51999896922595,175.6192248550866,13.283897795882236,-12.145455937256028,-4.43852910534524,-12.283552617635365,4.576625785724599,0.8598566664509836,-4.058360869767954,0.5191676255803127,5.532127415421399,-9.249799244318615,1.4178854433363965,0.6689871869696041,-2.973110624271512,3.739279257321141,0.42539130974776773,-3.2784325731034416,1.858625412721953,-3.53841555092477,-0.7150830676030138,0.8215344836120496,1.5733387221937507,1900.945508579891,2636.7546282718617,-1889.6881900552016,1153.8790703632203,90.25853857024123,20.86181061285356,-508.1969959152954,1810.213199045245,-1190.8958539468504,22.380156891656398,-105.26255406255532,13.737471286184261,-256.0895929411262,299.7447217212882,25.489797104541637,376.11612625020877,-332.40389525995846,-356.98868650101633,290.06800531762326,23.208450193143786,237.85080173975243,327.05377636544455,342.9977239914713,251.98030231319376,166.83475475783538,280.8655728658415,325.2735172533741,144.98788214570078,161.1387468346619,171.3111524901992,192.55579257830917,213.1715642290972,177.69107527846253,180.42312162019482,188.90312265096884,193.28389779588224,-12.145455937256006,-7.706926831910722,4.576625785724555,0.8598566664509615,-3.1985042033169484,-3.717671828897261,-9.24979924431857,-1.4178854433363743,-2.0868726303060225,0.886237993965445,-2.85304126335574,-3.278432573103464,-1.858625412721953,1.6797901382028169,2.394873205805875,1.5733387221937811,1900.9455085798754,-735.8091196919772,1153.8790703632292,90.25853857024563,111.1203491830882,619.3173450983946,-1190.8958539468592,-22.380156891649815,82.88239717089235,69.14492588471246,325.23451882582543,25.489797104541637,-376.1161262502088,-43.712230990246,313.2764555107747,23.20845019314268
239,swing,-,1.2010050251256281,0.3667352666035139,0.18615176043651363,0.49053005672953515,916.4221921779094,0.01772541133661036,-0.02061992207477534,5.611210417832627,-1031.347829001068,0.3613058505876761,0.20362314281183166,12.560792186013462,-2417.7169739277692,0.009236074776560327,-0.050382284484986384,-1.0936684267096155,770.2599742050064,0.3703734874610534,-0.004191775939581477,-0.9926769444424973,11.782464509959,0.0027574420287489465,-0.0774593492807117,1.2869387680066944,827.643559271404,0.3750915277572458,0.0,0.07532203315735644,55.29555338108674,0.0017506375822847475,-0.015020530450177086,1.303989278000053,-614.7855077783965,0.33182838480393184,0.12757988315671026,-8.834412595402622,1457.3715437980534,0.024342976966137103,0.0,5.446607417513157,-285.38918784805117,0.32725107532212916,0.19995863428603233,-7.32984561467937,-556.2367264589366,0.010697557470779676,0.018916660018461526,2.777546814724088,387.2086972178142,0.3145332755331328,0.16340770392334664,2.2040126269294347,-461.19399849640405,0.01363710169103731,0.03467818949479548,-5.640252495293528,585.114950392713,0.3159976633080419,0.145062564119467,14.922756240683041,387.57223844897925,0.003611677693582796,0.10165339118178092,8.333202548897338,-1079.3725577635762,0.32055776941299136,0.09716785196880011,-0.8675149589971365,-594.7907400772967,0.0007416188397899454,0.01644980176111344,1.0232179678365667,547.2880192362327,0.3931082136499167,0.19548815985630358,-0.09668201270912374,518.4284384427029,0.011198707546766967,-0.1048085217239071,3.6177996945561666,134.77125940379383,0.3697155955070704,0.19980422025771077,-1.9594970715320768,289.37881981829554,0.027800656994753564,-0.028572244533385124,6.88006815051684,-812.0578941916381,0.3544138258039965,0.23900655247256053,0.26381448429088306,-861.9096506786223,0.03324032122683564,-0.015037478331333757,3.2616126671145693,-548.5184664793702,0.3372712758520243,0.1539620848249844,-5.481645278708378,1374.8942922275974,0.03563976647169578,-0.04600784804848384,3.4563819543450913,188.85500868178187,0.32305481401366215,0.16829622608829078,-0.8173002702250155,206.11855636586418,0.032665058473447806,-0.029574052619574766,-0.6526035857856166,304.29333185629423,0.30820264103283734,0.1334344345476247,0.3078460210866238,549.2269058011435,0.023347764454021175,0.026109152471849018,-1.5142164451694615,-66.81701393044399,0.30820264103283734,0.1334344345476247,0.3078460210866238,549.2269058011435,0.023347764454021175,0.026109152471849018,-1.5142164451694615,-66.81701393044399,0.3683765331023723,0.007867391431051095,0.3220336336760454,0.010606186532265366,0.3476277276432513,0.027315379194586823,0.30820264103283734,0.023347764454021175,57.39876042412501,92.9437565008983,156.50093798932656,167.95406593390013,71.4561475692021,95.5292732551696,68.67514365684748,130.49594107917025,147.81433608835397,35.36366168563773,164.2062562897955,168.39801486813207,160.21378559505973,159.71677705337646,32.101504507998506,3.435854372348893,175.44878522299723,171.39014900514636,175.3506357434418,14.374575656065707,-2.8474919380799344,8.606670342757111,-20.919597880408226,9.465435599571137,0.8465513971833434,-2.4595906458960988,-2.41044682405073,17.153827634107017,-16.356420058769,1.582605747552705,-0.1265789729962374,-2.6017497304224877,2.520080820041098,1.4225847732449823,-2.7969426374201483,3.5923325696150625,-4.768109733813159,-2.7786342748674615,2.605014120376557,1.3493973186890411,1161.741446382606,1733.7887835813303,-895.5804297116257,323.533092512904,-146.25068475303004,498.5125132927268,-600.550779831532,2438.692855601458,-1485.8802472302361,-6.10122288917991,-130.10194137689015,156.9170906778609,-272.7425765409376,156.17534603394796,95.85330409521194,139.15672495791804,12.000757988602391,-321.8462219551887,265.2637409255674,-94.57500191688872,237.39876042412502,324.45500392322674,347.95406593390015,251.45614756920213,166.98542082437174,278.31027716752425,327.8143360883539,144.63633831436226,160.43008202456676,172.03206715643472,191.81828156137496,212.1015045079985,176.5641456276511,181.11536040465387,189.72521139950751,194.3745756560657,-2.847491938080045,-11.454162280837089,9.465435599571226,0.8465513971833655,-1.6130392487127996,0.797407575338019,-16.356420058769,-1.5826057475526718,-1.4560267745565227,1.145722955865965,-1.374357864175221,-2.7969426374201594,-3.592332569615063,1.1757771641981394,3.954411439065689,1.3493973186890438,1161.741446382604,-572.0473371987306,323.533092512904,-146.25068475302126,352.2618285396902,952.8126083712178,-1485.8802472302448,6.101222889175491,136.20316426607005,-20.713926411777663,252.0286501291643,95.85330409521636,-139.1567249579195,-151.15748294652187,170.6887390086624,-94.57500191689175
240,-,-,1.2060301507537687,0.36782916669384874,0.1953940049609989,2.2536652109762993,268.7222206453084,0.017573325157961048,-0.021032320516270922,1.288625082181887,-384.95287727208347,0.36278110166106015,0.19971383155821,-6.258848745212562,-1514.233120943036,0.008962845786868914,-0.03592291721090912,4.143742348963216,524.7298197786643,0.3703734874610534,-0.01068093132494618,-0.6456709608437995,204.51524632183242,0.0024167243241417224,-0.05259869072078904,4.82660590578055,98.41713631111213,0.3750915277572458,0.0007570053583654114,1.635724749901904,214.4706831070366,0.0016144773020094344,-0.014766312232818003,-0.5087984602932009,-265.20798874656805,0.3320731686061531,0.10428972825070308,8.411335105680868,2331.660239468479,0.024342976966137103,0.018718934738293364,1.8625340064602227,-727.2595716853642,0.32831832815766826,0.1105755090621765,-7.074275333021448,2529.165665132258,0.010754220738434739,0.04640141551091788,2.1737526558973954,-659.6502243028842,0.3152304002706325,0.14252226504378054,2.6396437888461253,1534.740574995307,0.013888074166780034,0.03490604434146875,-2.462018695728011,215.62655779007773,0.3169552043992268,0.21705151398218003,12.280489296456713,-142.2658017030488,0.004614791646662647,0.12236935124978648,-5.919056438919203,-1846.537770720858,0.32067930966178254,0.08949234490243142,0.8364118308780439,2429.3875795977365,0.0008435994736440827,0.026099736982318843,5.246310767153214,805.3277206344875,0.39415120385715463,0.2006214847490822,1.237379868082279,-314.3606274820548,0.010641301103677253,-0.08305968245426593,4.899679520037212,165.88666014324133,0.3708043856834884,0.18291283203755618,0.35337650381697594,717.2761701898716,0.027792859644628687,-0.01627090746000921,-1.2185493597922055,-1120.611183548838,0.35573842904487074,0.21881597672045033,-2.9975171304594044,-836.9278430151548,0.03321033360238693,-0.01940249927830721,-2.7777341829660602,-531.665067876306,0.33786993065578674,0.14656527624876,5.854508079660429,1389.51051402483,0.03549915867375214,-0.02152192597192913,2.151081098653409,-404.8730724128447,0.32374287338536134,0.14646358896182274,3.6068386524182325,611.4577072796958,0.03248590867664661,-0.023793883595966625,0.6615035772654185,132.6179767283613,0.3087191397761821,0.1372382923184982,6.671246245160314,783.7576075994818,0.023453956035454887,0.010566062352654552,-2.5978606709490233,46.05787748749214,0.3087191397761821,0.1372382923184982,6.671246245160314,783.7576075994818,0.023453956035454887,0.010566062352654552,-2.5978606709490233,46.05787748749214,0.369018820893302,0.00764184314274528,0.32265128221909267,0.010888732598331721,0.34850432706714063,0.027180586289424418,0.3087191397761821,0.023453956035454887,59.61818669583227,100.3859532421771,148.8824053013849,170.34982815227025,74.55347780286692,91.98079980095076,65.99782744166961,145.89638861320643,134.64006154894167,36.30257520400985,163.4751878418191,167.52166164015122,160.66002598498847,161.02714966464112,31.0133996643902,4.879396169829844,173.90468205957396,169.8102131760317,176.6319092330823,14.773799361482183,-0.46966250627475403,12.986483794970097,-21.284360956445912,7.828214655201107,-0.6099994617202115,0.9518151432244076,-5.5165186038824805,30.041603351115093,-24.183269065728418,1.3565666203295617,-0.6385700127981706,-1.3960544365542753,0.9981478347990831,1.9949927774256782,-2.3150827832017886,3.257185462550312,-3.4178049178734864,-3.9497184641376593,3.4875017290952095,0.6228361903656983,-28.85725760487649,274.7285478261393,255.1939715391538,-558.7797769701629,-205.54717729241366,421.1688611879975,-437.58630436399403,470.3542618657702,182.85372639380114,-78.70126749214975,-76.60091870090795,330.4579447196794,-271.56752723682774,-67.13104127668812,163.54280998691615,-181.32461639762758,383.6876686269648,-71.09099325170234,-25.515344369954775,-105.7567146076896,239.61818669583224,319.23223345365517,350.3498281522703,254.55347780286692,166.5342776038177,280.53645016214807,314.6400615489417,143.69742479599014,160.22223695417102,172.7005753140198,192.0405493290313,211.0133996643902,175.12060383017015,181.2159217705962,191.4057085945645,194.7737993614822,-0.46966250627475403,-13.45614630124485,7.828214655201062,-0.6099994617201452,0.34181568150415204,5.858334285386588,-24.18326906572846,-1.3565666203295839,-0.7179966075314131,0.6780578290229504,-0.32009000577613256,-2.3150827832017664,-3.2571854625503267,0.16061945532315988,4.110337919460819,0.6228361903656983,-28.857257604858905,-303.58580543101357,-558.7797769701673,-205.54717729241588,215.62168389559042,653.207988259567,182.85372639380114,78.70126749214755,155.3021861930687,-175.15575852661073,96.41176871023899,163.54280998691834,181.3246163976276,-202.3630522293459,-131.27205897765674,-105.75671460768876
241,-,-,1.2110552763819096,0.368699025447343,0.20880166205436548,3.1912558923607275,-70.73207334053822,0.0175140312309192,-0.0076689162237013305,1.7423372794197969,-361.8260620430598,0.36331302477419075,0.14072014034738492,-2.6576311400469312,783.8694664396609,0.0088750404327321,-0.008736632736613093,4.179998103729128,-265.5435652674544,0.3702661414175866,-0.01068093132494618,1.0627526668321639,307.4999519445493,0.0022288119712535887,-0.02895074721256633,2.27605571585705,-562.4169273847949,0.3750991358512997,0.01643944472263191,2.230806285489344,-111.70969516507125,0.0016022324342162275,-0.020134082814932782,-1.3614176440759607,2.3863219261181694,0.3328765227763007,0.2121159143695818,14.599358655536454,-895.3554439243542,0.024531106963506882,0.018718934738293364,-1.8625340064602227,-513.7583318606856,0.32836238697099523,0.12886038973305422,18.088904788659452,3000.0540964534366,0.011163903355311505,0.04076342037923898,-3.852103680782168,-533.6412407213967,0.3159656601064371,0.18993678722833235,17.628541018841794,2255.8199457547144,0.013987916207031964,0.009934283005067168,-3.4731514119762026,-1127.4066080962075,0.31817908555911906,0.26848456709892926,13.492949188391119,3366.5409435082993,0.0048415204197112816,0.04216538677053371,-10.224966001060702,1339.1647143263806,0.32145718996477457,0.10557400102285065,23.548440614849028,10701.42339126089,0.001003927754185105,0.06917654313953676,9.116963903861423,-198.99687686771048,0.3951245099790532,0.2079241384299946,-3.2560853039860005,-768.4702327606182,0.010363936868834661,-0.0555655114722777,5.285002309061075,-360.1015715886544,0.3715539154270458,0.2033557429091376,5.249308659019268,39.448884340528515,0.02763713028661277,-0.040818971767477424,-4.382355804747663,50.37376440853084,0.3566129813489256,0.2088807521664364,-8.147520621388916,-584.9098758524267,0.033045321234088834,-0.042954404793303716,-2.08175484923012,236.72127075394562,0.3387442937037706,0.21280136200750024,8.483284510485644,-709.8562004510624,0.03542346570815881,-0.02438894253437961,-0.612694150306542,-137.70755396130315,0.32452680988262517,0.20454586078596082,5.328003320525587,-882.5662498515578,0.03242592396494563,-0.022925775461128468,0.680240401434071,161.15130257112483,0.3095819203526212,0.20048213550400856,8.184806901483286,-726.1503048525175,0.023453956035454887,0.0,-1.0513232040891467,258.4871367594324,0.3095819203526212,0.20048213550400856,8.184806901483286,-726.1503048525175,0.023453956035454887,0.0,-1.0513232040891467,258.4871367594324,0.36934433187260496,0.007555029017280279,0.32336816907552535,0.011105674939949347,0.3493574051156736,0.027058289016349265,0.3095819203526212,0.023453956035454887,58.05841914590363,101.76567941125707,143.67971863579842,172.61302109884815,71.3400546703496,95.82678681471596,63.56282069589065,153.09978550392697,130.50423528524797,36.23500785103785,163.66379974535107,167.68213952267806,160.51346583189508,160.92764131644114,30.9779457325968,5.699466443384871,173.1847279242313,168.1553460397994,178.86330874236717,14.097150850217243,-3.1375146275761754,11.367761275683085,-18.35483434735145,3.849558444092213,-1.2192493796247974,1.773262230365107,-6.808299129216421,21.881006145320704,-14.518694165363996,0.7916382350688018,-0.8964374524023339,0.7194356436445833,-0.20924106173601714,0.7479009413184805,-1.153296305893382,1.7699746158700942,-0.9119522601753902,-3.4931166191056633,2.3485784985679707,0.28651576484293334,-547.3642184823898,-385.63214759378013,416.6001359246023,-578.3322068132119,287.8273587872722,50.294114309140184,-899.3295936124222,-2488.0431223546384,3725.4941890634714,-64.20112611439228,-95.57482400107331,389.5973907516681,-158.0367241826698,-293.76400713236836,221.97929067882797,-283.6359594723565,419.97444289171773,226.79280624228986,-357.43408266886905,-5.69720699279692,238.05841914590363,316.29273973464655,352.6130210988482,251.3400546703496,167.16684148506556,283.6040207891749,310.50423528524794,143.76499214896216,160.10119240361107,172.419052880933,191.90558704903793,210.9779457325968,174.30053355661514,181.1158056323838,192.9604595925844,194.09715085021725,-3.137514627576109,-14.505275903259282,3.8495584440922572,-1.2192493796247974,0.554012850740332,7.362311979956665,-14.518694165363996,-0.7916382350687908,0.1047992173335873,-0.614636426310996,-0.4053953645748464,-1.153296305893371,-1.7699746158700942,-0.858022355694748,2.635094263410871,0.2865157648429444,-547.3642184823942,-161.73207088861423,-578.332206813203,287.82735878726555,338.1214730964167,1237.4510667088457,3725.4941890634755,64.20112611439339,159.7759501154711,-229.8214406362102,-71.78471645354043,221.9792906788236,283.63595947235933,-136.33848341935845,-363.1312896616527,-5.69720699279692
242,-,-,1.2160804020100502,0.36992767586022424,0.22746692850231218,1.5427901020261792,-118.98051978333157,0.017496250623049478,-0.003521393084916492,-2.3478177524216646,-430.68449980871094,0.3641953744283705,0.1730039708542212,1.6192363446331355,-95.15458680270734,0.0088750404327321,0.0060871139823476935,1.474962798536586,-447.9853337728694,0.3702661414175866,0.0,2.4447808174933248,122.56000267263789,0.0021257620405983474,-0.029723758903130656,-0.8258255252223136,-308.22703440634336,0.375256748307222,0.023177169031624752,0.5130142457303537,-145.1182021300689,0.001412124710904586,-0.028448901620515856,-0.4848153253573403,98.00698722999216,0.33420498684102323,0.25101695091940857,-0.5872120694381093,-1904.1357518977034,0.024531106963506882,0.0,-3.300866313747582,-35.26349939995241,0.3296134074514678,0.2923735471391527,23.07702211877135,-1104.6433340980732,0.011163903355311505,0.0076868056538113485,-3.189475894066294,626.8942272392951,0.31713931270508805,0.31969353156480046,25.311201032611695,-1233.336929846404,0.013987916207031964,0.0,-13.792738375086678,-928.4470175085543,0.31965354175700494,0.35265904351374666,46.11507164327319,1543.7452116383581,0.005038564378024787,0.019605873852193315,7.539885413606996,1990.9475335291686,0.3217403548981931,0.32616008977528177,108.38840571289514,4642.999456284709,0.0015388411132374047,0.11772751491057272,3.246342155417466,-1594.7901290884486,0.3962408936906219,0.16789700933213805,-6.485939054134852,172.74733568080345,0.010082853752197085,-0.029944081358175667,1.2805682477894937,-1351.4785083278132,0.37284816199413295,0.2356697029824725,0.7498477032192655,-624.8807681140705,0.02738261872234249,-0.06031468439214574,-0.7122803707617538,900.4543427271377,0.35783773308674444,0.13693134735975918,-8.876008345056553,1709.464083521054,0.032778631041650214,-0.040324658567051766,-0.3986259341827293,277.950574969039,0.340008637811641,0.23182441705765944,-1.27972509070188,-1377.0568964729553,0.03525404367340662,-0.027679656125763615,0.7670855814544072,277.0090963966565,0.32579861067969257,0.20001136102740558,-5.2631739089037985,-517.458995159889,0.03225549887301718,-0.016957296646880605,2.281114658382222,316.5884827176186,0.3107340356103932,0.21949765816254987,-0.6267467684326973,-1268.3301037156155,0.023453956035454887,0.0,0.0,207.54475657947705,0.3107340356103932,0.21949765816254987,-0.6267467684326973,-1268.3301037156155,0.023453956035454887,0.0,0.0,207.54475657947705,0.36991148500335086,0.007477294451821128,0.32447032073055543,0.011252066403422509,0.3505780121455377,0.02686793368301141,0.3107340356103932,0.023453956035454887,56.3797959002327,104.4093952930991,140.10830532235497,171.8620952847787,71.04261446847386,96.20120995796147,61.55165861351765,164.88540963469364,120.80675617822399,36.48425536648328,163.2884551723592,168.1317703778039,160.1799909795002,161.6197359345564,30.29579216929711,5.672136170968709,173.62771557030385,167.93162007748805,178.13124924676612,14.63727893447323,-5.970810430720785,9.11078381915328,-17.097424917002748,2.0158306671287285,2.2827378125236786,1.4572836287433955,-14.555006981896614,5.036144834988516,13.25888358817515,0.711329171943721,-1.599121007783815,2.5194972292915656,-0.5901609509563639,-0.9574093043066152,-0.08413513818848173,0.40657280453672956,0.8030437544050092,-1.67039377828554,-0.10480060928532009,0.5655778286290468,-431.44187366187333,-338.07468779521054,133.5325983745885,-226.89978424125465,893.7729291181738,-191.18911933916013,-1431.878204576559,-2360.5031839738313,4494.965198329408,125.23338503089069,-238.072746407777,216.3036003352882,4.278060010415414,-247.24413762875352,139.50183865991977,-223.85448123384276,241.8102865178222,310.5595199268074,-299.670272134844,-28.845053075935805,236.37979590023272,311.97040060713357,351.8620952847787,251.0426144684739,167.2438244264353,285.6921658129176,300.806756178224,143.5157446335167,160.22728946115754,172.09551908335365,191.91552810385352,210.2957921692971,174.3278638290313,180.7001482587274,192.76852818123936,194.63727893447322,-5.970810430720829,-15.08159424987411,2.0158306671287725,2.2827378125236786,3.740021441267074,18.29502842316371,13.25888358817515,-0.7113291719437321,0.887791835840127,-1.631705393451483,-1.041544442495119,-0.08413513818850382,-0.40657280453671574,-1.209616558941725,0.46077721934377097,0.5655778286290468,-431.4418736618809,-93.36718586665289,-226.8997842412723,893.7729291181738,702.5838097790092,2134.4620143555894,4494.965198329403,-125.23338503089508,112.83936137688194,-103.46423895840621,-107.74229896884363,139.50183865991428,223.8544812338443,-17.95580528397352,-328.51532521078093,-28.845053075936903
243,-,-,1.221105527638191,0.3709851252312859,0.22430709021543302,1.995471773935253,-441.28312492576157,0.017478640345643656,-0.031265074539497575,-2.586150155843744,543.139920575618,0.3650517581496101,0.15699387245425103,-3.6139586456018042,-1009.749751256012,0.00893621745768032,0.006087113982347962,-0.3223670598174178,-41.29455520533408,0.3702661414175866,0.01388973015739944,2.294511487662728,-289.9754002997298,0.0019300807259959862,-0.03725050123490136,-0.821703423905277,250.95530818021507,0.37533207222347686,0.021595366790273792,0.7723318922222813,-98.13748921024107,0.0013163138249648043,-0.02500659864767,-0.37642279754335,89.47775065827264,0.3353993062026265,0.20621428553100768,-4.537684077104285,-22.558199457536915,0.024531106963506882,-0.014455601078266128,-2.2169410356054824,-48.9568857648989,0.33130081458043403,0.36079026027347594,6.986961732397115,-3197.447663277094,0.011241157683490516,0.0087083862680191,2.448340814085286,540.7349555094785,0.3191786604236714,0.444320717204336,5.233194990234392,-4894.420842966308,0.013987916207031964,-0.12868620317671217,-12.804277216082522,2646.403051321383,0.3217233975542322,0.7319526238152549,29.007976441038345,-10524.723709890059,0.005038564378024787,0.11794312962085728,9.78455694898172,-1917.8850676827913,0.32473518081678754,1.1949047117052427,70.21175173328955,-21273.836253392794,0.002187118858814008,0.1018030974653413,-6.911077594515368,-1222.281547798209,0.39681191710801944,0.14273882130300944,-1.5199311765406938,608.6239499927777,0.010062991327546456,-0.04269547883117692,-8.297696267098209,-887.5532898142794,0.3739224551555129,0.21089190073043695,-1.0309000657454261,-132.77644341871624,0.027030952554028376,-0.047977568458550515,4.667436584470041,537.2766530306537,0.35798917579475237,0.11967463814576516,9.033022931586952,1339.2858947368136,0.03264004828366619,-0.046960695589110146,0.7117182660366773,504.585906957266,0.34107418734254114,0.1999398033069785,-5.356483293263016,36.35412309272128,0.03514527820940741,-0.016679539705691897,2.1713168687554063,88.80659761655991,0.32653697431506146,0.1516496405959715,0.1274104043456601,1055.500016932602,0.03225549887301718,0.0,3.8620341975911257,64.85948422546758,0.3117879269673203,0.19418317300719737,-4.562229316764443,-275.89982956387524,0.023453956035454887,0.0,1.0345537464584167,168.48737817983832,0.3117879269673203,0.19418317300719737,-4.562229316764443,-275.89982956387524,0.023453956035454887,0.0,1.0345537464584167,168.48737817983832,0.3704087742554899,0.007415313088571192,0.3264674719155503,0.011397172818173632,0.35135377278053453,0.02676478754718675,0.3117879269673203,0.023453956035454887,55.21706037588523,108.55824641808329,133.56686082971393,173.09195312808805,72.86074426159186,94.37219300076816,61.359901255853124,149.30659755396456,136.56643845254231,36.549545234841496,162.8443834531213,169.03073907556816,160.33235437728237,160.41619784169464,30.82678001749204,5.700764883812352,174.15034420597198,167.23434492916465,177.90849077970108,15.006055201349906,-7.473613860358936,7.970025719952236,-17.012798182782685,1.5691586024715025,7.763393124075679,-0.14823645646067382,-21.19903485360433,-1.8426439448691814,30.65683546608853,2.0502652203039173,-3.289128371073523,2.893341174652562,-0.16624548374189124,-1.7369647634931782,0.24873222335207987,-0.4798191653746162,1.5183018756821833,-0.3719154138110338,-0.6631830304255162,-0.0033842660710020115,-308.71678116656454,-547.2292800857733,308.92452940259443,-70.41203048339894,592.9519134419257,-106.14176687050734,-199.53818915533054,-743.7624945353197,1430.1108302620664,270.2288563833001,-298.8414857243552,-9.855592851123463,103.55011467115877,-82.89992415022277,17.818031671232628,-148.34827394738602,94.86524201063703,191.3990315720142,48.706151402782,-186.62215103802794,235.21706037588524,306.65881395780195,353.0919531280881,252.86074426159186,167.23293726236002,285.8730360065069,316.5664384525423,143.4504547651585,160.6060713120372,171.57533223646902,191.24297785918665,210.82678001749204,174.29923511618765,180.14889091021564,192.914545981051,195.0060552013499,-7.473613860358947,-15.443639580311094,1.56915860247137,7.763393124075679,7.6151566676149836,28.81419152121944,30.656835466088488,-2.0502652203039506,1.2388631507696166,-1.6544780238829453,-1.4882325401411425,0.24873222335203568,0.47981916537463143,-1.038482710307552,-0.6665672964965624,-0.0033842660710020115,-308.7167811665602,238.5124989192089,-70.4120304834033,592.9519134419213,486.81014657141395,686.3483357267467,1430.110830262075,-270.22885638329905,28.61262934105175,38.46822219217962,-65.08189247898794,17.818031671239222,148.34827394738767,53.483031936746244,-137.91599963525036,-186.62215103802794
244,-,-,1.2261306532663316,0.3721820184754547,0.24752192120517869,-2.892216178634663,-1394.1340127565634,0.017182028768381166,-0.029512851937616973,3.1108749166799265,746.1730372635652,0.3657732022922323,0.13668277843611326,-8.529002361457257,-602.0615646958477,0.00893621745768032,0.0028472440344340043,1.0599421432066027,428.3634288728259,0.37040573669555044,0.023060416961434044,-0.4695448136596873,-531.0684873948387,0.0017513851437651745,-0.03798208477152525,1.696338376086336,457.7916254378625,0.3754737871694358,0.030939298601697793,-0.47329217849315725,-549.8607725629072,0.00116080211143052,-0.032232045314418804,0.41445855060518283,316.1410473565218,0.3362774922232444,0.2054120858228839,-0.8139276418756622,185.61110231365208,0.024385824540609738,-0.022280814428195406,-3.792895316409874,-75.67250545306544,0.3332394402180353,0.3625942680677657,-9.058130275972742,-2389.5285461758144,0.011251424825341846,0.0322932459963766,2.2450462718580164,-287.3653606931113,0.3216048475513627,0.3722884560897683,-23.878958193179468,-2211.486558721568,0.012694587531889151,-0.12868620317670648,12.804277216082523,2301.5142820114033,0.32700984953404255,0.6441964951824686,-59.6610460440622,-8398.473587465325,0.006223922464666548,0.11794312962085207,-11.735341397274988,-2062.8820894026044,0.33374944747814506,1.0318058358384807,-105.41899381868693,-17048.704138132904,0.0025619878214317715,0.04826944863403759,-9.037894505870849,403.86634285028947,0.39767545470874255,0.15262131911564894,-0.369115436117094,-86.35502470027174,0.00965375346243652,-0.1133380136908195,-7.639565318183005,1062.8733788214638,0.37496767858438856,0.22530889830161413,-0.584588914054241,-916.7204824186293,0.026900432104668623,-0.01340577399546275,4.687484986330148,-336.1264934874992,0.3590404932691139,0.2277154974259581,4.5841514010418365,-1632.654346525,0.03230666425180992,-0.03317171116969835,4.672589211116336,271.76105247329764,0.34201808307100756,0.1779904141102934,-0.9143570194182555,968.6602705912683,0.0350864101085253,-0.00585737603776997,1.6596142007163,-135.73138111626994,0.32732272767060683,0.20129186760374385,5.344866462277942,7.308110898671517,0.03225549887301718,0.021857117399260675,2.93296877120098,-525.2238629898709,0.31268562528885746,0.17364610724029497,-3.3996093771148113,739.1818597457795,0.023453956035454887,0.010397525090034155,1.6933404842194504,-140.32691513799546,0.31268562528885746,0.17364610724029497,-3.3996093771148113,739.1818597457795,0.023453956035454887,0.010397525090034155,1.6933404842194504,-140.32691513799546,0.3709586861581683,0.007257608370314295,0.330376215400966,0.01142354943678781,0.3522850104321195,0.026609452472652072,0.31268562528885746,0.023453956035454887,52.144905125559234,109.33236495576023,129.4592745159288,173.3532656538702,76.97624275612324,95.9528670263712,43.056813087351074,158.38957186150424,151.4827248336392,37.21686674674625,161.53210509856976,170.5255211143963,159.82162794040838,159.88465809205118,31.01922100782811,5.580456697183851,174.32633264894127,167.84559076041504,177.40568299667962,14.841936896780231,-9.073491648475148,3.610992059497365,-13.992655777278236,1.3081720693056362,8.242053525507751,0.3905322029091699,-16.560415918131056,-2.4388551100899414,27.631856756637873,3.427197075293423,-4.602553025113965,2.4204460448581657,0.45054371910551494,-1.7905743711430102,0.0949405569997827,-1.0843646220701386,1.7564632720998368,0.25321457922210605,0.3847084500391134,-1.3100216792907988,-154.80732558282037,-718.8252406882716,708.866756554326,-144.84884144887482,-301.96830434947606,219.15347652470084,1973.866593684388,116.85104515432508,-2173.5324666634947,168.90081726054075,-79.84307410410496,-186.01996884965018,78.79128107578015,74.33691121203945,-56.1659665945986,-114.3302734352157,81.98548453572532,99.5209088142839,206.02638577811246,-273.20250569291073,232.14490512555923,302.81254016979904,353.35326565387027,256.9762427561232,172.92910978249446,309.8722966951434,331.48272483363917,142.78313325325374,161.25102815468395,170.72550704028765,190.9038790998793,211.01922100782812,174.41954330281615,180.09321065387488,192.24761989345987,194.84193689678023,-9.073491648475148,-12.684483707972555,1.3081720693056362,8.242053525507707,8.632585728416876,25.193001646547977,27.631856756637962,-3.427197075293423,1.1753559498205415,-1.2450900950376242,-1.6956338141432274,0.09494055699982688,1.084364622070169,-0.6720986500297119,-0.9253132292516855,-1.3100216792907988,-154.80732558282037,564.017915105438,-144.84884144886163,-301.96830434947606,-82.81482782477084,-2056.6814215091745,-2173.5324666634865,-168.9008172605385,-89.05774315643798,96.9622256932122,18.170944617445247,-56.1659665945942,114.3302734352142,32.344788899488904,-67.17611991479498,-273.2025056929118
245,-,-,1.2311557788944723,0.3734727827308355,0.19523959093267182,-12.015925339196409,-462.83459482088307,0.017182028768381166,0.0,4.9130763493179135,-87.44564839307708,0.3664254544152997,0.07127525575618589,-9.664828642545157,524.2450981374654,0.008964832975614331,0.01673979883869601,3.9827930293568263,41.18269636505042,0.37049790440212366,0.009170686804035624,-3.0428602449488578,-134.86447510417008,0.0015483512308047676,-0.02020187433956085,3.7792174347668297,143.02084887486566,0.37564301994811705,0.01683866147878465,-4.753907028008087,-303.2120297336902,0.000992373671051039,-0.02084118607877358,2.8008741608137373,165.09432669116904,0.33746374927622336,0.19803410822572443,-2.6722458628966774,-34.452522807877884,0.024307179180308933,-0.052575151996959335,-2.977468728601135,824.0920410924053,0.33494497807860263,0.26975377508781784,-17.028400540727283,123.34301455456048,0.011565712919635013,0.03127166538217061,-0.43975326323249175,-184.40861978047815,0.32292025294718674,0.20433118762463653,-16.99280057480708,2785.396981945846,0.012694587531889151,0.0,10.326519588052797,-1520.562466989185,0.32819773418923204,0.13234412085984004,-55.39879328223349,7235.88737409969,0.006223922464666548,0.0,-10.947926361597766,1321.7613430919985,0.335105088714662,0.1354173366430344,-101.13200844895522,11083.384044555445,0.002672238945588268,0.010969986853571576,-2.852119374914362,1683.1213266338802,0.39834579971219686,0.13902911842746066,-2.3878208720208347,-162.530894934716,0.008923915813065827,-0.11947502976769156,2.3844482436705534,1522.0352750529828,0.37618686619372016,0.20501663526255498,-10.244171245832396,-1046.290305749343,0.026896221157089048,-0.00086716658588447,1.2892808710277484,-513.5812220302133,0.3602777737588324,0.16574651152307127,-7.375563465649663,-84.26699301511832,0.03230666425180992,0.0,3.4429851250648666,-393.2583961632702,0.3428630357255592,0.1907502855238802,4.378795808157022,182.81463130630323,0.0350864101085253,0.0,0.8071823851747679,-141.8929389019963,0.32856000816032527,0.20536689147313816,0.20085875508607928,-581.6659694839051,0.032475168394617795,0.029477073077397564,-1.416597591251938,-583.6607854690184,0.31353311397476047,0.16001624459398228,2.8667340977662,1004.7906760032312,0.023558453775053223,0.017018497328839147,-0.3757670086973539,-330.41237106294824,0.31353311397476047,0.16001624459398228,2.8667340977662,1004.7906760032312,0.023558453775053223,0.017018497328839147,-0.3757670086973539,-330.41237106294824,0.371509790374094,0.007171896661462826,0.3317263606411814,0.011492728208417582,0.35329443292089907,0.02654113891669352,0.31353311397476047,0.023558453775053223,49.38256021477709,110.61101637263528,124.9389544598748,173.832589382267,78.81777293678299,95.81904964604978,45.43610159304498,156.41243570365887,152.7882852861289,39.04425206894189,159.73814457474103,170.2866673187192,160.5846379790818,159.66209352745594,30.68420453106015,4.962253059718832,175.10899394619844,167.59888741072476,178.44321905210958,13.8866465312484,-9.029466378779283,0.7456514416779588,-9.888509172186255,0.11339135172900351,4.728535793930111,2.054311046300197,-1.3611796406953858,-0.6682615815090992,8.812288062434737,3.7477608711636683,-4.091571326893694,1.0237937490278877,0.6256266878740107,-0.9898601281962796,-0.3157498529755592,-1.62886713959792,2.3422765946342183,0.6282947250260168,1.4074339120681312,-2.749138092130479,155.10792647207376,-387.71839148633217,784.3416430939893,-241.5153251355705,-701.4499804991806,245.8256223927507,2421.09135332563,-240.0735055680201,-2636.642205864033,-98.18605292916877,312.0090711695122,-317.612571033824,8.025061491017722,103.14736869898836,-7.382877396511247,-53.30787083650097,91.46100078843759,35.149158093854865,66.0587675023545,-139.36105554816356,229.38256021477707,298.7715438421418,353.83258938226703,258.817772936783,174.6368225828328,309.2007209897878,332.7882852861289,140.9557479310581,161.21760335631708,170.9309360375979,190.34629805851606,210.68420453106015,175.03774694028118,179.9287529940827,192.32986558335799,193.8866465312484,-9.029466378779293,-9.775117820457297,0.11339135172900351,4.728535793930111,6.78284684023033,8.144026480925682,8.812288062434781,-3.747760871163679,0.34381045573001534,-0.6799832932978723,-1.3056099811718387,-0.3157498529755592,1.62886713959792,-0.7134094550362982,-1.341704180062359,-2.74913809213049,155.1079264720803,542.8263179584188,-241.51532513555728,-701.4499804991784,-455.62435810642097,-2876.7157114320617,-2636.642205864046,98.18605292916877,-213.82301824033902,103.78955279348493,95.764491302476,-7.382877396512345,53.307870836494935,-38.15312995193384,-73.3022880458107,-139.3610555481652
246,-,-,1.236180904522613,0.3741442254195016,0.12675885246953852,-7.5438201466836565,529.4278910706229,0.017182028768381166,0.019864799814320974,2.232024179061077,-255.53219906192143,0.3664895365209377,0.039548822229631,-3.2602074053019194,622.9418815491705,0.00910445664198882,0.042875314681235566,1.4738385890864991,-177.14711673194859,0.37049790440212366,-0.007521093038051424,-1.8249666740030812,81.43323572779319,0.0015483512308047676,0.0,3.133733842165362,94.76308086175679,0.37564301994811705,-0.01683866147878465,-3.5206492612437583,550.1963490838015,0.000951342954859935,-0.004082556261014909,2.073698014838008,-3.132047527995336,0.3382677847682265,0.17855534348221425,-1.1601841525075947,-632.4125966934735,0.02385743105320312,-0.052205123258357036,4.489436754870433,886.910101482662,0.33595053343499826,0.19145456414086134,-7.8185019889922565,786.6659374468339,0.011565712919635013,0.027873615210120477,0.3916933092401786,-125.88780317113756,0.32365842732648464,0.20150654076507704,4.114981323863717,860.3809131948827,0.012694587531889151,-0.024902086713866147,-2.4777576280296163,-510.82203730317684,0.3283399412009756,0.08742470340123734,13.061440127792673,6531.064821461626,0.006223922464666548,0.007913718951529746,1.5486922016393332,1342.790805065628,0.33511042573586397,0.01540374087412474,5.9718005989537515,11697.750081682689,0.002672238945588268,0.019604932303240494,7.877897721605035,843.4529420317944,0.3990727322808778,0.128623119396847,-2.002591767119236,-415.9657407411999,0.008452999394419541,-0.08937370973433195,7.65727161702258,647.5694695520881,0.3770281472804946,0.12235240336862706,-11.100069373846445,350.64017801451473,0.026891716862599432,-0.0004481773017167647,-0.47413533558145327,-179.60801121820035,0.3607062873547729,0.15358923143953063,3.737246948628602,127.63093676552737,0.03230666425180992,0.001431154408842406,0.7202435210332884,-55.86416915250672,0.34393517136772994,0.2219984121822225,0.9229759585345081,-1794.9242374992516,0.0350864101085253,0.00225500974288082,0.23355451325907597,-70.89986160088287,0.3293867165296333,0.2033105485593828,-0.5010226782637135,-1247.9345085037448,0.03255175086374479,0.007619955678135924,-2.93296877120111,65.51199412710581,0.31429382875211354,0.20245750520779396,6.698789376686328,-1293.908491860969,0.02362499620961407,0.0066209722388045344,-1.6273868631468047,-20.833709003141898,0.31429382875211354,0.20245750520779396,6.698789376686328,-1293.908491860969,0.02362499620961407,0.0066209722388045344,-1.6273868631468047,-20.833709003141898,0.37169367157267,0.007196544899008672,0.3322654224933098,0.01140277858299642,0.3540704805942703,0.02648575628178551,0.31429382875211354,0.02362499620961407,46.53973997375775,108.59465362591772,124.56374575599074,173.3813405918493,79.32382342742926,95.42900196566401,48.867158605264464,153.5664226010173,152.31924418681146,39.91006897380694,158.4437333474971,171.05718915705006,160.70602658144577,159.28060343359547,30.602378506604644,4.537396247386272,175.7033753485014,168.00450855172508,178.26110903054635,13.493610821840903,-7.514618015590012,-0.28567519162148197,-6.109825193419186,-1.1191176305493002,1.192304977777418,2.8611414731880274,7.7721604972014715,-4.851654161024774,1.1329401147887697,2.4404025734927495,-1.466783465621435,-0.7716400961852347,0.5311976034373499,-0.7539173992938996,0.020740784170525252,-1.62012211791436,2.67566931017457,0.6064724495120984,1.0486156611180413,-2.7106353028904078,318.740051628409,-64.34960263840294,639.3322581043367,-256.2426038375194,-456.7511529989519,31.03847234773656,252.8018871277342,-25.17400364763675,-653.3405641313018,-295.8209203503058,544.1194635646797,-358.5226096398561,-10.504240404513176,43.613284881490095,77.11502194849096,54.10984427626513,-17.660971633674645,60.31496547755846,-283.5490773890127,186.78523926886592,226.53973997375775,297.94508634784,353.3813405918494,259.32382342742926,174.75282539309327,305.8856667878288,332.3192441868115,140.08993102619306,161.64619767869596,170.5890085216459,189.8829819402001,210.60237850660465,175.46260375261372,179.75922840411235,191.75471985238724,193.4936108218409,-7.514618015589947,-7.228942823968443,-1.1191176305491677,1.1923049777773957,4.05344645096549,-3.7187140462360486,1.1329401147887255,-2.4404025734927495,-0.9736191078712702,-0.2019790116860354,-0.7331766151233853,0.020740784170558392,1.6201221179143297,-1.055547192260196,-1.662019641772383,-2.710635302890424,318.7400516284123,383.0896542668262,-256.24260383751505,-456.7511529989563,-425.71268065121535,-678.5145677789516,-653.3405641313062,295.8209203503102,-248.2985432143783,110.22406642547779,120.72830682998215,77.11502194849645,-54.10984427626953,-36.4488726425905,-96.76383812014456,186.78523926886814
247,-,-,1.2412060301507537,0.37474674104711225,0.11942230302630476,-6.69504201185356,-431.70055094115946,0.01738167499767082,0.022432403809658667,2.3449135446755327,141.91158204202017,0.3668229300155975,0.03850935218531291,-3.4041062149154135,-109.69623603991732,0.009395740660852872,0.03155224697021835,2.2024199968749625,501.6402908297327,0.3704223155273694,-0.009170686804035218,-2.224435765272559,-152.87374838986221,0.0015483512308047676,0.011292938144512578,4.7316102072467805,10.710483957348792,0.3754737871694358,-0.018544748181956016,0.7757045205727335,310.4828543521989,0.000951342954859935,0.0,2.7693962962107697,163.1834048362941,0.3392582753413712,0.1863739659894674,-9.028151357303333,-1729.7105336127063,0.023782504574697313,-0.007455184611327635,5.936200633033501,-219.22468381927982,0.3368691445523801,0.19117586565071112,-9.12221021462859,-1114.7479160037276,0.011845849755917626,0.03520828155543867,-1.7049573152037012,-165.84937386305546,0.32494544431165984,0.24568778384437165,-8.34575622108982,-2841.8111237296484,0.012444315303609094,-0.024902086713865047,5.192629765910407,974.5048949960644,0.32907637442442034,0.2636148759130304,10.240049144515346,-3909.466467973293,0.0063034573285010165,0.01556474574511865,2.547458613935944,136.44914200809987,0.3352599001807336,0.19543543311493033,16.433319005140063,-2529.053806291955,0.002869273441098219,0.09014483832698761,5.624794615354777,-1528.9052721604048,0.39963849437950183,0.11890256800415211,-6.568381080475031,-977.907268054738,0.008025687574529844,-0.042517526079023774,8.892684118565795,-329.6946101711221,0.37741653858938473,0.09345814909324596,-6.720149356239346,179.1978621372918,0.026891716862599432,-0.005632345837959293,-0.5158247693561426,102.93809777260934,0.3618213841250588,0.20330678236355906,-6.092840483081572,-2384.6440434833444,0.03232104771320532,0.007238628352093222,2.881536188858779,218.80521316822404,0.345094175546486,0.20002642581065902,-13.660643764699456,-2072.147730006141,0.03510907352302661,0.002347281540292179,0.09462096205032969,-14.830617907825234,0.33060333025639943,0.2003314876714929,-12.341196606760379,-1933.4800543324425,0.03255175086374479,0.0,-0.7581855899745044,291.8303927345027,0.31556786277081866,0.2273407609425874,-10.137371348072454,-2917.2599115021035,0.02362499620961407,0.0006628504630424058,-0.5851510187791783,218.08745227638886,0.31556786277081866,0.2273407609425874,-10.137371348072454,-2917.2599115021035,0.02362499620961407,0.0006628504630424058,-0.5851510187791783,218.08745227638886,0.37186644343987874,0.007319277461047099,0.3330818277621129,0.011449080080764654,0.3550236309446082,0.02642071212445334,0.31556786277081866,0.02362499620961407,45.22372357514443,110.58407877092048,121.37988181349125,173.2597629907327,78.68176090492098,98.44490286831264,53.198103017206705,152.9753176215508,150.95324313447617,40.330640913568146,158.86452097481472,170.26768593475876,160.52873268396135,159.3102582995295,30.6981611933675,3.929939529996689,176.81960994836606,168.1608131489397,179.48442222638982,11.605215146307705,-5.826048774473722,0.09892176692015181,-3.46305934199203,-2.461911199401799,0.13807194469449527,2.3662554920060863,1.1795428430003903,-0.9212666432943887,2.246051236994635,0.7746862947787376,1.376965995364296,-2.5794485589103004,0.5200564325522721,-0.5515356570255326,0.4592754932404165,-1.0850496091832047,2.1647793922857326,1.2344752825894076,-1.4423055591781768,-0.8718995065137696,316.9801612879023,159.669386816225,280.66216325007974,-123.3513887784112,-100.62708398647207,-270.77510702447137,-1167.0097973022052,711.6007580684873,84.00684822277114,-240.82081084793793,404.0868298753351,-312.996263276328,59.4306862512846,57.89683972734164,32.402718270300184,99.60790369647187,-86.05360793211864,67.45305985527773,-514.8375422453441,433.8301866257205,225.22372357514445,294.63964480422396,353.2597629907327,258.68176090492096,177.12666377323364,303.9285607560269,330.95324313447617,139.66935908643185,160.80483811161716,170.5371521768584,190.00841949289702,210.6981611933675,176.0700604700033,179.25045052163725,191.08963737269752,191.6052151463077,-5.8260487744736995,-5.924970541393785,-2.461911199401755,0.13807194469445108,2.5043274367006036,1.324784593700158,2.246051236994635,-0.7746862947787045,-2.151652290143089,0.4277962687672112,-0.09226016378510504,0.45927549324047173,1.0850496091831605,-1.0797297831025279,-2.3142050656919353,-0.8718995065137585,316.98016128789357,157.31077447166857,-123.35138877844197,-100.62708398646987,-371.4021910109457,795.6076062912716,84.00684822276675,240.82081084793904,-163.26601902740492,149.73024424891872,90.2995579976429,32.40271827029249,-99.60790369647172,-13.554295764348712,-81.00735561962642,433.8301866257265
248,-,-,1.2462311557788945,0.37534444957051977,0.05947199807904871,-11.882519151117535,-369665.01771142957,0.017407480062950606,0.04343177011256816,3.65827123475981,-18215.540987430482,0.3668765651861167,0.00533669946666111,-4.362682139371469,-361115.0126816573,0.009421564651739767,0.06501018902168804,6.515449552199524,-10761.88309443513,0.37040573669555044,-0.029877231382499845,-3.3613862558107823,-364080.8006867035,0.0016618480965787663,0.047553871429617145,3.2413768970130916,-2937.6275420043057,0.3754566405694039,-0.009042636146395161,-0.4002185642366517,-369767.9278444922,0.000951342954859935,0.02375057234411919,3.7137322342982935,-1682.972181513494,0.34014088995405034,0.08782015396157533,-18.544209615952337,-335035.38507308427,0.023782504574697313,0.007455184611327965,2.286173600907764,-24165.816066990537,0.33787189891892505,0.09977405947122486,-19.021998632246095,-332909.2468095002,0.011919564995569079,0.010738365811087853,-1.2751345687805233,-11712.030726959114,0.3261276512847196,0.1176295938194485,-24.445934492515413,-321594.3149655543,0.012444315303609094,0.02728514711438053,7.316261417157219,-13315.508559309805,0.33098933693879506,0.19033977018028878,-26.22968015334699,-328952.57591092604,0.006380352070145132,0.033516318086565036,2.9200403625247953,-7126.489428300686,0.33707460094304925,0.18056272585041114,-19.445825594935915,-335466.45175726415,0.0035782172202313833,0.07613553145253624,-7.487984410660747,-4893.637831084415,0.40026773296433665,0.06260923919106606,-11.830805516413346,-394259.980219175,0.008025687574529844,0.0,4.343757946960964,-8790.725254066423,0.37796742516082876,0.0548132138586821,-9.299085834778138,-372200.22375393717,0.02683511037176567,-0.005632345837959542,0.5604184108769595,-26327.506798645314,0.36274957159963284,0.09235465372011623,-20.229024845174486,-357643.58543224103,0.0323794142854993,0.03039131711094145,2.9192908895582113,-32727.1281612017,0.34594548720502305,0.08470551002443538,-19.902629368160927,-340261.57923633704,0.03511000087777447,0.0032059741855977263,0.08450307699952195,-34657.960889647504,0.3314000983152765,0.07927842185827018,-19.9329830233139,-326010.83755654126,0.03255175086374479,0.0,0.0,-31990.472446932366,0.3165786605203808,0.10057437608143495,-22.620405713787846,-311840.7274574514,0.02363165802331299,0.0007400574772045968,0.5644468280732418,-23228.82116977013,0.3165786605203808,0.10057437608143495,-22.620405713787846,-311840.7274574514,0.02363165802331299,0.0007400574772045968,0.5644468280732418,-23228.82116977013,0.3720208480053977,0.0073605589415322685,0.33444087560790786,0.011620990832850401,0.35581816262757976,0.026422270332771173,0.3165786605203808,0.02363165802331299,43.32215693264092,108.86579553863578,122.46355729862545,171.99280409537974,79.17197468102297,98.26966700019416,48.72130395026281,153.44540430289473,155.2749334280596,40.146300046059594,159.87184421488763,169.21148579038243,160.79518290681796,158.93409276477095,31.041094277081456,3.813991543922454,177.23796465217106,168.33135281359725,178.17597484893352,12.440716141375702,-4.328887751389905,1.3190422638180077,-3.2890999346243404,-2.3588300805836164,0.18097750052641548,0.13978361364552963,-3.956581184228036,2.300112251724031,1.9772300466759392,0.020092916729490175,2.5943907039800305,-3.9173311843896195,1.1284909325960049,-0.17203961308944565,0.3463962441735508,-0.6190376586533097,1.8108089289472242,1.2843926490626463,-4.125630994614197,1.649467075257652,289.026067207723,130.8896869924723,31.623039521092185,126.51334069414527,7.367189744935362,-386.1192262227691,-503.1638656817222,363.85858558076234,-239.4467563768838,-89.67780922125259,62.64176356857354,-72.60436198445868,78.23967883658187,68.20185178111502,-46.80112298054484,75.10353611863636,-64.68576837389472,-38.34327424582962,-345.89439617613533,373.81990267722125,223.32215693264092,294.45636139400517,351.99280409537977,259.17197468102296,177.44164168121716,308.7203377309543,335.2749334280596,139.8536999539404,159.9818557390528,170.77036994867035,189.9751870418524,211.04109427708144,176.18600845607756,178.9480438039065,190.61669099030925,192.4407161413757,-4.328887751389927,-5.647930015207913,-2.358830080583793,0.18097750052641548,0.32076111417196723,4.277342298400058,1.9772300466758508,-0.02009291672947913,-2.614483620709554,1.3028475636800216,0.17435663108410515,0.3463962441735066,0.6190376586532808,-1.191771270293855,-2.4761639193565896,1.649467075257696,289.02606720771416,158.136380215233,126.51334069414528,7.3671897449485515,-378.75203647783593,124.41182920389176,-239.44675637688817,89.677809221246,27.036045652690067,99.64040763714435,21.400728800571276,-46.801122980552535,-75.10353611862907,-10.417767744743143,27.925506501082058,373.81990267722176
249,-,-,1.2512562814070352,0.37534444957051977,0.0,-3721.9213506693713,1182.3106555361635,0.017818175199807176,0.05919894888262093,-180.72585014808988,-950.0823815337542,0.3668765651861167,-0.005336699466660874,-3632.7007160807534,486.92153176225855,0.010049109394739172,0.09703415201744858,-105.95720909292342,-1608.9495939545725,0.3701220418451332,-0.04295346324434399,-3661.3279602546895,759.707956937977,0.0020262795868813133,0.04386959037579935,-24.79228468726833,-756.8369133707978,0.3753829064041454,-0.022567045309962494,-3715.4848768310417,263.24113747150005,0.001190042174398817,0.037323942053248516,-14.144896985331583,-739.0327146253409,0.34014088995405034,0.0,-3376.2179510867336,1845.1488567872088,0.02385743105320312,0.015521434493272597,-236.93632265329924,-381.14035513233716,0.33787189891892505,0.0,-3354.9437861894453,1892.6888639084366,0.011953773030400919,0.02239285875362459,-119.41380884242888,-94.81901028191122,0.3261276512847196,0.0,-3240.4494242165524,2432.3704820052194,0.012718537887673215,0.048628178785201176,-128.63157686031641,-1209.3991380253078,0.33098933693879506,0.0,-3295.8159901612153,2609.8531752579565,0.006640304746456438,0.04491188506697537,-69.07555071571792,-735.1829062055285,0.33707460094304925,0.0,-3355.08880920851,1934.8596466960723,0.0036344546617267104,0.014888713596730172,-43.557495144286705,597.6524620746981,0.40026773296433665,0.0,-3968.9802425796506,1177.165148883097,0.008025687574529844,0.0011383326844022189,-79.4563134097384,-443.47369388135746,0.37796742516082876,0.0,-3747.425915727401,925.2590405604003,0.02683511037176567,0.0,-265.1138830471938,-55.761631882256,0.36274957159963284,0.0,-3600.5007342743847,2012.787972094808,0.0326264880861796,0.03657823528232598,-326.0343247277354,-652.603117364879,0.34594548720502305,0.0,-3433.375007948931,1980.31162213196,0.03514129436911302,0.003196558696066254,-348.2265940092752,-40.054786392181875,0.3314000983152765,0.0,-3288.832026320685,1983.3318108196804,0.03255175086374479,0.0,-322.27047148878654,0.0,0.3165786605203808,0.0,-3144.2150342369755,2250.730368521831,0.023632433973204067,0.006335682905989458,-234.04064016219343,-118.88730408330765,0.3165786605203808,0.0,-3144.2150342369755,2250.730368521831,0.023632433973204067,0.006335682905989458,-234.04064016219343,-118.88730408330765,0.37193149075147874,0.00777090158895662,0.33444087560790786,0.011760900275892081,0.35581816262757976,0.02646879420642283,0.3165786605203808,0.023632433973204067,42.53558026047527,110.51076289448511,121.05667001775761,170.96814734823252,79.20814247816895,97.06611686101525,47.61962941363821,154.94195579674764,153.7126741287983,40.146300046059594,160.68875752847836,167.6763450804623,161.39388483040943,159.05582031491755,31.038892199672752,3.811222692775052,177.3140847255902,169.40461270480014,176.0367546012852,13.433325275549388,-2.9212641794212812,1.4143960080505034,-3.1452398493177425,-1.1904203381541303,0.21211405268379407,-1.5143397464136348,-3.8773804301826575,2.735603563547379,-0.1604488270946067,-0.12659822000770451,2.006531458365024,-3.3091406391561033,1.306384863070669,0.13391008951832475,-0.011087551790176549,-0.33024020095571704,1.5146711674224806,0.8491157424303228,-4.918631148888018,2.8850844399908997,-6919.121014902126,-19156.974980486055,-20564.73554058121,-29402.51583123901,-13696.806228248526,-16854.50366095814,-7897.5423766694885,-26951.74898536915,-26804.571195870103,-6937.96759613697,-28000.578467147003,-28625.977119539533,-27988.202407258905,-27469.921613088478,-5387.563471637422,-584.1830426918306,-30873.161805770884,-29313.25041543176,-30046.64178382727,-2490.420958384485,222.53558026047526,292.0248173659902,350.9681473482326,259.20814247816895,176.27425933918423,308.6546299255459,333.7126741287983,139.8536999539404,159.164942425462,171.4885973449997,190.09471251459027,211.03889219967274,176.18877730722494,178.87469258163475,189.47007987683457,193.43332527554938,-2.9212641794213474,-4.335660187471873,-1.190420338154086,0.21211405268388245,-1.3022256937298406,2.575154736452817,-0.1604488270946509,0.12659822000767137,-1.879933238357264,1.429207400798795,0.12282253772817028,-0.011087551790198642,0.3302402009557461,-1.1844309664667787,-2.0335467088971457,2.885084439990916,-38021.673683604204,-49967.25137182023,-60505.06849994108,-44799.3588969506,-30551.30988920667,-53756.32018123927,-57907.12386457216,-24164.58507256511,-27266.55927412018,-29743.13482328272,-32857.4850847259,-36490.116140339494,-30518.369626010237,-30747.760488941454,-32537.06274221175,-33592.97362708657
250,-,-,1.256281407035176,0.37534444957051977,-37.34677273226738,0.0,370331.17439160903,0.01800244437332872,-1.7729084323808455,-5.890295413820887,17982.222089735264,0.3668229300155975,-36.50421823601926,0.5310015969327664,361453.7212500414,0.010396782259955356,-0.9998863847765654,-9.654898125736306,10542.742304746067,0.3699740435976173,-36.82714316359141,4.273869592812303,364302.13204534806,0.002102748502365706,-0.20161481889469426,-4.365024242392113,2466.8323263832426,0.3752298360939269,-37.35059918721313,2.245421008341308,369690.7452446952,0.0013264579503699803,-0.1184091963526844,-3.7137322342982935,1407.4172500405175,0.34014088995405034,-33.84401855042861,0.0,335933.686133136,0.02393849889121262,-2.3738143897937527,-1.544382732080651,23575.164104003692,0.33787189891892505,-33.61825394243364,0.0,333816.9067258557,0.012144618852389433,-1.1894004165249126,-2.2280894459856864,11881.673979821884,0.3261276512847196,-32.44970130283018,0.0,322424.7177095527,0.012933040718535752,-1.2654945198235072,-4.838503789127603,12798.841897601711,0.33098933693879506,-32.93343902541069,0.0,327933.6910210467,0.006831727799461479,-0.6607103222724273,-4.468732564164129,6873.017296214056,0.33707460094304925,-33.538922793834,0.0,333831.3365162527,0.0037278525327613388,-0.3616282388418141,-1.4814270028746783,4333.970766856604,0.40026773296433665,-39.8266394299522,0.0,394913.5341366822,0.008037128104021324,-0.7985559136657336,-0.11326410209802279,7905.903184269111,0.37796742516082876,-37.60775880350313,0.0,372868.878614883,0.02683511037176567,-2.6700934819907314,0.0,26378.83136319625,0.36274957159963284,-36.09358237416411,0.0,358249.82306030765,0.03274703474059806,-3.246335564574928,-3.6395344105914997,32440.415310410248,0.34594548720502305,-34.42157597690041,0.0,341620.8132909247,0.035142127095825385,-3.496558789726808,-0.3180575902585979,34648.546103923494,0.3314000983152765,-32.9743097823706,0.0,327238.786618914,0.03255175086374479,-3.2388992109426638,0.0,32065.91191313483,0.3165786605203808,-31.49957672177845,0.0,312849.3959065846,0.023695333228398313,-2.3514271803338467,-0.6304004491459623,23287.04369613866,0.3165786605203808,-31.49957672177845,0.0,312849.3959065846,0.023695333228398313,-2.3514271803338467,-0.6304004491459623,23287.04369613866,0.3718428148194154,0.007957108271504941,0.33444087560790786,0.011915147758872124,0.35581816262757976,0.026501414067392256,0.3165786605203808,0.023695333228398313,41.74968233946667,110.94662944354366,119.20500143160197,171.598051464321,79.11008246625134,97.04926569477982,47.61059492771327,155.5732535041155,152.97549972920237,40.12912057478407,161.10133511783428,166.88129753434634,161.79035486685288,159.2378411044661,30.860050801716294,3.586718756954819,178.33709280645144,168.97951134849527,174.5817039776686,14.514973110429858,-73.86779242377492,-191.21336960036854,-209.969859136451,-297.86150175133525,-137.47536650197497,-169.25221297890306,-83.32886637688831,-268.57173684747056,-267.4154452887091,-69.70822463238763,-278.8184582120777,-291.61559369233225,-280.1599754720236,-276.251653814991,-53.7999703049477,-6.49022401736533,-308.472224294889,-293.3211391643297,-306.1019303295696,-23.379889290416227,290.66578585242263,-140.73240280102758,312.95136500712096,118.44682364633806,-21.105348242037884,150.67680476815934,385.7993528031813,-272.1925545729691,15.964658295913651,12.596522890766822,-199.64988010732344,329.2594935960381,-129.98529387553387,-13.32405390707355,1.1032114031225861,32.85889999509443,-150.7097811585395,-84.48701637181863,489.4037993143665,-287.06590177909965,221.74968233946666,290.80305289592303,351.59805146432103,259.11008246625136,176.15934816103118,308.5487532333179,332.97549972920234,139.87087942521592,158.76954430738164,171.88824677303523,190.09789190618235,210.86005080171628,176.4132812430452,178.07618843659372,189.09667708809846,194.51497311042985,-386.45626145596486,-507.83136088778633,-610.4499707835253,-450.0638355341649,-306.7275794808781,-535.9871821361797,-580.003914320899,-242.88024439980234,-276.6502552199146,-297.6231305597723,-330.0516241199387,-366.38843933713764,-306.09824501482456,-310.21448975212564,-329.4818196199858,-335.9683583226062,290.6657858524292,431.39818865345904,118.44682364633367,-21.105348242046677,129.57145652612144,-256.2278962770598,15.964658295918047,-12.596522890763525,187.0533572165511,-142.20613637948261,-12.22084250395316,1.1032114031247844,-32.85889999509732,117.85088116344657,202.3378975352696,-287.06590177910124
